frame_number,frame_timestamp,root.position.x,root.position.y,root.position.z,root.rotation.w,root.rotation.x,root.rotation.y,root.rotation.z,hips.position.x,hips.position.y,hips.position.z,hips.rotation.w,hips.rotation.x,hips.rotation.y,hips.rotation.z,left_upper_leg.position.x,left_upper_leg.position.y,left_upper_leg.position.z,left_upper_leg.rotation.w,left_upper_leg.rotation.x,left_upper_leg.rotation.y,left_upper_leg.rotation.z,right_upper_leg.position.x,right_upper_leg.position.y,right_upper_leg.position.z,right_upper_leg.rotation.w,right_upper_leg.rotation.x,right_upper_leg.rotation.y,right_upper_leg.rotation.z,left_lower_leg.position.x,left_lower_leg.position.y,left_lower_leg.position.z,left_lower_leg.rotation.w,left_lower_leg.rotation.x,left_lower_leg.rotation.y,left_lower_leg.rotation.z,right_lower_leg.position.x,right_lower_leg.position.y,right_lower_leg.position.z,right_lower_leg.rotation.w,right_lower_leg.rotation.x,right_lower_leg.rotation.y,right_lower_leg.rotation.z,left_foot.position.x,left_foot.position.y,left_foot.position.z,left_foot.rotation.w,left_foot.rotation.x,left_foot.rotation.y,left_foot.rotation.z,right_foot.position.x,right_foot.position.y,right_foot.position.z,right_foot.rotation.w,right_foot.rotation.x,right_foot.rotation.y,right_foot.rotation.z,spine.position.x,spine.position.y,spine.position.z,spine.rotation.w,spine.rotation.x,spine.rotation.y,spine.rotation.z,upper_spine.position.x,upper_spine.position.y,upper_spine.position.z,upper_spine.rotation.w,upper_spine.rotation.x,upper_spine.rotation.y,upper_spine.rotation.z,neck.position.x,neck.position.y,neck.position.z,neck.rotation.w,neck.rotation.x,neck.rotation.y,neck.rotation.z,head.position.x,head.position.y,head.position.z,head.rotation.w,head.rotation.x,head.rotation.y,head.rotation.z,left_shoulder.position.x,left_shoulder.position.y,left_shoulder.position.z,left_shoulder.rotation.w,left_shoulder.rotation.x,left_shoulder.rotation.y,left_shoulder.rotation.z,right_shoulder.position.x,right_shoulder.position.y,right_shoulder.position.z,right_shoulder.rotation.w,right_shoulder.rotation.x,right_shoulder.rotation.y,right_shoulder.rotation.z,left_upper_arm.position.x,left_upper_arm.position.y,left_upper_arm.position.z,left_upper_arm.rotation.w,left_upper_arm.rotation.x,left_upper_arm.rotation.y,left_upper_arm.rotation.z,right_upper_arm.position.x,right_upper_arm.position.y,right_upper_arm.position.z,right_upper_arm.rotation.w,right_upper_arm.rotation.x,right_upper_arm.rotation.y,right_upper_arm.rotation.z,left_lower_arm.position.x,left_lower_arm.position.y,left_lower_arm.position.z,left_lower_arm.rotation.w,left_lower_arm.rotation.x,left_lower_arm.rotation.y,left_lower_arm.rotation.z,right_lower_arm.position.x,right_lower_arm.position.y,right_lower_arm.position.z,right_lower_arm.rotation.w,right_lower_arm.rotation.x,right_lower_arm.rotation.y,right_lower_arm.rotation.z,left_hand.position.x,left_hand.position.y,left_hand.position.z,left_hand.rotation.w,left_hand.rotation.x,left_hand.rotation.y,left_hand.rotation.z,right_hand.position.x,right_hand.position.y,right_hand.position.z,right_hand.rotation.w,right_hand.rotation.x,right_hand.rotation.y,right_hand.rotation.z,mass_center.x,mass_center.y,mass_center.z,PelvisTilt.angle,PelvisTilt.angular_v,PelvisTilt.angular_acc,PelvisList.angle,PelvisList.angular_v,PelvisList.angular_acc,PelvisRotation.angle,PelvisRotation.angular_v,PelvisRotation.angular_acc,HipFlexExtR.angle,HipFlexExtR.angular_v,HipFlexExtR.angular_acc,HipAddAbdR.angle,HipAddAbdR.angular_v,HipAddAbdR.angular_acc,HipRotR.angle,HipRotR.angular_v,HipRotR.angular_acc,KneeFlexExtR.angle,KneeFlexExtR.angular_v,KneeFlexExtR.angular_acc,AnkleFlexExtR.angle,AnkleFlexExtR.angular_v,AnkleFlexExtR.angular_acc,AnkleProSupR.angle,AnkleProSupR.angular_v,AnkleProSupR.angular_acc,HipFlexExtL.angle,HipFlexExtL.angular_v,HipFlexExtL.angular_acc,HipAddAbdL.angle,HipAddAbdL.angular_v,HipAddAbdL.angular_acc,HipRotL.angle,HipRotL.angular_v,HipRotL.angular_acc,KneeFlexExtL.angle,KneeFlexExtL.angular_v,KneeFlexExtL.angular_acc,AnkleFlexExtL.angle,AnkleFlexExtL.angular_v,AnkleFlexExtL.angular_acc,AnkleProSupL.angle,AnkleProSupL.angular_v,AnkleProSupL.angular_acc,ElbowFlexExtR.angle,ElbowFlexExtR.angular_v,ElbowFlexExtR.angular_acc,ForearmProSupR.angle,ForearmProSupR.angular_v,ForearmProSupR.angular_acc,WristFlexExtR.angle,WristFlexExtR.angular_v,WristFlexExtR.angular_acc,WristDeviationR.angle,WristDeviationR.angular_v,WristDeviationR.angular_acc,ElbowFlexExtL.angle,ElbowFlexExtL.angular_v,ElbowFlexExtL.angular_acc,ForearmProSupL.angle,ForearmProSupL.angular_v,ForearmProSupL.angular_acc,WristFlexExtL.angle,WristFlexExtL.angular_v,WristFlexExtL.angular_acc,WristDeviationL.angle,WristDeviationL.angular_v,WristDeviationL.angular_acc,LumbarLatFlex.angle,LumbarLatFlex.angular_v,LumbarLatFlex.angular_acc,LumbarRot.angle,LumbarRot.angular_v,LumbarRot.angular_acc,LumbarFlexExt.angle,LumbarFlexExt.angular_v,LumbarFlexExt.angular_acc,LowerThoraxLatFlex.angle,LowerThoraxLatFlex.angular_v,LowerThoraxLatFlex.angular_acc,LowerThoraxRot.angle,LowerThoraxRot.angular_v,LowerThoraxRot.angular_acc,LowerThoraxFlexExt.angle,LowerThoraxFlexExt.angular_v,LowerThoraxFlexExt.angular_acc,UpperThoraxLatFlex.angle,UpperThoraxLatFlex.angular_v,UpperThoraxLatFlex.angular_acc,UpperThoraxRot.angle,UpperThoraxRot.angular_v,UpperThoraxRot.angular_acc,UpperThoraxFlexExt.angle,UpperThoraxFlexExt.angular_v,UpperThoraxFlexExt.angular_acc,ScapulaDeprElevR.angle,ScapulaDeprElevR.angular_v,ScapulaDeprElevR.angular_acc,ScapulaProtrRetrR.angle,ScapulaProtrRetrR.angular_v,ScapulaProtrRetrR.angular_acc,ScapulaDeprElevL.angle,ScapulaDeprElevL.angular_v,ScapulaDeprElevL.angular_acc,ScapulaProtrRetrL.angle,ScapulaProtrRetrL.angular_v,ScapulaProtrRetrL.angular_acc,ShoulderAddAbdR.angle,ShoulderAddAbdR.angular_v,ShoulderAddAbdR.angular_acc,ShoulderRotR.angle,ShoulderRotR.angular_v,ShoulderRotR.angular_acc,ShoulderFlexExtR.angle,ShoulderFlexExtR.angular_v,ShoulderFlexExtR.angular_acc,ShoulderAddAbdL.angle,ShoulderAddAbdL.angular_v,ShoulderAddAbdL.angular_acc,ShoulderRotL.angle,ShoulderRotL.angular_v,ShoulderRotL.angular_acc,ShoulderFlexExtL.angle,ShoulderFlexExtL.angular_v,ShoulderFlexExtL.angular_acc,left_foot.contact,right_foot.contact
0,1,0.013047,0.453724,-0.287586,0.479316,-0.123185,-0.840726,-0.219686,0.013047,0.453724,-0.287586,0.479316,-0.123185,-0.840726,-0.219686,-0.016846,0.357491,-0.215876,0.270213,-0.421880,-0.578348,-0.643829,0.061985,0.358027,-0.348774,0.348797,-0.321039,-0.597181,-0.647032,-0.361981,0.427962,-0.431609,0.415155,0.188824,-0.838920,0.296993,-0.285052,0.371547,-0.573896,0.507625,0.120518,-0.794114,0.311729,-0.129009,0.126168,-0.286182,0.367063,0.085096,-0.916462,0.134615,-0.073190,0.060064,-0.417061,0.598001,0.080381,-0.797071,0.024710,0.122801,0.475795,-0.222395,0.481834,0.003088,-0.876045,0.019285,0.073520,0.642517,-0.257134,0.374075,0.260593,-0.757277,0.467644,-0.015826,0.693733,-0.318731,0.374075,0.260593,-0.757277,0.467644,-0.127509,0.757753,-0.395728,0.374075,0.260593,-0.757277,0.467644,-0.003914,0.686904,-0.310518,0.401233,0.387966,-0.732802,0.389223,-0.003914,0.686904,-0.310518,0.334252,0.113047,-0.773383,0.526664,-0.195942,0.722944,-0.240591,0.234854,-0.102096,-0.964234,-0.068361,0.003696,0.714456,-0.511529,0.658958,0.063486,-0.740952,-0.112846,-0.284695,0.440361,-0.294728,0.434594,0.037784,-0.879582,-0.189830,-0.049964,0.428842,-0.591901,0.519951,-0.167557,-0.836783,-0.037005,-0.323981,0.224253,-0.382120,0.434697,0.005148,-0.853529,-0.287228,-0.133302,0.207975,-0.579391,0.493782,-0.266844,-0.820772,-0.106334,0.000000,0.000000,0.000000,16.056778,0.163608,18.178682,-24.691147,-0.322130,-35.792221,-124.159607,-0.104268,-11.585377,63.307507,-0.192006,-21.334047,-2.653881,0.107076,11.897382,3.815071,0.002967,0.329665,131.036102,0.091553,10.172526,30.663170,-0.066969,-7.441014,-17.178331,-0.021193,-2.354751,71.483902,-0.155131,-17.236780,1.065557,0.069499,7.722113,8.194457,0.226233,25.136971,141.563705,0.091553,10.172526,22.807886,-0.065909,-7.323277,-7.109778,-0.070890,-7.876644,20.078808,0.663122,73.680168,63.930687,-0.326792,-36.310265,5.625638,0.065380,7.264408,-13.178758,0.087102,9.678028,15.852324,-0.830544,-92.282707,-60.586380,0.024584,2.731512,1.680853,-0.278804,-30.978228,-12.032865,0.465817,51.757435,-0.004012,-0.311988,-34.665279,-1.963488,-0.003510,-0.390006,31.274107,-0.709534,-78.837074,-0.816361,-0.244187,-27.131887,-2.122432,-0.162522,-18.058001,31.337601,-0.715892,-79.543503,-1.304777,-0.101500,-11.277787,-2.434504,-0.268380,-29.819984,31.326073,-0.713560,-79.284485,-4.455500,-0.246949,-27.438740,5.594367,-0.241492,-26.832392,-5.818729,0.023206,2.578453,5.825784,-0.645691,-71.743385,-16.975796,-0.576655,-64.072784,-9.660296,-1.435280,-159.475525,67.847504,0.979953,108.883705,-9.698514,0.067287,7.476336,-2.879914,-0.012928,-1.436398,72.878006,-0.898573,-99.841461,1,1
1,3,0.013047,0.453775,-0.287586,0.479349,-0.123136,-0.840721,-0.219661,0.013047,0.453775,-0.287586,0.479349,-0.123136,-0.840721,-0.219661,-0.016831,0.357537,-0.215876,0.270203,-0.421870,-0.578484,-0.643717,0.061993,0.358085,-0.348778,0.348936,-0.321001,-0.597155,-0.646999,-0.361979,0.427886,-0.431633,0.415172,0.188694,-0.838940,0.296996,-0.285082,0.371549,-0.573844,0.507657,0.120647,-0.794091,0.311687,-0.129087,0.126053,-0.286158,0.366742,0.083737,-0.916666,0.134950,-0.073149,0.060070,-0.417098,0.598061,0.080490,-0.797017,0.024670,0.122801,0.475858,-0.222400,0.481807,0.003104,-0.876060,0.019258,0.073535,0.642589,-0.257132,0.374003,0.260476,-0.757394,0.467577,-0.015783,0.693835,-0.318745,0.374003,0.260476,-0.757394,0.467577,-0.127431,0.757892,-0.395761,0.374003,0.260476,-0.757394,0.467577,-0.003874,0.687002,-0.310530,0.401230,0.387904,-0.732874,0.389153,-0.003874,0.687002,-0.310530,0.334212,0.113077,-0.773485,0.526533,-0.195878,0.723079,-0.240586,0.235040,-0.102231,-0.964172,-0.068397,0.003744,0.714723,-0.511544,0.658960,0.064052,-0.740779,-0.113645,-0.284715,0.440501,-0.294714,0.434594,0.037965,-0.879606,-0.189683,-0.049981,0.429247,-0.592461,0.519826,-0.167764,-0.836817,-0.037058,-0.323897,0.224366,-0.382086,0.434732,0.005225,-0.853598,-0.286968,-0.133410,0.208416,-0.579934,0.493746,-0.266938,-0.820815,-0.105933,0.000000,0.000000,0.000000,16.055647,-0.226212,-77.963936,-24.685328,1.163864,297.198822,-124.154755,0.970459,214.945480,63.304985,-0.504303,-62.459312,-2.647174,1.341391,246.862839,3.822708,1.527309,304.868469,131.029922,-1.235962,-265.502930,30.664196,0.205231,54.439964,-17.178627,-0.059128,-7.587008,71.471519,-2.476501,-464.274078,1.070903,1.069188,199.937820,8.208025,2.713585,497.470398,141.537445,-5.252075,-1068.725586,22.843012,7.025146,1418.211182,-7.255663,-29.176905,-5821.202637,20.121155,8.469391,1561.253784,63.852287,-15.679932,-3070.627686,5.643436,3.559780,698.880066,-13.126068,10.537910,2090.161621,15.836543,-3.156090,-465.109070,-60.601295,-2.983093,-601.535339,1.664184,-3.333783,-610.995728,-12.025620,1.449013,196.639175,-0.006009,-0.399389,-17.480391,-1.969382,-1.178718,-235.041534,31.266989,-1.423645,-142.822266,-0.814800,0.312316,111.300682,-2.128478,-1.209164,-209.328339,31.330629,-1.394272,-135.676056,-1.300078,0.939894,208.278763,-2.438875,-0.874186,-121.161148,31.319405,-1.333618,-124.011559,-4.472546,-3.409290,-632.468323,5.585539,-1.765537,-304.809143,-5.808142,2.117443,418.847412,5.818616,-1.433468,-157.555466,-17.002686,-5.377960,-960.261047,-9.704415,-8.823776,-1477.699341,67.876541,5.807495,965.508423,-9.688311,2.040672,394.677063,-2.887854,-1.588011,-315.016663,72.875084,-0.584412,62.832306,1,1
2,8,0.013047,0.453831,-0.287586,0.479292,-0.123153,-0.840782,-0.219543,0.013047,0.453831,-0.287586,0.479292,-0.123153,-0.840782,-0.219543,-0.016832,0.357609,-0.215855,0.270151,-0.421846,-0.578579,-0.643669,0.062008,0.358128,-0.348747,0.348870,-0.320991,-0.597272,-0.646931,-0.361963,0.427890,-0.431661,0.415139,0.188661,-0.838925,0.297104,-0.285039,0.371516,-0.573863,0.507614,0.120577,-0.794080,0.311811,-0.129068,0.126101,-0.286101,0.366702,0.083721,-0.916669,0.135047,-0.073112,0.060087,-0.417007,0.598018,0.080424,-0.797052,0.024794,0.122792,0.475938,-0.222393,0.481732,0.003093,-0.876098,0.019422,0.073504,0.642647,-0.257188,0.373886,0.260445,-0.757318,0.467810,-0.015812,0.693844,-0.318846,0.373886,0.260445,-0.757318,0.467810,-0.127456,0.757841,-0.395917,0.373886,0.260445,-0.757318,0.467810,-0.003903,0.687018,-0.310625,0.401137,0.387855,-0.732812,0.389415,-0.003903,0.687018,-0.310625,0.334068,0.113055,-0.773408,0.526742,-0.195947,0.723067,-0.240767,0.234797,-0.102079,-0.964263,-0.068170,0.003754,0.714667,-0.511650,0.658914,0.064047,-0.740853,-0.113435,-0.284650,0.440433,-0.294817,0.434430,0.038084,-0.879741,-0.189412,-0.049885,0.429153,-0.592483,0.519729,-0.167753,-0.836887,-0.036889,-0.323710,0.224247,-0.382118,0.434586,0.005356,-0.853756,-0.286718,-0.133270,0.208308,-0.579903,0.493641,-0.266911,-0.820905,-0.105793,0.000000,0.000000,0.000000,16.043510,-0.933574,-54.412479,-24.679363,0.458791,-54.236416,-124.160645,-0.453069,-109.502129,63.305824,0.064556,43.758415,-2.647901,-0.055973,-107.489532,3.821424,-0.098760,-125.082291,131.029602,-0.024649,93.177933,30.664385,0.014525,-14.669656,-17.178192,0.033452,7.121521,71.473244,0.132634,200.702744,1.069589,-0.101117,-90.023476,8.206175,-0.142318,-219.684799,141.537018,-0.032865,401.477692,22.844273,0.096981,-532.935791,-7.255083,0.044639,2247.811035,20.123180,0.155816,-639.505798,63.852901,0.047244,1209.782715,5.641823,-0.124088,-283.374451,-13.126992,-0.071085,-816.076538,15.837461,0.070572,248.204742,-60.600525,0.059275,234.028290,1.663955,-0.017625,255.089096,-12.026753,-0.087225,-118.172089,-0.007373,-0.104948,22.649321,-1.971895,-0.193284,75.802582,31.271549,0.350805,136.496185,-0.814797,0.000243,-24.005646,-2.131350,-0.220959,76.015739,31.335228,0.353740,134.462433,-1.298727,0.103877,-64.308968,-2.441311,-0.187379,52.831303,31.324114,0.362250,130.451355,-4.473947,-0.107765,253.963470,5.586285,0.057367,140.223419,-5.811733,-0.276199,-184.126297,5.819011,0.030371,112.602982,-17.004599,-0.147159,402.369324,-9.705616,-0.092360,671.647461,67.878731,0.168434,-433.773956,-9.691345,-0.233430,-174.930969,-2.882767,0.391300,152.254669,72.870819,-0.328064,19.719051,1,1
3,14,0.013047,0.454029,-0.287586,0.479176,-0.123295,-0.841092,-0.218526,0.013047,0.454029,-0.287586,0.479176,-0.123295,-0.841092,-0.218526,-0.016772,0.357929,-0.215667,0.270277,-0.421835,-0.578726,-0.643492,0.062091,0.358242,-0.348546,0.348942,-0.320880,-0.597601,-0.646645,-0.361975,0.428016,-0.431424,0.415202,0.188706,-0.838858,0.297177,-0.284945,0.371275,-0.573708,0.507669,0.120454,-0.794131,0.311639,-0.129020,0.126278,-0.285856,0.366803,0.083752,-0.916666,0.134779,-0.073147,0.059732,-0.416904,0.597997,0.080538,-0.797108,0.023064,0.122763,0.476352,-0.222418,0.481688,0.003082,-0.876114,0.019784,0.073457,0.643087,-0.257201,0.373785,0.260674,-0.757855,0.466893,-0.015840,0.694461,-0.318737,0.373785,0.260674,-0.757855,0.466893,-0.127462,0.758679,-0.395657,0.373785,0.260674,-0.757855,0.466893,-0.003934,0.687611,-0.310532,0.401061,0.387741,-0.733232,0.388816,-0.003934,0.687611,-0.310532,0.334198,0.113188,-0.773946,0.525841,-0.196009,0.723702,-0.240712,0.234248,-0.101552,-0.964466,-0.067970,0.003681,0.715585,-0.511505,0.659012,0.064098,-0.740693,-0.113883,-0.284370,0.440988,-0.294753,0.434565,0.038137,-0.879662,-0.189457,-0.050121,0.430147,-0.592533,0.519772,-0.167979,-0.836809,-0.037042,-0.323431,0.224811,-0.382074,0.434744,0.005054,-0.853559,-0.287070,-0.133628,0.209349,-0.579952,0.493706,-0.266850,-0.820851,-0.106063,0.000000,0.000000,0.000000,15.927273,-16.605377,-2238.829102,-24.634615,6.392615,847.689270,-124.158257,0.341143,113.458801,63.354961,7.019588,993.575867,-2.641005,0.985146,148.731277,3.884925,9.071589,1310.049927,130.953323,-10.896955,-1553.186646,30.790789,18.057688,2577.594971,-17.276863,-14.095851,-2018.471802,71.543243,9.999956,1409.617432,1.034635,-4.993388,-698.895813,8.136944,-9.890147,-1392.546997,141.519577,-2.491542,-351.239594,22.881018,5.249296,736.044861,-7.242797,1.755101,244.351700,20.138756,2.225058,295.606110,63.819336,-4.795074,-691.759705,5.605319,-5.214896,-727.258301,-13.121187,0.829288,128.624771,15.868648,4.455294,626.388855,-60.535275,9.321486,1323.172974,1.645429,-2.646582,-375.565399,-12.078071,-7.331031,-1034.829468,-0.050980,-6.229520,-874.938782,-1.941174,4.388605,654.555542,31.210337,-8.744649,-1299.350586,-0.866232,-7.347967,-1049.744263,-2.127504,0.549453,110.058815,31.272081,-9.020942,-1339.240234,-1.342690,-6.280422,-912.042786,-2.464980,-3.381320,-456.277405,31.259668,-9.206499,-1366.963989,-4.472514,0.204699,44.637798,5.595797,1.358782,185.916351,-5.846405,-4.953180,-668.140137,5.770354,-6.950992,-997.337463,-16.994678,1.417160,223.474197,-9.665474,5.734580,832.419922,67.855522,-3.315517,-497.707245,-9.715932,-3.512383,-468.421783,-2.824873,8.270502,1125.600342,72.747009,-17.687117,-2479.864746,1,1
4,23,0.013047,0.453717,-0.287586,0.479182,-0.123514,-0.841101,-0.218354,0.013047,0.453717,-0.287586,0.479182,-0.123514,-0.841101,-0.218354,-0.016781,0.357660,-0.215614,0.270210,-0.421903,-0.578455,-0.643719,0.062064,0.357889,-0.348505,0.348847,-0.321004,-0.597253,-0.646955,-0.361938,0.428031,-0.431346,0.415195,0.188769,-0.838887,0.297064,-0.284980,0.371312,-0.573624,0.507660,0.120502,-0.794134,0.311627,-0.128975,0.126256,-0.285868,0.366742,0.083763,-0.916669,0.134919,-0.073159,0.059773,-0.416846,0.597996,0.080512,-0.797106,0.023271,0.122776,0.476051,-0.222444,0.481763,0.002877,-0.876072,0.019860,0.073520,0.642798,-0.257259,0.373977,0.260549,-0.757877,0.466774,-0.015767,0.694215,-0.318775,0.373977,0.260549,-0.757877,0.466774,-0.127375,0.758486,-0.395670,0.373977,0.260549,-0.757877,0.466774,-0.003862,0.687360,-0.310573,0.401299,0.387545,-0.733248,0.388736,-0.003862,0.687360,-0.310573,0.334234,0.113244,-0.774015,0.525703,-0.195907,0.723551,-0.240722,0.234277,-0.101600,-0.964474,-0.067696,0.003731,0.715396,-0.511539,0.659042,0.064378,-0.740691,-0.113562,-0.284264,0.440821,-0.294603,0.434577,0.038035,-0.879637,-0.189567,-0.049844,0.429922,-0.592520,0.520011,-0.168140,-0.836637,-0.036830,-0.323391,0.224664,-0.381946,0.434727,0.005170,-0.853565,-0.287075,-0.133362,0.209136,-0.579788,0.493596,-0.268424,-0.820433,-0.105831,0.000000,0.000000,0.000000,15.896382,-3.432274,1463.678223,-24.647718,-1.455943,-872.062012,-124.153267,0.554403,23.695524,63.416512,6.838904,-20.075956,-2.642008,-0.111447,-121.843666,3.928040,4.790545,-475.671539,131.009827,6.278144,1908.344238,30.776068,-1.635657,-2188.149414,-17.258965,1.988729,1787.175415,71.589478,5.137125,-540.314514,1.036998,0.262539,583.991821,8.094688,-4.695045,577.233643,141.553146,3.729926,691.274231,22.856705,-2.701442,-883.415222,-7.259669,-1.874712,-403.312592,20.196945,6.465488,471.158844,63.838200,2.095964,765.671021,5.743986,15.407457,2291.372559,-13.214211,-10.336028,-1240.590576,15.909911,4.584842,14.394230,-60.531006,0.474294,-983.021240,1.662534,1.900580,505.240295,-12.055789,2.475739,1089.641113,-0.054982,-0.444634,642.765015,-1.937257,0.435273,-439.259094,31.200907,-1.047770,855.208740,-0.871414,-0.575715,752.472412,-2.126206,0.144190,-45.029160,31.262442,-1.071082,883.317688,-1.347489,-0.533223,638.577698,-2.466601,-0.180138,355.686890,31.249865,-1.089308,901.910156,-4.478755,-0.693480,-99.797729,5.566267,-3.281064,-515.538330,-5.850339,-0.437101,501.786560,5.757534,-1.424471,614.057800,-16.989223,0.606113,-90.116333,-9.648325,1.905441,-425.459839,67.801239,-6.031460,-301.771484,-9.717202,-0.141144,374.582092,-2.809733,1.682308,-732.021545,72.714165,-3.649394,1559.746948,1,1
5,32,0.013047,0.453683,-0.287586,0.479088,-0.123614,-0.841144,-0.218336,0.013047,0.453683,-0.287586,0.479088,-0.123614,-0.841144,-0.218336,-0.016809,0.357643,-0.215603,0.269537,-0.421793,-0.578043,-0.644443,0.062056,0.357836,-0.348481,0.348866,-0.321071,-0.597234,-0.646929,-0.361575,0.428698,-0.431721,0.414736,0.188587,-0.839160,0.297051,-0.285018,0.371265,-0.573553,0.507703,0.120523,-0.794071,0.311709,-0.128816,0.126858,-0.286049,0.366660,0.083804,-0.916703,0.134879,-0.073145,0.059773,-0.416751,0.598078,0.080460,-0.797048,0.023295,0.122771,0.476008,-0.222431,0.481746,0.002777,-0.876081,0.019871,0.073538,0.642761,-0.257257,0.374076,0.260537,-0.757862,0.466726,-0.015752,0.694190,-0.318758,0.374076,0.260537,-0.757862,0.466726,-0.127365,0.758476,-0.395634,0.374076,0.260537,-0.757862,0.466726,-0.003847,0.687332,-0.310558,0.401367,0.387501,-0.733256,0.388694,-0.003847,0.687332,-0.310558,0.334359,0.113205,-0.773983,0.525680,-0.195892,0.723542,-0.240704,0.234205,-0.101546,-0.964499,-0.067664,0.003712,0.715337,-0.511526,0.659120,0.064169,-0.740648,-0.113507,-0.284209,0.440806,-0.294583,0.434501,0.038023,-0.879664,-0.189615,-0.049926,0.429851,-0.592419,0.519715,-0.168185,-0.836806,-0.036965,-0.323344,0.224658,-0.381946,0.434656,0.005130,-0.853603,-0.287071,-0.133493,0.209080,-0.579762,0.492995,-0.268893,-0.820479,-0.107079,0.000000,0.000000,0.000000,15.891895,-0.448704,298.356995,-24.655277,-0.755882,70.006050,-124.165497,-1.222992,-177.739456,63.414169,-0.234222,-707.312683,-2.624967,1.704121,181.556808,3.937337,0.929713,-386.083130,131.020966,1.113892,-516.425232,30.785496,0.942802,257.845978,-17.260853,-0.188828,-217.755646,71.683777,9.429932,429.280609,1.099953,6.295538,603.299927,8.069966,-2.472210,222.283447,141.638931,8.578491,484.856506,22.843248,-1.345634,135.580704,-7.219556,4.011345,588.605713,20.190788,-0.615692,-708.118042,63.798809,-3.939056,-603.502075,5.723972,-2.001381,-1740.883789,-13.351907,-13.769531,-343.350311,15.919189,0.927830,-365.701233,-60.532795,-0.178909,-65.320335,1.656021,-0.651312,-255.189178,-12.051979,0.380993,-209.474564,-0.054653,0.032865,47.749935,-1.930331,0.692594,25.732121,31.200117,-0.078964,96.880592,-0.874695,-0.328106,24.760897,-2.120114,0.609231,46.504074,31.261438,-0.100327,97.075569,-1.353426,-0.593686,-6.046295,-2.463106,0.349498,52.963631,31.248522,-0.134277,95.503067,-4.477020,0.173521,86.700119,5.570454,0.418663,369.972656,-5.855346,-0.500679,-6.357828,5.758289,0.075531,150.000259,-16.986082,0.314140,-29.197269,-9.639375,0.895023,-101.041794,67.798698,-0.254059,577.740112,-9.721105,-0.390244,-24.909973,-2.799661,1.007128,-67.518021,72.705559,-0.860596,278.879822,1,1
6,42,0.013047,0.453674,-0.287586,0.479109,-0.123624,-0.841150,-0.218261,0.013047,0.453674,-0.287586,0.479109,-0.123624,-0.841150,-0.218261,-0.016799,0.357641,-0.215588,0.269542,-0.421868,-0.577950,-0.644475,0.062059,0.357822,-0.348471,0.348834,-0.320998,-0.597238,-0.646979,-0.361579,0.428780,-0.431654,0.414793,0.188652,-0.839113,0.297063,-0.284978,0.371266,-0.573600,0.507629,0.120522,-0.794128,0.311686,-0.128764,0.126967,-0.286016,0.366818,0.083783,-0.916652,0.134808,-0.073128,0.059761,-0.416791,0.597970,0.080488,-0.797128,0.023232,0.122773,0.476014,-0.222440,0.481737,0.002679,-0.876086,0.019900,0.073585,0.642778,-0.257296,0.374163,0.260256,-0.757925,0.466710,-0.015666,0.694246,-0.318821,0.374163,0.260256,-0.757925,0.466710,-0.127230,0.758580,-0.395727,0.374163,0.260256,-0.757925,0.466710,-0.003766,0.687383,-0.310617,0.401459,0.387285,-0.733349,0.388639,-0.003766,0.687383,-0.310617,0.334490,0.113005,-0.773985,0.525637,-0.195791,0.723665,-0.240774,0.234234,-0.101563,-0.964489,-0.067677,0.003786,0.715383,-0.511600,0.659215,0.064044,-0.740544,-0.113706,-0.284123,0.440928,-0.294652,0.434594,0.038112,-0.879616,-0.189609,-0.049994,0.429929,-0.592519,0.520042,-0.167710,-0.836682,-0.037319,-0.323229,0.224780,-0.382025,0.434753,0.005279,-0.853571,-0.287016,-0.133464,0.209108,-0.580085,0.493672,-0.266786,-0.820649,-0.107929,0.000000,0.000000,0.000000,15.882455,-1.048936,-66.692444,-24.652525,0.305812,117.965981,-124.161232,0.473870,188.540222,63.423626,1.050737,142.773285,-2.637181,-1.357131,-340.139130,3.947203,1.096169,18.495096,131.020615,-0.038995,-128.098465,30.788479,0.331455,-67.927513,-17.259762,0.121223,34.450016,71.703209,2.159119,-807.868103,1.094771,-0.575781,-763.479858,8.065310,-0.517421,217.198746,141.656845,1.990424,-732.007446,22.856253,1.444923,310.061890,-7.218244,0.145753,-429.510193,20.127287,-7.055707,-715.557129,63.845337,5.169763,1012.091064,5.525990,-21.998035,-2221.850586,-13.294625,6.364611,2237.126953,15.919419,0.025537,-100.254723,-60.521385,1.267751,160.740051,1.660910,0.543157,132.718811,-12.043387,0.954628,63.737236,-0.050624,0.447657,46.088005,-1.937432,-0.788954,-164.616394,31.190231,-1.098421,-113.272957,-0.867284,0.823451,127.950790,-2.124078,-0.440439,-116.629967,31.251894,-1.060486,-106.684364,-1.344727,0.966549,173.359436,-2.462688,0.046439,-33.673241,31.239349,-1.019160,-98.320282,-4.488417,-1.266268,-159.976501,5.569037,-0.157356,-64.002144,-5.847767,0.842094,149.197052,5.760652,0.262472,20.771263,-16.997751,-1.296573,-178.968170,-9.641372,-0.221888,-124.101280,67.799538,0.093248,38.589668,-9.712339,0.973913,151.572998,-2.788410,1.250108,26.997818,72.697205,-0.928243,-7.516364,1,1
7,52,0.013047,0.453702,-0.287586,0.478960,-0.123517,-0.841283,-0.218136,0.013047,0.453702,-0.287586,0.478960,-0.123517,-0.841283,-0.218136,-0.016802,0.357676,-0.215581,0.269293,-0.421594,-0.578387,-0.644367,0.062109,0.357851,-0.348432,0.348694,-0.320618,-0.597332,-0.647156,-0.361442,0.428508,-0.431971,0.414477,0.188507,-0.839154,0.297482,-0.284743,0.371284,-0.573848,0.507272,0.120512,-0.794394,0.311592,-0.128662,0.126858,-0.285940,0.366567,0.083715,-0.916722,0.135064,-0.073008,0.059728,-0.416987,0.597106,0.080787,-0.797753,0.022974,0.122741,0.476085,-0.222401,0.481588,0.002761,-0.876165,0.020002,0.073524,0.642838,-0.257277,0.374019,0.260307,-0.757967,0.466729,-0.015725,0.694295,-0.318815,0.374019,0.260307,-0.757967,0.466729,-0.127286,0.758617,-0.395736,0.374019,0.260307,-0.757967,0.466729,-0.003825,0.687434,-0.310610,0.401300,0.387305,-0.733392,0.388702,-0.003825,0.687434,-0.310610,0.334327,0.112952,-0.774045,0.525664,-0.195880,0.723711,-0.240823,0.234046,-0.101735,-0.964511,-0.067751,0.003807,0.715399,-0.511579,0.659019,0.063915,-0.740770,-0.113435,-0.284301,0.441030,-0.294749,0.434184,0.037727,-0.879775,-0.189887,-0.049896,0.429879,-0.592357,0.519625,-0.167998,-0.836906,-0.036806,-0.323582,0.224935,-0.382176,0.434322,0.004642,-0.853643,-0.287466,-0.133354,0.209067,-0.579694,0.493208,-0.267205,-0.820885,-0.107218,0.000000,0.000000,0.000000,15.878875,-0.325463,65.770248,-24.631603,1.901973,145.105621,-124.180466,-1.748518,-202.035339,63.441200,1.597665,49.720676,-2.661707,-2.229647,-79.319611,3.969594,2.035596,85.402458,131.008850,-1.069502,-93.682518,30.786205,-0.206687,-48.922001,-17.239470,1.844753,156.684570,71.679108,-2.191023,-395.467468,1.121058,2.389713,269.590332,8.083277,1.633384,195.527740,141.647415,-0.857266,-258.880981,22.871168,1.355951,-8.088285,-7.208042,0.927492,71.067131,20.137308,0.911019,724.247803,63.820591,-2.249631,-674.490295,5.558061,2.915512,2264.867920,-13.281348,1.207005,-468.873230,15.933727,1.300725,115.926170,-60.550518,-2.648440,-356.017426,1.638585,-2.029560,-233.883392,-12.076372,-2.998612,-359.385468,-0.052954,-0.211807,-59.951248,-1.932211,0.474572,114.865974,31.186050,-0.380083,65.303474,-0.871860,-0.416008,-112.678108,-2.120809,0.297156,67.054077,31.247498,-0.399676,60.073605,-1.350199,-0.497439,-133.089783,-2.462288,0.036370,-0.915361,31.234715,-0.421351,54.346298,-4.477406,1.001011,206.116226,5.573287,0.386368,49.429493,-5.853621,-0.532150,-124.931328,5.760048,-0.054836,-28.846239,-16.983772,1.270814,233.398880,-9.626760,1.328295,140.925735,67.791267,-0.751842,-76.826385,-9.719839,-0.681790,-150.518524,-2.802517,-1.282410,-230.228943,72.710762,1.232494,196.430649,1,1
8,62,0.013047,0.453702,-0.287586,0.478960,-0.123517,-0.841283,-0.218136,0.013047,0.453702,-0.287586,0.478960,-0.123517,-0.841283,-0.218136,-0.016802,0.357676,-0.215581,0.269293,-0.421594,-0.578387,-0.644367,0.062109,0.357851,-0.348432,0.348694,-0.320618,-0.597332,-0.647156,-0.361442,0.428508,-0.431971,0.414477,0.188507,-0.839154,0.297482,-0.284743,0.371284,-0.573848,0.507272,0.120512,-0.794394,0.311592,-0.128662,0.126858,-0.285940,0.366567,0.083715,-0.916722,0.135064,-0.073008,0.059728,-0.416987,0.597106,0.080787,-0.797753,0.022974,0.122741,0.476085,-0.222401,0.481588,0.002761,-0.876165,0.020002,0.073524,0.642838,-0.257277,0.374019,0.260307,-0.757967,0.466729,-0.015725,0.694295,-0.318815,0.374019,0.260307,-0.757967,0.466729,-0.127286,0.758617,-0.395736,0.374019,0.260307,-0.757967,0.466729,-0.003825,0.687434,-0.310610,0.401300,0.387305,-0.733392,0.388702,-0.003825,0.687434,-0.310610,0.334327,0.112952,-0.774045,0.525664,-0.195880,0.723711,-0.240823,0.234046,-0.101735,-0.964511,-0.067751,0.003807,0.715399,-0.511579,0.659019,0.063915,-0.740770,-0.113435,-0.284301,0.441030,-0.294749,0.434184,0.037727,-0.879775,-0.189887,-0.049896,0.429879,-0.592357,0.519625,-0.167998,-0.836906,-0.036806,-0.323582,0.224935,-0.382176,0.434322,0.004642,-0.853643,-0.287466,-0.133354,0.209067,-0.579694,0.493208,-0.267205,-0.820885,-0.107218,0.000000,0.000000,0.000000,15.878875,0.000000,36.162556,-24.631603,0.000000,-211.330383,-124.180466,0.000000,194.279831,63.441200,0.000000,-177.518280,-2.661707,0.000000,247.738586,3.969594,0.000000,-226.177353,131.008850,0.000000,118.833588,30.786205,0.000000,22.965248,-17.239470,0.000000,-204.972549,71.679108,0.000000,243.447052,1.121058,0.000000,-265.523651,8.083277,0.000000,-181.487122,141.647415,0.000000,95.251831,22.871168,0.000000,-150.661270,-7.208042,0.000000,-103.054619,20.137308,0.000000,-101.224342,63.820591,0.000000,249.958984,5.558061,0.000000,-323.945801,-13.281348,0.000000,-134.111649,15.933727,0.000000,-144.525009,-60.550518,0.000000,294.271149,1.638585,0.000000,225.506653,-12.076372,0.000000,333.179108,-0.052954,0.000000,23.534088,-1.932211,0.000000,-52.730240,31.186050,0.000000,42.231400,-0.871860,0.000000,46.223099,-2.120809,0.000000,-33.017361,31.247498,0.000000,44.408470,-1.350199,0.000000,55.270966,-2.462288,0.000000,-4.041075,31.234715,0.000000,46.816738,-4.477406,0.000000,-111.223473,5.573287,0.000000,-42.929794,-5.853621,0.000000,59.127808,5.760048,0.000000,6.092919,-16.983772,0.000000,-141.201599,-9.626760,0.000000,-147.588318,67.791267,0.000000,83.538017,-9.719839,0.000000,75.754486,-2.802517,0.000000,142.490021,72.710762,0.000000,-136.943787,1,1
9,80,0.013047,0.453617,-0.287586,0.479149,-0.123498,-0.841237,-0.217908,0.013047,0.453617,-0.287586,0.479149,-0.123498,-0.841237,-0.217908,-0.016742,0.357603,-0.215540,0.269274,-0.421499,-0.578702,-0.644153,0.062114,0.357763,-0.348424,0.348953,-0.320887,-0.597323,-0.646892,-0.361388,0.428146,-0.432022,0.414430,0.188361,-0.839159,0.297623,-0.284929,0.371061,-0.573557,0.507665,0.120544,-0.794197,0.311442,-0.128671,0.126521,-0.285837,0.366738,0.083641,-0.916699,0.134797,-0.073149,0.059433,-0.416898,0.596690,0.080995,-0.798084,0.021512,0.122761,0.476055,-0.222453,0.481753,0.002899,-0.876071,0.020114,0.073472,0.642795,-0.257303,0.374007,0.260607,-0.757944,0.466609,-0.015818,0.694242,-0.318789,0.374007,0.260607,-0.757944,0.466609,-0.127430,0.758550,-0.395648,0.374007,0.260607,-0.757944,0.466609,-0.003913,0.687382,-0.310591,0.401323,0.387532,-0.733302,0.388623,-0.003913,0.687382,-0.310591,0.334319,0.113197,-0.774072,0.525576,-0.195962,0.723579,-0.240737,0.234180,-0.101468,-0.964515,-0.067638,0.003680,0.715428,-0.511545,0.659008,0.064163,-0.740727,-0.113646,-0.284223,0.440849,-0.294637,0.434062,0.037834,-0.879858,-0.189758,-0.049997,0.429956,-0.592510,0.519531,-0.168075,-0.836943,-0.036937,-0.323421,0.224731,-0.382044,0.434242,0.004392,-0.853673,-0.287503,-0.133515,0.209164,-0.579890,0.493106,-0.267480,-0.820867,-0.107134,0.000000,0.000000,0.000000,15.849096,-1.654360,-91.908897,-24.620348,0.625292,34.738472,-124.150085,1.687792,93.766205,63.446430,0.290553,16.141821,-2.637779,1.329382,73.854576,3.963475,-0.339932,-18.885107,130.973145,-1.983643,-110.202362,30.880751,5.252520,291.806671,-17.271166,-1.760907,-97.828156,71.662460,-0.924852,-51.380672,1.153768,1.817193,100.955185,8.088742,0.303639,16.868849,141.610764,-2.036201,-113.122253,22.910002,2.157423,119.856850,-7.173821,1.901150,105.619431,20.165916,1.589351,88.297287,63.789532,-1.725515,-95.861931,5.592017,1.886474,104.804100,-13.272696,0.480705,26.705824,15.933786,0.003285,0.182493,-60.589066,-2.141529,-118.973808,1.608644,-1.663380,-92.410004,-12.112365,-1.999590,-111.088348,-0.063919,-0.609153,-33.841812,-1.927669,0.252353,14.019602,31.180435,-0.311957,-17.330971,-0.883439,-0.643257,-35.736477,-2.122597,-0.099315,-5.517477,31.241486,-0.333998,-18.555441,-1.358987,-0.488255,-27.125265,-2.469856,-0.420425,-23.356926,31.228508,-0.344806,-19.155903,-4.470321,0.393603,21.866810,5.575652,0.131369,7.298258,-5.857988,-0.242657,-13.480951,5.749770,-0.571039,-31.724386,-16.980934,0.157674,8.759675,-9.640625,-0.770251,-42.791721,67.806221,0.830756,46.153126,-9.722723,-0.160217,-8.900960,-2.795873,0.369112,20.506205,72.689980,-1.154582,-64.143425,1,1
10,92,0.013047,0.453626,-0.287586,0.479142,-0.123640,-0.841171,-0.218099,0.013047,0.453626,-0.287586,0.479142,-0.123640,-0.841171,-0.218099,-0.016779,0.357610,-0.215558,0.269201,-0.421482,-0.578597,-0.644290,0.062068,0.357764,-0.348447,0.348851,-0.321073,-0.597075,-0.647083,-0.361372,0.428284,-0.432079,0.414365,0.188371,-0.839202,0.297586,-0.285000,0.371353,-0.573514,0.507635,0.120626,-0.794062,0.311803,-0.128671,0.126644,-0.285901,0.366692,0.083784,-0.916696,0.134852,-0.073041,0.059931,-0.416690,0.597072,0.082197,-0.797631,0.023092,0.122775,0.476001,-0.222455,0.481694,0.002719,-0.876107,0.020019,0.073562,0.642753,-0.257342,0.373921,0.260266,-0.757990,0.466793,-0.015676,0.694200,-0.318904,0.373921,0.260266,-0.757990,0.466793,-0.127223,0.758510,-0.395855,0.373921,0.260266,-0.757990,0.466793,-0.003777,0.687341,-0.310695,0.401288,0.387334,-0.733361,0.388744,-0.003777,0.687341,-0.310695,0.333800,0.113000,-0.774238,0.525703,-0.195816,0.723588,-0.240888,0.234269,-0.101606,-0.964476,-0.067675,0.004088,0.715397,-0.511620,0.658281,0.064729,-0.741432,-0.112938,-0.284173,0.440859,-0.294759,0.434571,0.038090,-0.879619,-0.189650,-0.049040,0.429874,-0.592532,0.519998,-0.167934,-0.836667,-0.037256,-0.323294,0.224718,-0.382145,0.434730,0.005212,-0.853559,-0.287089,-0.132580,0.209084,-0.580021,0.493714,-0.266462,-0.820732,-0.107909,0.000000,0.000000,0.000000,15.862771,1.139561,232.826782,-24.645658,-2.109210,-227.875183,-124.153687,-0.300090,-165.656754,63.460793,1.196861,75.525711,-2.631831,0.495593,-69.482468,3.964208,0.061015,33.412266,131.059860,7.226308,767.495911,30.695782,-15.414079,-1722.216675,-17.330187,-4.918417,-263.125824,71.653435,-0.752131,14.393414,1.165343,0.964602,-71.049294,8.079066,-0.806332,-92.497581,141.626556,1.316071,279.355927,22.892311,-1.474222,-302.637054,-7.164191,0.802517,-91.552734,20.242178,6.355127,397.147980,63.968735,14.933586,1388.258423,5.469461,-10.212977,-1008.287598,-13.263348,0.778993,24.857344,15.923689,-0.841459,-70.395287,-60.526096,5.247434,615.746887,1.657739,4.091233,479.551056,-12.049272,5.257765,604.779602,-0.061676,0.186905,66.338127,-1.942928,-1.271596,-126.995705,31.188576,0.678380,82.528145,-0.873855,0.798603,120.154961,-2.134507,-0.992537,-74.435165,31.250160,0.722885,88.073586,-1.344887,1.175006,138.605087,-2.475027,-0.430882,-0.871442,31.237907,0.783284,94.007561,-4.458394,0.993927,50.027065,5.523670,-4.331827,-371.932983,-5.840695,1.441121,140.314865,5.755416,0.470559,86.799812,-16.954979,2.162933,167.104935,-9.635246,0.448227,101.539825,67.730850,-6.280899,-592.637939,-9.706594,1.344124,125.361809,-2.803077,-0.600378,-80.790787,72.703957,1.164754,193.278000,1,1
11,96,0.013047,0.453708,-0.287586,0.479196,-0.123582,-0.841163,-0.218047,0.013047,0.453708,-0.287586,0.479196,-0.123582,-0.841163,-0.218047,-0.016757,0.357687,-0.215554,0.269275,-0.421477,-0.578630,-0.644233,0.062079,0.357853,-0.348450,0.348843,-0.321026,-0.597162,-0.647030,-0.361385,0.428299,-0.432041,0.414398,0.188382,-0.839195,0.297553,-0.284970,0.371362,-0.573553,0.507608,0.120598,-0.794080,0.311812,-0.128681,0.126646,-0.285896,0.366763,0.083740,-0.916684,0.134773,-0.073030,0.059939,-0.416704,0.597039,0.082202,-0.797654,0.023131,0.122777,0.476102,-0.222465,0.481811,0.002783,-0.876043,0.019970,0.073547,0.642866,-0.257292,0.374144,0.260443,-0.757998,0.466502,-0.015722,0.694357,-0.318772,0.374144,0.260443,-0.757998,0.466502,-0.127308,0.758720,-0.395621,0.374144,0.260443,-0.757998,0.466502,-0.003819,0.687491,-0.310574,0.401450,0.387395,-0.733375,0.388489,-0.003819,0.687491,-0.310574,0.334345,0.113089,-0.774146,0.525473,-0.195841,0.723752,-0.240694,0.234258,-0.101510,-0.964489,-0.067681,0.003813,0.715565,-0.511518,0.658874,0.064221,-0.740857,-0.113541,-0.284143,0.441005,-0.294582,0.434578,0.038159,-0.879641,-0.189521,-0.049813,0.430111,-0.592448,0.520081,-0.168150,-0.836567,-0.037372,-0.323210,0.224839,-0.381931,0.434752,0.005260,-0.853620,-0.286873,-0.133463,0.209364,-0.579920,0.493816,-0.266446,-0.820652,-0.108082,0.000000,0.000000,0.000000,15.858565,-1.051426,-547.746765,-24.637686,1.993179,1025.597290,-124.145561,2.031326,582.853943,63.458031,-0.690460,-471.830383,-2.642580,-2.687216,-795.702148,3.957140,-1.766920,-456.983826,131.048203,-2.914429,-2535.184326,30.691353,-1.107216,3576.715820,-17.330175,0.002861,1230.319336,71.653038,-0.099182,163.237259,1.164332,-0.252634,-304.309021,8.080983,0.479221,321.388245,141.614594,-2.990723,-1076.698242,22.899714,1.850605,831.206665,-7.164793,-0.150442,-238.239761,20.199724,-10.613441,-4242.142090,63.886032,-20.675659,-8902.311523,5.441570,-6.972909,810.017090,-13.255383,1.991034,303.010162,15.910094,-3.398657,-639.299561,-60.529140,-0.761032,-1502.116577,1.650970,-1.692176,-1445.852173,-12.040670,2.150297,-776.867004,-0.060236,0.359887,43.245571,-1.931505,2.855837,1031.858154,31.178640,-2.483845,-790.556274,-0.878251,-1.098841,-474.361053,-2.123967,2.635121,906.914490,31.239906,-2.563477,-821.590454,-1.353790,-2.225548,-850.138550,-2.468341,1.671374,525.563965,31.227119,-2.696991,-870.068848,-4.467582,-2.297163,-822.772583,5.558737,8.766770,3274.649414,-5.854349,-3.413439,-1213.640015,5.750158,-1.314521,-446.269897,-16.972277,-4.324436,-1621.842407,-9.633778,0.367165,-20.265579,67.777252,11.600494,4470.348145,-9.717991,-2.849340,-1048.366211,-2.786491,4.146636,1186.753296,72.680962,-5.748749,-1728.375732,1,1
12,104,0.013047,0.453638,-0.287586,0.478514,-0.122518,-0.841574,-0.218556,0.013047,0.453638,-0.287586,0.478514,-0.122518,-0.841574,-0.218556,-0.016804,0.357475,-0.215765,0.269252,-0.421388,-0.578629,-0.644301,0.062315,0.357930,-0.348492,0.348820,-0.320929,-0.597195,-0.647061,-0.361392,0.428097,-0.432312,0.414299,0.188393,-0.839247,0.297537,-0.284692,0.371422,-0.573662,0.507543,0.120577,-0.794163,0.311715,-0.128702,0.126440,-0.286153,0.366879,0.083661,-0.916636,0.134830,-0.072815,0.059944,-0.416838,0.597162,0.082133,-0.797567,0.023186,0.122613,0.476054,-0.222197,0.481092,0.003418,-0.876440,0.019770,0.073280,0.642796,-0.256963,0.373791,0.260515,-0.758008,0.466729,-0.015983,0.694227,-0.318501,0.373791,0.260515,-0.758008,0.466729,-0.127563,0.758516,-0.395423,0.373791,0.260515,-0.758008,0.466729,-0.004082,0.687369,-0.310296,0.401199,0.387501,-0.733317,0.388754,-0.004082,0.687369,-0.310296,0.333579,0.113176,-0.774339,0.525657,-0.196136,0.723559,-0.240482,0.234241,-0.101518,-0.964499,-0.067573,0.003843,0.715479,-0.511193,0.658042,0.064984,-0.741654,-0.112723,-0.284431,0.440807,-0.294308,0.434607,0.038038,-0.879622,-0.189566,-0.049087,0.429951,-0.592118,0.520088,-0.168256,-0.836544,-0.037329,-0.323559,0.224649,-0.381648,0.434763,0.005179,-0.853594,-0.286936,-0.132767,0.209218,-0.579546,0.493808,-0.266578,-0.820624,-0.108012,0.000000,0.000000,0.000000,15.991818,16.656637,2213.507812,-24.543264,11.802673,1226.186768,-124.255547,-13.748169,-1972.436890,63.460281,0.281334,121.474266,-2.536258,13.290316,1997.191406,3.849594,-13.443232,-1459.538940,131.033844,-1.794815,139.951706,30.683762,-0.948906,19.788742,-17.331217,-0.130177,-16.629696,71.662056,1.127243,153.303146,1.074319,-11.251598,-1374.870483,8.200931,14.993429,1814.276001,141.615204,0.076294,383.377075,22.895416,-0.537157,-298.470245,-7.163394,0.174761,40.650368,20.315176,14.431477,3130.614746,64.003082,14.631271,4413.366211,5.445724,0.519276,936.523071,-13.254767,0.077009,-239.253052,15.923956,1.732707,641.420471,-60.524277,0.607967,171.124939,1.656363,0.674203,295.797363,-12.040551,0.014901,-266.924500,-0.018608,5.203560,605.459167,-1.920986,1.314893,-192.617996,31.186609,0.996113,434.994690,-0.848296,3.744349,605.398804,-2.093421,3.818184,147.882843,31.248528,1.077652,455.141052,-1.344281,1.188591,426.767395,-2.426654,5.210876,442.437836,31.235174,1.006842,462.979065,-4.444274,2.913475,651.329773,5.517402,-5.166948,-1741.714722,-5.847558,0.848770,532.776123,5.744058,-0.762522,68.999825,-16.938086,4.273891,1074.791016,-9.630990,0.348449,-2.339482,67.717506,-7.468224,-2383.589844,-9.713223,0.595927,430.658447,-2.807476,-2.623081,-846.214600,72.692772,1.476288,903.129578,1,1
13,118,0.013047,0.453614,-0.287586,0.478390,-0.122380,-0.841657,-0.218585,0.013047,0.453614,-0.287586,0.478390,-0.122380,-0.841657,-0.218585,-0.016813,0.357438,-0.215786,0.268892,-0.421515,-0.579026,-0.644012,0.062353,0.357922,-0.348485,0.348847,-0.320956,-0.597134,-0.647088,-0.361341,0.427831,-0.432494,0.414309,0.188328,-0.838964,0.298362,-0.284674,0.371459,-0.573622,0.507597,0.120578,-0.794176,0.311593,-0.128463,0.126566,-0.285826,0.366782,0.083696,-0.916642,0.135031,-0.072831,0.059917,-0.416879,0.597101,0.082225,-0.797608,0.023012,0.122586,0.476042,-0.222156,0.480920,0.003894,-0.876535,0.019706,0.073085,0.642751,-0.256805,0.372970,0.261448,-0.758179,0.466585,-0.016255,0.694098,-0.318303,0.372970,0.261448,-0.758179,0.466585,-0.127929,0.758281,-0.395176,0.372970,0.261448,-0.758179,0.466585,-0.004343,0.687252,-0.310103,0.400484,0.388258,-0.733261,0.388841,-0.004343,0.687252,-0.310103,0.333132,0.113736,-0.774546,0.525514,-0.196492,0.723143,-0.240340,0.234077,-0.101319,-0.964553,-0.067672,0.003569,0.715456,-0.510972,0.658141,0.064972,-0.741572,-0.112694,-0.284672,0.440405,-0.294285,0.434064,0.037802,-0.879846,-0.189816,-0.049356,0.429918,-0.591880,0.519947,-0.168274,-0.836632,-0.037235,-0.323894,0.224298,-0.381708,0.434241,0.004380,-0.853673,-0.287503,-0.133021,0.209180,-0.579282,0.493665,-0.266532,-0.820730,-0.107974,0.000000,0.000000,0.000000,16.006100,1.020091,-1116.896118,-24.528208,1.075472,-766.228638,-124.274101,-1.325335,887.345276,63.470997,0.765392,34.575558,-2.510989,1.804931,-820.384644,3.841577,-0.572681,919.325012,131.026306,-0.538417,89.742691,30.680626,-0.223977,51.780621,-17.333843,-0.187601,-4.101772,71.635986,-1.862117,-213.525742,1.080498,0.441296,835.206665,8.275271,5.310059,-691.669312,141.666595,3.670829,256.752472,22.963205,4.842077,384.230988,-7.144778,1.329763,82.500122,20.316610,0.102452,-1023.501770,63.969688,-2.385276,-1215.467651,5.438243,-0.534364,-75.259995,-13.255289,-0.037261,-8.162188,15.935336,0.812871,-65.702568,-60.582573,-4.164014,-340.855865,1.607717,-3.474764,-296.354767,-12.105316,-4.626070,-331.497894,-0.055071,-2.604530,-557.720764,-1.902202,1.341709,1.915412,31.202957,1.167706,12.256665,-0.889695,-2.957059,-478.671936,-2.096278,-0.204086,-287.305023,31.263405,1.062666,-1.070448,-1.378677,-2.456869,-260.390045,-2.450505,-1.703671,-493.896240,31.249153,0.998497,-0.596046,-4.431625,0.903504,-143.569336,5.573821,4.029955,656.921692,-5.863346,-1.127686,-141.175430,5.716387,-1.976524,-86.714424,-16.932396,0.406401,-276.249298,-9.606428,1.754420,100.426529,67.770058,3.753662,801.563293,-9.732280,-1.361166,-139.792358,-2.851201,-3.123266,-35.727516,72.698318,0.396184,-77.150314,1,1
14,123,0.013047,0.453998,-0.287586,0.478374,-0.122176,-0.841732,-0.218448,0.013047,0.453998,-0.287586,0.478374,-0.122176,-0.841732,-0.218448,-0.016777,0.357812,-0.215784,0.269548,-0.421766,-0.579259,-0.643364,0.062409,0.358325,-0.348471,0.348809,-0.320218,-0.597662,-0.646988,-0.361711,0.427696,-0.432020,0.414860,0.188643,-0.838595,0.298434,-0.284343,0.371368,-0.574066,0.506996,0.120673,-0.794480,0.311760,-0.128508,0.126566,-0.285590,0.367151,0.083731,-0.916526,0.134795,-0.072502,0.059931,-0.417111,0.596788,0.082248,-0.797839,0.023090,0.122565,0.476483,-0.222141,0.480843,0.003959,-0.876575,0.019764,0.073068,0.643198,-0.256802,0.372996,0.261243,-0.758281,0.466515,-0.016237,0.694586,-0.318315,0.372996,0.261243,-0.758281,0.466515,-0.127868,0.758821,-0.395207,0.372996,0.261243,-0.758281,0.466515,-0.004330,0.687734,-0.310114,0.400171,0.388070,-0.733588,0.388734,-0.004330,0.687734,-0.310114,0.333232,0.113567,-0.774591,0.525422,-0.196565,0.723669,-0.240531,0.233250,-0.101593,-0.964670,-0.068442,0.003579,0.715945,-0.510991,0.658230,0.064802,-0.741486,-0.112839,-0.284942,0.441043,-0.294917,0.433987,0.037853,-0.879863,-0.189903,-0.049482,0.430418,-0.591888,0.519978,-0.168281,-0.836611,-0.037228,-0.324154,0.224953,-0.382388,0.434182,0.004345,-0.853713,-0.287475,-0.133147,0.209681,-0.579281,0.493737,-0.266390,-0.820739,-0.107924,0.000000,0.000000,0.000000,16.002310,-0.757980,-355.614258,-24.499083,5.825043,949.914185,-124.275017,-0.183105,228.445877,63.427155,-8.768463,-1906.770874,-2.576269,-13.056088,-2972.203857,3.854795,2.643585,643.253296,130.981277,-9.005737,-1693.464111,30.708342,5.543137,1153.422729,-17.333429,0.082779,54.076057,71.589149,-9.367371,-1501.050659,0.988764,-18.346630,-3757.585205,8.302099,5.365562,11.100769,141.621399,-9.039307,-2542.027100,23.014238,10.206604,1072.905518,-7.167137,-4.471779,-1160.308350,20.293266,-4.668808,-954.251953,63.962578,-1.422119,192.631287,5.425540,-2.540588,-401.244812,-13.241354,2.787018,564.855835,15.864963,-14.074707,-2977.515625,-60.497200,17.074585,4247.719727,1.591991,-3.145194,65.913918,-12.097602,1.542854,1233.784790,-0.048611,1.292072,779.320312,-1.906715,-0.902748,-448.891449,31.186630,-3.265381,-886.617371,-0.881365,1.665878,924.587402,-2.096762,-0.096798,21.457672,31.247398,-3.201294,-852.791992,-1.370802,1.574969,806.367676,-2.446676,0.765848,493.903809,31.233400,-3.150558,-829.811157,-4.440268,-1.728439,-526.388733,5.577015,0.638771,-678.236877,-5.884195,-4.169846,-608.432007,5.754580,7.638550,1923.014893,-16.940260,-1.572800,-395.840240,-9.600447,1.196289,-111.626221,67.769691,-0.073242,-765.380859,-9.755703,-4.684639,-664.694641,-2.850123,0.215578,667.768921,72.752411,10.818481,2084.459473,1,1
15,133,0.013047,0.453994,-0.287586,0.478342,-0.122314,-0.841635,-0.218814,0.013047,0.453994,-0.287586,0.478342,-0.122314,-0.841635,-0.218814,-0.016836,0.357789,-0.215834,0.269755,-0.421936,-0.578574,-0.643782,0.062349,0.358322,-0.348521,0.348749,-0.320365,-0.597635,-0.646972,-0.361816,0.428225,-0.431799,0.414974,0.189243,-0.838467,0.298257,-0.284434,0.371427,-0.574066,0.507118,0.120543,-0.794454,0.311679,-0.128255,0.127192,-0.285742,0.366842,0.085388,-0.916320,0.135994,-0.072679,0.059923,-0.417129,0.597036,0.082030,-0.797674,0.023158,0.122579,0.476377,-0.222130,0.480840,0.003800,-0.876582,0.019553,0.073152,0.643107,-0.256784,0.373064,0.261072,-0.758232,0.466636,-0.016137,0.694490,-0.318325,0.373064,0.261072,-0.758232,0.466636,-0.127748,0.758717,-0.395251,0.373064,0.261072,-0.758232,0.466636,-0.004231,0.687639,-0.310119,0.400189,0.387946,-0.733604,0.388809,-0.004231,0.687639,-0.310119,0.333261,0.113074,-0.774504,0.525638,-0.196473,0.723609,-0.240574,0.233147,-0.101675,-0.964682,-0.068502,0.003839,0.715628,-0.510984,0.657752,0.063956,-0.742009,-0.112667,-0.284904,0.440965,-0.294961,0.434518,0.038147,-0.879666,-0.189543,-0.049479,0.430050,-0.591522,0.519907,-0.168483,-0.836614,-0.037241,-0.323975,0.224804,-0.382320,0.434700,0.005175,-0.853653,-0.286854,-0.133225,0.209346,-0.578878,0.493746,-0.266148,-0.820813,-0.107911,0.000000,0.000000,0.000000,16.036346,3.403664,416.164398,-24.533422,-3.433990,-925.903320,-124.285263,-1.024628,-84.152222,63.389446,-3.770828,499.763489,-2.569037,0.723195,1377.928345,3.833319,-2.147579,-479.116455,130.974136,-0.714111,829.162598,30.699268,-0.907326,-645.046265,-17.334339,-0.090981,-17.375946,71.622620,3.347015,1271.438599,0.954846,-3.391886,1495.474365,8.265382,-3.671741,-903.730347,141.722778,10.137939,1917.724609,22.813068,-20.116997,-3032.360107,-7.144097,2.303982,677.576050,20.224627,-6.863976,-219.516754,64.063332,10.075378,1149.749756,5.383856,-4.168367,-162.777908,-13.209991,3.136349,34.933090,15.825814,-3.914833,1015.987427,-60.418587,7.861328,-921.325684,1.640463,4.847181,799.237488,-12.040097,5.750465,420.761139,-0.040365,0.824596,-46.747578,-1.913191,-0.647604,25.514364,31.202318,1.568794,483.417542,-0.871404,0.996131,-66.974754,-2.098064,-0.130200,-3.340244,31.263462,1.606369,480.766296,-1.362111,0.869119,-70.585007,-2.442545,0.413084,-35.276413,31.249727,1.632690,478.324890,-4.406821,3.344631,507.307037,5.596839,1.982403,134.363174,-5.882838,0.135708,430.555328,5.765853,1.127386,-651.116333,-16.910097,3.016281,458.908112,-9.595671,0.477600,-71.868896,67.789200,1.950836,202.407837,-9.754989,0.071430,475.606934,-2.848953,0.117040,-9.853840,72.767021,1.461029,-935.745239,1,1
16,142,0.013047,0.454231,-0.287586,0.478307,-0.122192,-0.841693,-0.218734,0.013047,0.454231,-0.287586,0.478307,-0.122192,-0.841693,-0.218734,-0.016820,0.358021,-0.215833,0.269714,-0.422065,-0.578624,-0.643669,0.062385,0.358570,-0.348509,0.349000,-0.320153,-0.597743,-0.646842,-0.361835,0.428431,-0.431756,0.415116,0.188988,-0.838498,0.298134,-0.284416,0.371427,-0.574043,0.507082,0.120760,-0.794475,0.311600,-0.128446,0.127258,-0.285712,0.366956,0.085220,-0.916282,0.136045,-0.072562,0.059925,-0.417237,0.597085,0.082276,-0.797616,0.023019,0.122563,0.476648,-0.222115,0.480840,0.004054,-0.876579,0.019615,0.073028,0.643354,-0.256722,0.372903,0.261600,-0.758167,0.466573,-0.016330,0.694684,-0.318207,0.372903,0.261600,-0.758167,0.466573,-0.128027,0.758846,-0.395064,0.372903,0.261600,-0.758167,0.466573,-0.004416,0.687840,-0.310009,0.400001,0.388356,-0.733484,0.388818,-0.004416,0.687840,-0.310009,0.333540,0.113874,-0.774373,0.525481,-0.196693,0.723666,-0.240439,0.233081,-0.101540,-0.964709,-0.068556,0.003246,0.716056,-0.510929,0.658939,0.064630,-0.740748,-0.113645,-0.285057,0.441019,-0.294875,0.434573,0.038082,-0.879623,-0.189631,-0.050268,0.430670,-0.592045,0.520558,-0.167869,-0.836294,-0.038109,-0.324177,0.224875,-0.382251,0.434743,0.005087,-0.853569,-0.287041,-0.133985,0.209931,-0.579826,0.494092,-0.267963,-0.819992,-0.108084,0.000000,0.000000,0.000000,16.035051,-0.143899,-394.173615,-24.515501,1.991272,602.806946,-124.289291,-0.447591,64.115166,63.369808,-2.182007,176.535706,-2.557935,1.233551,56.706245,3.849462,1.793729,437.923126,130.941040,-3.677368,-329.250763,30.704750,0.609080,168.489532,-17.343124,-0.976139,-98.350906,71.633736,1.235114,-234.655701,0.940272,-1.619306,196.953308,8.291888,2.945158,735.211060,141.688751,-3.780789,-1546.525269,22.790670,-2.488666,1958.703369,-7.136299,0.866466,-159.723969,20.235086,1.162211,891.798584,63.934032,-14.366573,-2715.772461,5.656579,30.302578,3830.104980,-13.302959,-10.329883,-1496.247925,15.826917,0.122494,448.591919,-60.409718,0.985463,-763.984985,1.644146,0.409259,-493.102417,-12.052165,-1.340866,-787.925720,-0.049744,-1.042090,-207.409622,-1.897506,1.742853,265.606384,31.207760,0.604630,-107.129417,-0.887712,-1.811961,-312.010223,-2.089516,0.949780,119.997841,31.268177,0.523885,-120.276001,-1.380643,-2.059155,-325.363800,-2.443679,-0.125912,-59.888386,31.253677,0.438902,-132.643143,-4.461961,-6.126616,-1052.360840,5.623490,2.961212,108.756546,-5.897197,-1.595391,-192.344330,5.761714,-0.459883,-176.363220,-16.981369,-7.919100,-1215.042358,-9.629875,-3.800498,-475.344238,67.860138,7.882012,659.019592,-9.770685,-1.744058,-201.720947,-2.862378,-1.491653,-178.743591,72.775459,0.937568,-58.162361,1,1
17,152,0.013047,0.453637,-0.287586,0.478900,-0.123322,-0.841280,-0.218392,0.013047,0.453637,-0.287586,0.478900,-0.123322,-0.841280,-0.218392,-0.016814,0.357565,-0.215646,0.269709,-0.422101,-0.578672,-0.643605,0.062129,0.357825,-0.348478,0.348381,-0.320323,-0.597172,-0.647619,-0.361847,0.427934,-0.431558,0.415165,0.188887,-0.838510,0.298094,-0.284502,0.371590,-0.574209,0.506847,0.120469,-0.794697,0.311529,-0.128526,0.126710,-0.285510,0.366736,0.085310,-0.916358,0.136066,-0.072904,0.059992,-0.417246,0.597196,0.082375,-0.797515,0.023265,0.122724,0.475986,-0.222361,0.481452,0.003320,-0.876242,0.019821,0.073318,0.642702,-0.257089,0.373150,0.261342,-0.758059,0.466697,-0.016024,0.694037,-0.318592,0.373150,0.261342,-0.758059,0.466697,-0.127703,0.758205,-0.395471,0.373150,0.261342,-0.758059,0.466697,-0.004112,0.687192,-0.310391,0.400180,0.388169,-0.733471,0.388847,-0.004112,0.687192,-0.310391,0.333872,0.113559,-0.774166,0.525644,-0.196373,0.723078,-0.240820,0.233078,-0.101541,-0.964708,-0.068579,0.003502,0.715243,-0.511339,0.659097,0.063970,-0.740645,-0.113767,-0.284727,0.440448,-0.295297,0.434027,0.037919,-0.879883,-0.189704,-0.050336,0.429842,-0.592266,0.520387,-0.167494,-0.836468,-0.038269,-0.323875,0.224320,-0.382702,0.434231,0.004323,-0.853686,-0.287481,-0.133949,0.209054,-0.580222,0.494296,-0.266191,-0.820429,-0.108216,0.000000,0.000000,0.000000,15.919360,-10.517381,-943.043762,-24.624657,-9.923242,-1083.137573,-124.194443,8.622603,824.563110,63.471836,9.275263,1041.569946,-2.701844,-13.082592,-1301.467529,3.963592,10.375391,780.151123,131.047897,9.714300,1217.424316,30.656981,-4.342686,-450.160553,-17.380688,-3.414848,-221.700821,71.598801,-3.175909,-401.002075,1.028819,8.049759,879.005859,8.173462,-10.766029,-1246.471558,141.671799,-1.541138,203.604645,22.775360,-1.391844,99.711067,-7.135391,0.082536,-71.266357,20.125246,-9.985490,-1013.427368,63.927067,-0.633240,1248.484863,5.521481,-12.281722,-3871.300049,-13.205685,8.843162,1743.004028,15.829179,0.205647,7.559335,-60.480637,-6.447185,-675.695312,1.593936,-4.564567,-452.166016,-12.123599,-6.494002,-468.466888,-0.085292,-3.231675,-199.053162,-1.917521,-1.819600,-323.859344,31.215796,0.730515,11.444092,-0.907978,-1.842379,-2.765287,-2.125078,-3.232891,-380.242798,31.276009,0.711961,17.097832,-1.379754,0.080889,194.549454,-2.484548,-3.715428,-326.319702,31.262516,0.803514,33.146530,-4.462830,-0.078982,549.784912,5.640046,1.505072,-132.376373,-5.893087,0.373624,179.001343,5.777530,1.437794,172.516098,-16.986782,-0.492096,675.182190,-9.631874,-0.181718,328.979950,67.884148,2.182700,-518.119263,-9.766070,0.419530,196.689850,-2.848968,1.219078,246.429993,72.784142,0.789296,-13.479298,1,1
18,163,0.013047,0.453628,-0.287586,0.479028,-0.123369,-0.841296,-0.218023,0.013047,0.453628,-0.287586,0.479028,-0.123369,-0.841296,-0.218023,-0.016760,0.357593,-0.215575,0.269847,-0.422076,-0.578692,-0.643544,0.062142,0.357793,-0.348432,0.348425,-0.320139,-0.597397,-0.647478,-0.361847,0.427882,-0.431427,0.415202,0.188953,-0.838500,0.298032,-0.284441,0.371317,-0.574256,0.506780,0.120440,-0.794783,0.311431,-0.128495,0.126647,-0.285453,0.366957,0.085340,-0.916282,0.135967,-0.072912,0.059662,-0.417313,0.597063,0.082306,-0.797664,0.021774,0.122736,0.476056,-0.222409,0.481513,0.003296,-0.876193,0.020499,0.073206,0.642667,-0.257390,0.373109,0.261291,-0.757393,0.467839,-0.016183,0.693752,-0.319034,0.373109,0.261291,-0.757393,0.467839,-0.127919,0.757609,-0.396088,0.373109,0.261291,-0.757393,0.467839,-0.004264,0.686941,-0.310815,0.400116,0.388321,-0.732931,0.389777,-0.004264,0.686941,-0.310815,0.333617,0.113631,-0.773516,0.526745,-0.196573,0.722690,-0.241327,0.233107,-0.101541,-0.964718,-0.068336,0.003360,0.714655,-0.511828,0.659091,0.064170,-0.740694,-0.113373,-0.284901,0.440036,-0.295666,0.434074,0.037883,-0.879854,-0.189738,-0.050244,0.429207,-0.592665,0.520424,-0.167506,-0.836445,-0.038204,-0.324075,0.223914,-0.383074,0.434258,0.004398,-0.853623,-0.287624,-0.133846,0.208416,-0.580588,0.494273,-0.266456,-0.820366,-0.108148,0.000000,0.000000,0.000000,15.872318,-4.704189,581.319153,-24.611139,1.351738,1127.497925,-124.169853,2.458954,-616.364929,63.473698,0.186157,-908.910522,-2.733107,-3.126311,995.628052,3.987151,2.355933,-801.945801,131.001114,-4.678345,-1439.264404,30.789268,13.228798,1757.148438,-17.443369,-6.268120,-285.327209,71.622940,2.413940,558.984985,1.031214,0.239491,-781.026733,8.141402,-3.205967,756.006226,141.657867,-1.393127,14.801025,22.779684,0.432396,182.424026,-7.125370,1.002121,91.958481,20.166901,4.165459,1415.094849,63.937351,1.028442,166.168213,5.546372,2.489185,1477.090698,-13.222244,-1.655960,-1049.912231,15.859866,3.068733,286.308655,-60.474411,0.622559,706.974365,1.611766,1.783025,634.759216,-12.129806,-0.620651,587.335083,-0.073231,1.206068,443.774323,-1.935358,-1.783669,3.593099,31.246096,3.030014,229.949951,-0.889281,1.869690,371.206970,-2.134124,-0.904584,232.830688,31.307127,3.111839,239.987793,-1.360053,1.970017,188.912796,-2.482417,0.213122,392.855072,31.294416,3.190041,238.652664,-4.470016,-0.718689,-63.970741,5.634796,-0.524950,-203.002167,-5.877492,1.559448,118.582458,5.821211,4.368067,293.027252,-17.008825,-2.204323,-171.222687,-9.691329,-5.945492,-576.377319,67.930809,4.666138,248.343719,-9.757246,0.882435,46.290485,-2.881427,-3.245902,-446.497986,72.876640,9.249878,846.058289,1,1
19,183,0.013047,0.453435,-0.287586,0.479115,-0.123531,-0.841206,-0.218084,0.013047,0.453435,-0.287586,0.479115,-0.123531,-0.841206,-0.218084,-0.016769,0.357408,-0.215567,0.269822,-0.421973,-0.578564,-0.643738,0.062094,0.357585,-0.348447,0.348325,-0.320299,-0.597305,-0.647538,-0.361790,0.427827,-0.431476,0.415050,0.189167,-0.838500,0.298107,-0.284507,0.371254,-0.574230,0.506821,0.120379,-0.794710,0.311571,-0.128306,0.126696,-0.285499,0.365951,0.087037,-0.916576,0.135620,-0.072956,0.059660,-0.417197,0.597125,0.082204,-0.797627,0.021819,0.122762,0.475827,-0.222441,0.481618,0.003274,-0.876136,0.020474,0.073215,0.642432,-0.257408,0.373050,0.261491,-0.757322,0.467888,-0.016204,0.693481,-0.319039,0.373050,0.261491,-0.757322,0.467888,-0.127978,0.757292,-0.396076,0.373050,0.261491,-0.757322,0.467888,-0.004282,0.686674,-0.310821,0.400446,0.388556,-0.732594,0.389837,-0.004282,0.686674,-0.310821,0.333536,0.113832,-0.773486,0.526797,-0.196474,0.722401,-0.241102,0.234214,-0.101551,-0.964496,-0.067662,0.003325,0.714431,-0.511831,0.659075,0.064468,-0.740660,-0.113518,-0.284795,0.439657,-0.294974,0.434588,0.038074,-0.879646,-0.189493,-0.050215,0.429013,-0.592828,0.520595,-0.167587,-0.836327,-0.038110,-0.323892,0.223486,-0.382295,0.434734,0.005282,-0.853568,-0.287055,-0.133826,0.208230,-0.580676,0.494196,-0.267791,-0.820025,-0.107785,0.000000,0.000000,0.000000,15.867770,-0.227404,223.839279,-24.633053,-1.095676,-122.370712,-124.157784,0.603485,-92.773438,63.478977,0.263977,3.890991,-2.743307,-0.510025,130.814316,3.984828,-0.116158,-123.604538,131.034393,1.663971,317.115784,30.799723,0.522709,-635.304443,-17.448980,-0.280571,299.377441,71.626343,0.170135,-112.190247,1.057096,1.294118,52.731335,8.110124,-1.563931,82.101822,141.699081,2.060699,172.691345,22.744715,-1.748466,-109.043114,-7.035216,4.507685,175.278183,20.195602,1.435089,-136.518478,63.939972,0.131035,-44.870377,5.684985,6.930614,222.071411,-13.279234,-2.849483,-59.676170,15.906875,2.350426,-35.915375,-60.524776,-2.518272,-157.041550,1.673083,3.065830,64.140251,-12.057716,3.604460,211.255539,-0.081892,-0.433046,-81.955673,-1.934037,0.066030,92.484940,31.258083,0.599384,-121.531479,-0.897715,-0.421682,-114.568619,-2.137519,-0.169730,36.742687,31.318846,0.585938,-126.295090,-1.365870,-0.290823,-113.041992,-2.489654,-0.361836,-28.747915,31.306047,0.581551,-130.424500,-4.468437,0.078988,39.883854,5.633863,-0.046635,23.915768,-5.846932,1.528025,-1.571178,5.780180,-2.051520,-320.979340,-17.012249,-0.171185,101.656914,-9.710743,-0.970697,248.739716,67.946747,0.796890,-193.462372,-9.726388,1.542902,33.023357,-2.904513,-1.154315,104.579346,72.839745,-1.844788,-554.733276,1,1
20,188,0.013047,0.453409,-0.287586,0.479035,-0.123604,-0.841253,-0.218038,0.013047,0.453409,-0.287586,0.479035,-0.123604,-0.841253,-0.218038,-0.016789,0.357399,-0.215553,0.269790,-0.422051,-0.578632,-0.643639,0.062093,0.357543,-0.348422,0.347853,-0.319972,-0.597539,-0.647738,-0.361833,0.427767,-0.431444,0.415129,0.189080,-0.838462,0.298160,-0.284214,0.371245,-0.574649,0.506253,0.120189,-0.794918,0.312038,-0.128376,0.126635,-0.285423,0.366005,0.087091,-0.916537,0.135703,-0.072726,0.059857,-0.417122,0.597486,0.083586,-0.797211,0.021896,0.122756,0.475802,-0.222430,0.481517,0.003170,-0.876192,0.020490,0.073252,0.642415,-0.257429,0.372954,0.261286,-0.757439,0.467890,-0.016126,0.693489,-0.319097,0.372954,0.261286,-0.757439,0.467890,-0.127849,0.757332,-0.396182,0.372954,0.261286,-0.757439,0.467890,-0.004209,0.686679,-0.310875,0.400382,0.388418,-0.732706,0.389832,-0.004209,0.686679,-0.310875,0.333527,0.113611,-0.773541,0.526770,-0.196403,0.722427,-0.241199,0.234186,-0.101474,-0.964509,-0.067692,0.003450,0.714431,-0.511891,0.659040,0.064303,-0.740669,-0.113757,-0.284683,0.439678,-0.295101,0.434595,0.038137,-0.879634,-0.189517,-0.050258,0.429038,-0.592913,0.520902,-0.167419,-0.836169,-0.038125,-0.323760,0.223511,-0.382443,0.434760,0.005274,-0.853598,-0.286925,-0.133809,0.208232,-0.580775,0.494760,-0.267321,-0.819953,-0.106907,0.000000,0.000000,0.000000,15.861215,-1.092593,-144.198196,-24.636549,-0.582695,85.496910,-124.167854,-1.678467,-380.325317,63.485729,1.125336,143.559769,-2.808654,-10.891120,-1730.182495,3.986981,0.358860,79.169533,131.084213,8.303325,1106.558960,30.748238,-8.580844,-1517.258789,-17.655540,-34.426689,-5691.019531,71.619774,-1.094818,-210.825607,1.043481,-2.269268,-593.897705,8.114345,0.703494,377.904053,141.691635,-1.241048,-550.291321,22.735071,-1.607259,23.534555,-7.022095,2.186855,-386.805023,20.144674,-8.488019,-1653.851440,63.990181,8.368175,1372.856567,5.703585,3.100077,-638.422668,-13.171376,17.976284,3470.961182,15.907884,0.168165,-363.710205,-60.521378,0.566483,514.125793,1.657838,-2.540827,-934.442871,-12.044868,2.141476,-243.830688,-0.085651,-0.626513,-32.244583,-1.938309,-0.711958,-129.664612,31.253195,-0.814756,-235.690002,-0.898571,-0.142763,46.486485,-2.143114,-0.932614,-127.147308,31.314016,-0.804901,-231.806442,-1.363541,0.388205,113.171333,-2.494902,-0.874758,-85.486969,31.301445,-0.767072,-224.770432,-4.474038,-0.933488,-168.746033,5.642289,1.404206,241.806763,-5.838519,1.402219,-20.967583,5.779234,-0.157754,315.627777,-17.020803,-1.425743,-209.093094,-9.714003,-0.543276,71.236824,67.961388,2.440135,273.874084,-9.717011,1.562754,3.308713,-2.897115,1.233021,397.889435,72.830482,-1.543681,50.184467,1,1
21,193,0.013047,0.453359,-0.287586,0.479165,-0.123719,-0.841155,-0.218065,0.013047,0.453359,-0.287586,0.479165,-0.123719,-0.841155,-0.218065,-0.016781,0.357354,-0.215544,0.269765,-0.422145,-0.578556,-0.643657,0.062053,0.357484,-0.348441,0.347802,-0.319874,-0.597570,-0.647784,-0.361834,0.427804,-0.431389,0.415195,0.189115,-0.838407,0.298199,-0.284199,0.371183,-0.574750,0.506124,0.120210,-0.794958,0.312137,-0.128332,0.126703,-0.285378,0.365845,0.087242,-0.916394,0.136997,-0.072687,0.059851,-0.417144,0.596205,0.084050,-0.798125,0.021710,0.122783,0.475732,-0.222469,0.481805,0.002672,-0.876034,0.020514,0.073449,0.642383,-0.257558,0.374140,0.260431,-0.757125,0.467928,-0.015890,0.693555,-0.319200,0.374140,0.260431,-0.757125,0.467928,-0.127565,0.757521,-0.396253,0.374140,0.260431,-0.757125,0.467928,-0.003979,0.686732,-0.310981,0.401304,0.387691,-0.732720,0.389580,-0.003979,0.686732,-0.310981,0.334312,0.113099,-0.773197,0.526887,-0.196068,0.722776,-0.241197,0.234273,-0.101492,-0.964484,-0.067717,0.003579,0.714343,-0.512027,0.659098,0.064071,-0.740635,-0.113771,-0.284364,0.440000,-0.295097,0.434902,0.038898,-0.879465,-0.189442,-0.050235,0.428942,-0.592967,0.520868,-0.167369,-0.836200,-0.038132,-0.323144,0.223824,-0.382547,0.435186,0.005518,-0.853361,-0.286980,-0.133768,0.208127,-0.580848,0.494741,-0.267236,-0.819991,-0.106912,0.000000,0.000000,0.000000,15.854123,-1.418304,-65.142319,-24.652336,-3.157425,-514.945984,-124.149467,3.677368,1071.166992,63.476334,-1.879120,-600.891113,-2.842378,-6.744862,829.251648,3.997040,2.011824,330.592804,131.096359,2.429199,-1174.825073,30.736895,-2.268600,1262.448730,-17.608423,9.423447,8770.027344,71.622345,0.514221,321.807861,1.056740,2.651763,984.206177,8.110944,-0.680161,-276.730865,141.710159,3.704834,989.176453,22.600599,-26.894379,-5057.423828,-7.064739,-8.528805,-2143.131836,20.115252,-5.884552,520.693420,63.988750,-0.286102,-1730.855225,5.700750,-0.566959,-733.407349,-13.168479,0.579453,-3479.366455,15.919694,2.362061,438.779205,-60.469875,10.300446,1946.792603,1.616121,-8.343363,-1160.507202,-12.084831,-7.992744,-2026.843994,-0.036753,9.779655,2081.233643,-1.946811,-1.700401,-197.688736,31.235748,-3.489304,-534.909546,-0.851833,9.347606,1898.073853,-2.124969,3.629160,912.354797,31.298033,-3.196716,-478.363037,-1.332507,6.206679,1163.694824,-2.455178,7.944870,1763.925537,31.285870,-3.115082,-469.601959,-4.478892,-0.970936,-7.489526,5.586181,-11.221504,-2525.142090,-5.834946,0.714588,-137.526199,5.822806,8.714390,1774.428711,-17.018135,0.533676,391.883850,-9.736211,-4.441643,-779.673218,67.906593,-10.958862,-2679.799316,-9.708564,1.689529,25.355030,-2.829715,13.479948,2449.385254,72.824577,-1.181030,72.530106,1,1
22,203,0.013047,0.452574,-0.287586,0.479230,-0.123729,-0.841154,-0.217922,0.013047,0.452574,-0.287586,0.479230,-0.123729,-0.841154,-0.217922,-0.016756,0.356581,-0.215517,0.269543,-0.421574,-0.579419,-0.643347,0.062058,0.356693,-0.348426,0.347629,-0.321292,-0.597145,-0.647568,-0.361645,0.426314,-0.431874,0.414685,0.188697,-0.838623,0.298566,-0.284625,0.370898,-0.574027,0.507046,0.119852,-0.794151,0.312833,-0.128402,0.125267,-0.285338,0.365746,0.087239,-0.916443,0.136935,-0.072892,0.059860,-0.416139,0.596034,0.084100,-0.798247,0.021736,0.122790,0.474978,-0.222491,0.481794,0.002765,-0.876039,0.020556,0.073423,0.641625,-0.257565,0.373861,0.260566,-0.757270,0.467843,-0.015911,0.692800,-0.319213,0.373861,0.260566,-0.757270,0.467843,-0.127579,0.756769,-0.396273,0.373861,0.260566,-0.757270,0.467843,-0.004000,0.685977,-0.310993,0.401089,0.387783,-0.732787,0.389584,-0.004000,0.685977,-0.310993,0.334073,0.113210,-0.773367,0.526765,-0.196116,0.721972,-0.241251,0.234179,-0.101420,-0.964516,-0.067691,0.003607,0.713665,-0.512025,0.659027,0.064258,-0.740700,-0.113652,-0.284361,0.439176,-0.295156,0.434905,0.039062,-0.879473,-0.189367,-0.050078,0.428256,-0.592987,0.520911,-0.167384,-0.836170,-0.038122,-0.323057,0.222987,-0.382611,0.435246,0.005246,-0.853343,-0.286949,-0.133615,0.207443,-0.580856,0.494744,-0.267455,-0.819925,-0.106857,0.000000,0.000000,0.000000,15.835821,-2.033551,-68.360779,-24.646570,0.640657,422.009125,-124.137711,1.306322,-263.449585,63.562862,9.614308,1277.047607,-2.737055,11.702564,2049.713867,3.900062,-10.775328,-1420.794556,131.226700,14.482286,1339.231934,30.739220,0.258340,280.771149,-17.626213,-1.976649,-1266.677246,71.534210,-9.792751,-1145.219238,1.136622,8.875820,691.561890,8.118544,0.844426,169.398468,141.617111,-10.338677,-1560.390137,22.622135,2.392875,3254.139404,-6.991614,8.124934,1850.415527,20.141075,2.869288,972.648987,64.000412,1.295725,175.758636,5.723187,2.492958,339.990784,-13.177915,-1.048406,-180.873169,15.919806,0.011158,-235.090256,-60.458179,1.169586,-913.085938,1.573505,-4.261541,408.182159,-12.111787,-2.695560,529.718384,-0.053595,-1.684146,-1146.380127,-1.948703,-0.189173,151.122803,31.231272,-0.447655,304.164886,-0.865130,-1.329738,-1067.734375,-2.135312,-1.034307,-466.346741,31.293221,-0.481224,271.549225,-1.338352,-0.584471,-679.115051,-2.470944,-1.576614,-952.148438,31.281178,-0.469208,264.587402,-4.479471,-0.057840,91.309547,5.588052,0.187063,1140.856689,-5.837062,-0.211620,-92.620850,5.809067,-1.373863,-1008.825317,-17.015347,0.278854,-25.482178,-9.721921,1.428986,587.062866,67.896400,-1.019287,993.957520,-9.710439,-0.187492,-187.702179,-2.835814,-0.609851,-1408.979858,72.811432,-1.314545,-13.351440,1,1
23,215,0.013047,0.452515,-0.287586,0.479361,-0.123715,-0.841061,-0.217999,0.013047,0.452515,-0.287586,0.479361,-0.123715,-0.841061,-0.217999,-0.016737,0.356507,-0.215529,0.269669,-0.421657,-0.579322,-0.643328,0.062039,0.356646,-0.348460,0.347857,-0.321436,-0.596910,-0.647589,-0.361695,0.426278,-0.431764,0.414805,0.188781,-0.838578,0.298471,-0.284781,0.370952,-0.573845,0.507283,0.120012,-0.794069,0.312594,-0.128403,0.125209,-0.285351,0.365888,0.087304,-0.916389,0.136875,-0.072987,0.059820,-0.416222,0.596268,0.084175,-0.798071,0.021487,0.122808,0.474903,-0.222517,0.481897,0.002788,-0.875984,0.020475,0.073444,0.641557,-0.257560,0.373928,0.260573,-0.757267,0.467788,-0.015894,0.692744,-0.319193,0.373928,0.260573,-0.757267,0.467788,-0.127567,0.756726,-0.396234,0.373928,0.260573,-0.757267,0.467788,-0.003982,0.685919,-0.310975,0.401142,0.387777,-0.732792,0.389527,-0.003982,0.685919,-0.310975,0.334138,0.113211,-0.773366,0.526726,-0.196090,0.721931,-0.241213,0.234203,-0.101466,-0.964504,-0.067712,0.003609,0.713614,-0.512004,0.659041,0.064228,-0.740684,-0.113693,-0.284364,0.439145,-0.295120,0.434905,0.039035,-0.879466,-0.189400,-0.050107,0.428211,-0.592972,0.520920,-0.167407,-0.836159,-0.038154,-0.323079,0.222961,-0.382582,0.435243,0.005226,-0.853335,-0.286979,-0.133660,0.207405,-0.580846,0.494752,-0.267473,-0.819910,-0.106892,0.000000,0.000000,0.000000,15.841148,0.484293,228.894974,-24.651863,-0.481172,-101.984474,-124.120827,1.534895,20.779415,63.569138,0.570471,-822.167053,-2.718084,1.724655,-907.082642,3.906278,0.565117,1030.949463,131.221298,-0.491056,-1361.212891,30.741728,0.228015,-2.756809,-17.626408,-0.017686,178.087509,71.532181,-0.184493,873.477966,1.134849,-0.161203,-821.547607,8.121155,0.237378,-55.186131,141.618027,0.083230,947.446106,22.618959,-0.288703,-243.779800,-6.991363,0.022888,-736.549622,20.139978,-0.099702,-269.908234,63.998871,-0.140103,-130.529907,5.722296,-0.081019,-233.997864,-13.178028,-0.010317,94.371727,15.920370,0.051325,3.651548,-60.459324,-0.104037,-115.783936,1.574099,0.053980,392.320129,-12.111157,0.057220,250.252823,-0.051926,0.151664,166.891815,-1.952758,-0.368638,-16.315025,31.231585,0.028437,43.281052,-0.861610,0.320061,149.981689,-2.137914,-0.236598,72.519051,31.293705,0.044042,47.751499,-1.334005,0.395179,89.059090,-2.471336,-0.035633,140.089249,31.281858,0.061902,48.282715,-4.477851,0.147256,18.645121,5.587661,-0.035503,-20.233265,-5.838762,-0.154539,5.189250,5.809042,-0.002297,124.687790,-17.013659,0.153455,-11.399955,-9.722060,-0.012658,-131.058487,67.895866,-0.048551,88.248772,-9.712059,-0.147299,3.653912,-2.835098,0.065067,61.356136,72.810799,-0.057567,114.270676,1,1
24,222,0.013047,0.453256,-0.287586,0.479387,-0.123472,-0.841148,-0.217744,0.013047,0.453256,-0.287586,0.479387,-0.123472,-0.841148,-0.217744,-0.016677,0.357244,-0.215510,0.269627,-0.421580,-0.579568,-0.643174,0.062110,0.357406,-0.348434,0.348765,-0.321137,-0.597068,-0.647104,-0.361628,0.426804,-0.431833,0.414770,0.188506,-0.838675,0.298420,-0.284947,0.371047,-0.573511,0.507586,0.120616,-0.793993,0.312064,-0.128534,0.125625,-0.285332,0.365958,0.086992,-0.916568,0.135686,-0.072907,0.059759,-0.416529,0.596221,0.084038,-0.798126,0.021286,0.122788,0.475734,-0.222513,0.481856,0.002895,-0.876001,0.020696,0.073384,0.642370,-0.257612,0.373990,0.260421,-0.757209,0.467918,-0.015942,0.693546,-0.319272,0.373990,0.260421,-0.757209,0.467918,-0.127598,0.757516,-0.396347,0.373990,0.260421,-0.757209,0.467918,-0.004032,0.686722,-0.311050,0.401204,0.387659,-0.732768,0.389625,-0.004032,0.686722,-0.311050,0.334158,0.113105,-0.773292,0.526845,-0.196137,0.722769,-0.241308,0.234184,-0.101506,-0.964510,-0.067637,0.003573,0.714363,-0.512090,0.659030,0.064175,-0.740707,-0.113640,-0.284419,0.439977,-0.295174,0.434858,0.039114,-0.879486,-0.189403,-0.050141,0.428950,-0.593021,0.520861,-0.167365,-0.836204,-0.038162,-0.323098,0.223795,-0.382656,0.435200,0.005344,-0.853347,-0.287003,-0.133680,0.208137,-0.580916,0.494705,-0.267362,-0.819968,-0.106948,0.000000,0.000000,0.000000,15.825314,-2.262115,-392.344086,-24.612812,5.578722,865.699219,-124.114075,0.964573,-81.474564,63.514843,-7.756370,-1189.548706,-2.659669,8.345025,945.767151,3.952991,6.673200,872.583313,131.096420,-17.839705,-2478.378418,30.754269,1.791545,223.361481,-17.523903,14.643533,2094.459717,71.541817,1.376561,223.007614,1.142949,1.157165,188.338287,8.143414,3.179823,420.349213,141.563522,-7.786342,-1124.224487,22.738419,17.065594,2479.185303,-6.949009,6.050519,861.090027,20.132486,-1.070295,-138.656113,63.998463,-0.058310,11.684722,5.713518,-1.254014,-167.570679,-13.177673,0.050681,8.714000,15.932537,1.738140,240.973511,-60.457699,0.232152,48.026970,1.578631,0.647375,84.770638,-12.111640,-0.068937,-18.022499,-0.041869,1.436741,183.582413,-1.958179,-0.774486,-57.978176,31.219252,-1.761845,-255.754562,-0.849835,1.682137,194.582291,-2.137297,0.088113,46.387230,31.281811,-1.699175,-249.031082,-1.323877,1.446877,150.242645,-2.464736,0.942911,139.792023,31.270254,-1.657758,-245.665802,-4.480864,-0.430448,-82.529106,5.583141,-0.645706,-87.171852,-5.835610,0.450271,86.401299,5.813890,0.692640,99.276779,-17.016800,-0.448772,-86.032394,-9.726515,-0.636373,-89.102188,67.894051,-0.259399,-30.121246,-9.708946,0.444685,84.569145,-2.832650,0.349726,40.665627,72.814980,0.597273,93.548546,1,1
25,232,0.013047,0.453348,-0.287586,0.479430,-0.123513,-0.841079,-0.217893,0.013047,0.453348,-0.287586,0.479430,-0.123513,-0.841079,-0.217893,-0.016689,0.357325,-0.215530,0.270154,-0.421936,-0.579209,-0.643043,0.062083,0.357504,-0.348464,0.348610,-0.321067,-0.597139,-0.647156,-0.361936,0.426988,-0.431338,0.415259,0.189108,-0.838314,0.298374,-0.284893,0.371167,-0.573667,0.507504,0.120448,-0.794119,0.311942,-0.128377,0.125972,-0.285240,0.366204,0.087233,-0.916445,0.135695,-0.073021,0.059781,-0.416652,0.595967,0.083873,-0.798327,0.021509,0.122800,0.475787,-0.222520,0.481910,0.002902,-0.875975,0.020551,0.073407,0.642435,-0.257569,0.373991,0.260511,-0.757248,0.467804,-0.015927,0.693626,-0.319205,0.373991,0.260511,-0.757248,0.467804,-0.127595,0.757614,-0.396249,0.373991,0.260511,-0.757248,0.467804,-0.004016,0.686800,-0.310987,0.401208,0.387695,-0.732786,0.389550,-0.004016,0.686800,-0.310987,0.334172,0.113167,-0.773345,0.526745,-0.196116,0.722873,-0.241225,0.234196,-0.101729,-0.964481,-0.067669,0.003575,0.714476,-0.512018,0.659036,0.064188,-0.740702,-0.113632,-0.284530,0.440148,-0.295086,0.434528,0.038343,-0.879629,-0.189651,-0.050131,0.429061,-0.592948,0.520863,-0.167395,-0.836198,-0.038121,-0.323543,0.224010,-0.382526,0.434754,0.005037,-0.853544,-0.287100,-0.133672,0.208250,-0.580819,0.494697,-0.267436,-0.819957,-0.106877,0.000000,0.000000,0.000000,15.838241,1.292706,355.482117,-24.626219,-1.340675,-691.939819,-124.110390,0.368500,-59.607368,63.499496,-1.534653,622.171692,-2.687619,-2.795029,-1114.005371,3.940686,-1.230454,-790.365417,131.077362,-1.905823,1593.388184,30.722807,-3.146172,-493.771667,-17.490864,3.303909,-1133.962280,71.539108,-0.270844,-164.740433,1.068242,-7.470691,-862.785522,8.134548,-0.886536,-406.635864,141.613876,5.035400,1282.174316,22.754099,1.568031,-1549.756226,-6.998973,-4.996395,-1104.691284,20.136379,0.389290,145.958496,63.996174,-0.228882,-17.057146,5.719600,0.608253,186.226715,-13.177620,0.005341,-4.534040,15.934164,0.162697,-157.544266,-60.510326,-5.262756,-549.490784,1.613802,3.517127,286.975281,-12.072478,3.916168,398.510529,-0.044381,-0.251236,-168.797745,-1.956864,0.131571,90.605698,31.222967,0.371552,213.339676,-0.852777,-0.294238,-197.637512,-2.137487,-0.019002,-10.711466,31.285416,0.360489,205.966400,-1.326412,-0.253534,-170.041153,-2.466414,-0.167799,-111.071030,31.273787,0.353241,201.099945,-4.477791,0.307274,73.772156,5.584095,0.095367,74.107307,-5.840895,-0.528479,-97.874916,5.807573,-0.631762,-132.440155,-17.012232,0.456810,90.558189,-9.720146,0.636864,127.323692,67.889389,-0.466156,-20.675659,-9.715231,-0.628471,-107.315613,-2.844647,-1.199698,-154.942444,72.818359,0.337982,-25.929041,1,1
26,241,0.013047,0.453372,-0.287586,0.479665,-0.123390,-0.840952,-0.217936,0.013047,0.453372,-0.287586,0.479665,-0.123390,-0.840952,-0.217936,-0.016633,0.357319,-0.215546,0.270459,-0.422038,-0.578936,-0.643093,0.062078,0.357558,-0.348516,0.348927,-0.321104,-0.596995,-0.647100,-0.362009,0.427108,-0.431107,0.415445,0.189339,-0.838276,0.298075,-0.285029,0.371180,-0.573519,0.507665,0.120730,-0.794008,0.311852,-0.128351,0.126016,-0.285328,0.366383,0.087356,-0.916403,0.135420,-0.072980,0.059803,-0.416724,0.596194,0.084100,-0.798135,0.021459,0.122824,0.475817,-0.222563,0.482055,0.003037,-0.875896,0.020508,0.073395,0.642461,-0.257577,0.374008,0.260571,-0.757214,0.467812,-0.015950,0.693643,-0.319203,0.374008,0.260571,-0.757214,0.467812,-0.127632,0.757619,-0.396237,0.374008,0.260571,-0.757214,0.467812,-0.004037,0.686818,-0.310986,0.401228,0.387718,-0.732749,0.389577,-0.004037,0.686818,-0.310986,0.334182,0.113213,-0.773320,0.526764,-0.196141,0.722887,-0.241221,0.234166,-0.101716,-0.964496,-0.067590,0.003541,0.714488,-0.512017,0.659046,0.064191,-0.740696,-0.113607,-0.284536,0.440149,-0.295044,0.434499,0.038302,-0.879666,-0.189555,-0.050156,0.429069,-0.592937,0.520863,-0.167390,-0.836200,-0.038107,-0.323543,0.223992,-0.382440,0.434720,0.005030,-0.853599,-0.286987,-0.133691,0.208256,-0.580804,0.494695,-0.267432,-0.819961,-0.106870,0.000000,0.000000,0.000000,15.842477,0.423622,-86.908340,-24.620209,0.601006,194.168091,-124.078857,3.153229,278.472900,63.495720,-0.377655,115.699768,-2.681263,0.635624,343.065247,3.942292,0.160599,139.105316,131.075195,-0.216675,168.914795,30.720461,-0.234604,291.156769,-17.492374,-0.151062,-345.497131,71.559174,2.006531,227.737427,1.058976,-0.926602,654.408875,8.127396,-0.715256,17.127991,141.615585,0.170898,-486.450195,22.755156,0.105667,-146.236420,-7.008078,-0.910521,408.587463,20.137186,0.080681,-30.860901,63.995445,-0.072861,15.602112,5.719363,-0.023746,-63.200001,-13.178355,-0.073528,-7.886887,15.931322,-0.284195,-44.689178,-60.513943,-0.361633,490.112305,1.615743,0.194061,-332.306641,-12.068651,0.382710,-353.345886,-0.041993,0.238801,49.003731,-1.965804,-0.893998,-102.556946,31.223597,0.062943,-30.860901,-0.846118,0.665933,96.017120,-2.143895,-0.640726,-62.172413,31.286388,0.097275,-26.321411,-1.317421,0.899136,115.267044,-2.468424,-0.201058,-3.325939,31.275192,0.140572,-21.266937,-4.475683,0.210810,-9.646416,5.584915,0.081968,-1.339912,-5.844816,-0.392151,13.632774,5.805289,-0.228357,40.340424,-17.010548,0.168419,-28.839111,-9.721053,-0.090694,-72.755814,67.891113,0.172424,63.858032,-9.718936,-0.370502,25.796890,-2.844030,0.061679,126.137733,72.814796,-0.356293,-69.427490,1,1
27,252,0.013047,0.453387,-0.287586,0.479770,-0.123291,-0.840896,-0.217979,0.013047,0.453387,-0.287586,0.479770,-0.123291,-0.840896,-0.217979,-0.016606,0.357314,-0.215562,0.270607,-0.422029,-0.578572,-0.643364,0.062082,0.357593,-0.348545,0.348953,-0.321066,-0.597018,-0.647084,-0.361992,0.427388,-0.431016,0.415459,0.189357,-0.838459,0.297530,-0.285021,0.371177,-0.573557,0.507641,0.120763,-0.794010,0.311873,-0.128472,0.126028,-0.285569,0.366280,0.087243,-0.916516,0.135001,-0.072948,0.059819,-0.416760,0.596163,0.084113,-0.798155,0.021526,0.122832,0.475835,-0.222578,0.482105,0.003124,-0.875869,0.020468,0.073386,0.642479,-0.257568,0.373996,0.260585,-0.757216,0.467810,-0.015961,0.693658,-0.319194,0.373996,0.260585,-0.757216,0.467810,-0.127644,0.757633,-0.396227,0.373996,0.260585,-0.757216,0.467810,-0.004048,0.686834,-0.310978,0.401176,0.387685,-0.732778,0.389607,-0.004048,0.686834,-0.310978,0.334174,0.113278,-0.773327,0.526746,-0.196172,0.722927,-0.241252,0.233970,-0.101884,-0.964523,-0.067624,0.003506,0.714523,-0.512011,0.659129,0.064282,-0.740623,-0.113550,-0.284648,0.440231,-0.295098,0.434145,0.037983,-0.879816,-0.189732,-0.050137,0.429092,-0.592932,0.520960,-0.167256,-0.836171,-0.038009,-0.323787,0.224108,-0.382520,0.434340,0.004636,-0.853700,-0.287269,-0.133599,0.208252,-0.580783,0.494811,-0.267286,-0.819955,-0.106747,0.000000,0.000000,0.000000,15.849404,0.629772,18.740883,-24.614449,0.523654,-7.031967,-124.065468,1.217235,-175.999405,63.491020,-0.427246,-4.508278,-2.693331,-1.097137,-157.523743,3.930365,-1.084328,-113.175140,131.073975,-0.110973,9.609254,30.718048,-0.219345,1.387163,-17.486469,0.536832,62.535812,71.599861,3.698869,153.848953,1.057720,-0.114159,73.858429,8.104947,-2.040776,-120.501862,141.599564,-1.456521,-147.947205,22.744614,-0.958356,-96.729370,-7.028952,-1.897638,-89.737984,20.132473,-0.428460,-46.285519,63.997124,0.152588,20.495329,5.718353,-0.091769,-6.183908,-13.175015,0.303615,34.285770,15.940776,0.859434,103.966255,-60.535374,-1.948270,-144.239700,1.608750,-0.635743,-75.436722,-12.084978,-1.484264,-169.724869,-0.039785,0.200748,-3.459370,-1.970980,-0.470606,38.490219,31.223370,-0.020634,-7.597868,-0.841539,0.416273,-22.696318,-2.147177,-0.298348,31.125250,31.286383,-0.000520,-8.890451,-1.311801,0.510877,-35.296295,-2.468851,-0.038776,14.752987,31.275438,0.022368,-10.745782,-4.480989,-0.482342,-63.013832,5.581695,-0.292691,-34.059967,-5.853413,-0.781493,-35.394718,5.806493,0.109412,30.706343,-17.014065,-0.319741,-44.378170,-9.717114,0.358061,40.795979,67.883751,-0.669306,-76.520935,-9.728434,-0.863422,-44.810867,-2.850616,-0.598647,-60.029659,72.823616,0.801780,105.279343,1,1
28,267,0.013047,0.453724,-0.287586,0.480058,-0.123116,-0.840838,-0.217664,0.013047,0.453724,-0.287586,0.480058,-0.123116,-0.840838,-0.217664,-0.016499,0.357649,-0.215520,0.270594,-0.422169,-0.578323,-0.643502,0.062117,0.357949,-0.348546,0.349223,-0.320990,-0.597076,-0.646923,-0.361891,0.427970,-0.430884,0.415568,0.189266,-0.838527,0.297244,-0.285059,0.371322,-0.573459,0.507696,0.120995,-0.793926,0.311908,-0.128490,0.126439,-0.285600,0.365937,0.086817,-0.916607,0.135589,-0.072817,0.060028,-0.416762,0.596616,0.085381,-0.797676,0.021719,0.122851,0.476267,-0.222643,0.482254,0.003297,-0.875781,0.020702,0.073328,0.642886,-0.257665,0.373980,0.260603,-0.757146,0.467926,-0.016027,0.694037,-0.319304,0.373980,0.260603,-0.757146,0.467926,-0.127720,0.757977,-0.396352,0.373980,0.260603,-0.757146,0.467926,-0.004113,0.687217,-0.311085,0.401189,0.387773,-0.732692,0.389668,-0.004113,0.687217,-0.311085,0.334150,0.113246,-0.773255,0.526874,-0.196230,0.723235,-0.241334,0.234137,-0.101527,-0.964524,-0.067568,0.003460,0.714856,-0.512122,0.659062,0.064213,-0.740685,-0.113583,-0.284510,0.440497,-0.295192,0.434085,0.038013,-0.879842,-0.189744,-0.050219,0.429436,-0.593040,0.520896,-0.167360,-0.836183,-0.038158,-0.323634,0.224377,-0.382628,0.434295,0.004462,-0.853657,-0.287467,-0.133756,0.208623,-0.580930,0.494732,-0.267393,-0.819941,-0.106945,0.000000,0.000000,0.000000,15.815420,-2.427442,-218.372421,-24.583786,2.190181,119.037659,-124.020462,3.214700,142.676056,63.503872,0.917980,96.087563,-2.707505,-1.012376,6.054350,3.938651,0.591857,119.727486,131.059464,-1.036508,-66.109627,30.635563,-5.891800,-405.175354,-17.594997,-7.752010,-592.060120,71.677025,5.511693,129.487381,1.078339,1.472746,113.350342,8.102719,-0.159127,134.403488,141.598557,-0.071934,98.899033,22.673018,-5.114010,-296.832458,-7.112471,-5.965641,-290.571655,20.139832,0.525611,68.147903,63.999001,0.134059,-1.323467,5.716363,-0.142132,-3.597290,-13.180255,-0.374249,-48.418877,15.946730,0.425271,-31.011667,-60.572571,-2.656937,-50.619049,1.596737,-0.858068,-15.880380,-12.115531,-2.182348,-49.863106,-0.040719,-0.066733,-19.105774,-1.982655,-0.833912,-25.950413,31.213726,-0.688825,-47.727947,-0.836004,0.395332,-1.495811,-2.157616,-0.745654,-31.950411,31.277103,-0.662804,-47.305965,-1.301351,0.746446,16.826370,-2.474928,-0.434109,-28.238115,31.266754,-0.620297,-45.904644,-4.476360,0.330618,58.068634,5.586715,0.358582,46.519493,-5.843520,0.706605,106.292664,5.811009,0.322580,15.226277,-17.013338,0.051907,26.546293,-9.727324,-0.729220,-77.662971,67.899162,1.100813,126.437050,-9.717394,0.788552,117.998177,-2.838578,0.859823,104.176414,72.817345,-0.447954,-89.266739,1,1
29,276,0.013047,0.453788,-0.287586,0.480248,-0.123018,-0.840830,-0.217333,0.013047,0.453788,-0.287586,0.480248,-0.123018,-0.840830,-0.217333,-0.016418,0.357727,-0.215470,0.270921,-0.422123,-0.578082,-0.643611,0.062149,0.358016,-0.348525,0.348732,-0.321054,-0.597297,-0.646952,-0.361902,0.428130,-0.430657,0.415610,0.189624,-0.838505,0.297020,-0.284869,0.371460,-0.573682,0.507615,0.120425,-0.794100,0.311817,-0.128325,0.126599,-0.285658,0.366006,0.087200,-0.916552,0.135532,-0.073035,0.060004,-0.416755,0.596463,0.085159,-0.797814,0.021752,0.122863,0.476420,-0.222693,0.482376,0.003260,-0.875708,0.020914,0.073346,0.643038,-0.257773,0.374250,0.260285,-0.757119,0.467931,-0.015979,0.694228,-0.319421,0.374250,0.260285,-0.757119,0.467931,-0.127636,0.758216,-0.396482,0.374250,0.260285,-0.757119,0.467931,-0.004069,0.687402,-0.311201,0.401696,0.387248,-0.732603,0.389836,-0.004069,0.687402,-0.311201,0.334322,0.113039,-0.773206,0.526881,-0.196112,0.723811,-0.241412,0.234306,-0.102991,-0.964383,-0.066772,0.003506,0.715020,-0.512246,0.659039,0.064180,-0.740695,-0.113666,-0.285091,0.441167,-0.294654,0.433708,0.038547,-0.879831,-0.190547,-0.050216,0.429612,-0.593190,0.520861,-0.167341,-0.836208,-0.038188,-0.324123,0.225210,-0.382534,0.433997,0.004909,-0.853699,-0.287784,-0.133752,0.208797,-0.581101,0.494713,-0.267343,-0.819969,-0.106946,0.000000,0.000000,0.000000,15.778584,-3.683567,-125.612526,-24.558502,2.528381,33.820011,-123.988556,3.190613,-2.408719,63.552849,4.897690,397.971008,-2.769268,-6.176353,-516.397583,3.897698,-4.095292,-468.714905,131.030548,-2.891541,-185.503281,30.601412,-3.415108,247.669220,-17.614025,-1.902771,584.923889,71.728615,5.158997,-35.269596,1.070359,-0.798023,-227.076828,8.057037,-4.568195,-440.906799,141.610519,1.196289,126.822342,22.651331,-2.168655,294.535492,-7.116423,-0.395203,557.043884,20.130035,-0.979614,-150.522507,63.997040,-0.196075,-33.013481,5.715695,-0.066805,7.532665,-13.175107,0.514793,88.904243,16.157125,21.039581,2061.431152,-60.530037,4.253387,691.032410,1.558914,-3.782272,-292.420380,-12.070587,4.494381,667.672791,-0.031494,0.922583,98.931564,-1.993097,-1.044178,-21.026646,31.192509,-2.121735,-143.290924,-0.822072,1.393199,99.786690,-2.161690,-0.407457,33.819675,31.256477,-2.062607,-139.980316,-1.286662,1.468933,72.248665,-2.471243,0.368571,80.268044,31.246687,-2.006721,-138.642456,-4.480813,-0.445223,-77.584129,5.570569,-1.614666,-197.324753,-5.853120,-0.960016,-166.662079,5.767760,-4.324913,-464.749329,-17.016050,-0.271225,-32.313210,-9.735266,-0.794220,-6.499970,67.885025,-1.413727,-251.453949,-9.730108,-1.271439,-205.999100,-2.890246,-5.166841,-602.666321,72.808449,-0.889587,-44.163296,1,1
30,289,0.013047,0.453831,-0.287586,0.480331,-0.122947,-0.840817,-0.217237,0.013047,0.453831,-0.287586,0.480331,-0.122947,-0.840817,-0.217237,-0.016384,0.357767,-0.215459,0.270659,-0.422173,-0.578175,-0.643605,0.062163,0.358067,-0.348526,0.348943,-0.321020,-0.597189,-0.646955,-0.361785,0.428198,-0.430771,0.415571,0.189387,-0.838530,0.297156,-0.284921,0.371495,-0.573581,0.507676,0.120636,-0.794067,0.311720,-0.128330,0.126661,-0.285588,0.365902,0.086914,-0.916589,0.135747,-0.072978,0.060031,-0.416817,0.596610,0.085408,-0.797678,0.021719,0.122866,0.476494,-0.222710,0.482341,0.003434,-0.875728,0.020861,0.073316,0.643118,-0.257732,0.373874,0.260450,-0.757389,0.467703,-0.015994,0.694339,-0.319378,0.373874,0.260450,-0.757389,0.467703,-0.127631,0.758365,-0.396435,0.373874,0.260450,-0.757389,0.467703,-0.004086,0.687510,-0.311159,0.400972,0.387309,-0.733030,0.389718,-0.004086,0.687510,-0.311159,0.334116,0.113108,-0.773465,0.526616,-0.196294,0.723806,-0.241646,0.233052,-0.102788,-0.964652,-0.067582,0.003536,0.715235,-0.512185,0.659024,0.064188,-0.740700,-0.113713,-0.285168,0.441190,-0.295471,0.433256,0.039207,-0.880086,-0.190266,-0.050201,0.429833,-0.593149,0.520867,-0.167415,-0.836191,-0.038148,-0.323824,0.225188,-0.383404,0.433734,0.004465,-0.853956,-0.287427,-0.133755,0.209027,-0.581025,0.494706,-0.267456,-0.819946,-0.106870,0.000000,0.000000,0.000000,15.769341,-0.770251,242.776321,-24.547310,0.932693,-132.973984,-123.975624,1.077652,-176.080078,63.564606,0.979741,-326.495697,-2.760627,0.720143,574.707947,3.915642,1.495401,465.891083,131.027908,-0.219981,222.629959,30.592789,-0.718594,224.709518,-17.620735,-0.559171,111.966667,71.746620,1.500448,-304.879059,1.100366,2.500623,274.887177,8.083393,2.196312,563.708923,141.613190,0.222524,-81.147087,22.647814,-0.293096,156.296616,-7.126018,-0.799576,-33.697819,20.134958,0.410239,115.821098,63.995094,-0.162125,2.829234,5.721601,0.492136,46.578381,-13.174414,0.057777,-38.084721,16.062260,-7.905483,-2412.088623,-60.452515,6.460190,183.900192,1.434971,-10.328542,-545.522461,-12.118999,-4.034360,-710.728516,-0.051717,-1.685318,-217.325089,-1.996006,-0.242472,66.808861,31.183548,-0.746727,114.583961,-0.837609,-1.294697,-223.991348,-2.174628,-1.078109,-55.887630,31.247122,-0.779629,106.914833,-1.292935,-0.522822,-165.979568,-2.490392,-1.595775,-163.695541,31.237495,-0.765959,103.396828,-4.482055,-0.103513,28.475790,5.586744,1.347939,246.883743,-5.890082,-3.080130,-176.676102,5.794239,2.206564,544.289734,-17.015068,0.081857,29.423502,-9.712379,1.907269,225.124084,67.886368,0.111898,127.135384,-9.767649,-3.128370,-154.744247,-2.878132,1.009504,514.695374,72.836212,2.313614,266.933441,1,1
31,294,0.013047,0.453789,-0.287586,0.480340,-0.123004,-0.840832,-0.217128,0.013047,0.453789,-0.287586,0.480340,-0.123004,-0.840832,-0.217128,-0.016379,0.357742,-0.215434,0.270348,-0.422266,-0.578506,-0.643377,0.062162,0.358011,-0.348505,0.348866,-0.321003,-0.597120,-0.647068,-0.361719,0.427980,-0.430891,0.415534,0.189583,-0.838154,0.298139,-0.284889,0.371552,-0.573605,0.507648,0.120574,-0.794150,0.311580,-0.127869,0.126996,-0.285196,0.365775,0.087341,-0.916378,0.137224,-0.073043,0.060002,-0.416881,0.596533,0.085394,-0.797741,0.021598,0.122869,0.476469,-0.222721,0.482366,0.003397,-0.875710,0.021058,0.073286,0.643064,-0.257816,0.373906,0.260469,-0.757178,0.468008,-0.016045,0.694214,-0.319490,0.373906,0.260469,-0.757178,0.468008,-0.127708,0.758151,-0.396582,0.373906,0.260469,-0.757178,0.468008,-0.004134,0.687394,-0.311267,0.400952,0.387166,-0.732905,0.390115,-0.004134,0.687394,-0.311267,0.334100,0.113147,-0.773257,0.526923,-0.196427,0.723664,-0.241908,0.232349,-0.102346,-0.964906,-0.067052,0.003466,0.715012,-0.512313,0.659072,0.064174,-0.740679,-0.113580,-0.284941,0.440918,-0.295556,0.433155,0.039539,-0.880186,-0.189963,-0.050229,0.429590,-0.593214,0.520886,-0.167382,-0.836186,-0.038129,-0.323387,0.224860,-0.383446,0.433685,0.004481,-0.853940,-0.287548,-0.133767,0.208777,-0.581088,0.494721,-0.267406,-0.819948,-0.106909,0.000000,0.000000,0.000000,15.753981,-3.072166,-460.383118,-24.547140,0.033951,-179.748535,-123.972198,0.685120,-78.506470,63.588715,4.821777,768.407166,-2.770850,-2.044678,-552.964233,3.930952,3.061819,313.283630,131.024994,-0.582886,-72.580971,30.588408,-0.876236,-31.528473,-17.619194,0.308228,173.479706,71.729851,-3.353882,-970.865906,1.123574,4.641557,428.186676,8.120751,7.471657,1055.068970,141.704407,18.243408,3604.176514,22.593105,-10.941696,-2129.720215,-7.134701,-1.736546,-187.393829,20.137461,0.500488,18.049877,63.996941,0.369263,106.277466,5.716085,-1.103115,-319.050140,-13.179059,-0.929070,-197.369247,16.103834,8.314896,3244.075684,-60.392200,12.062836,1120.529175,1.423076,-2.379060,1589.896362,-12.180389,-12.277985,-1648.724854,-0.048573,0.628785,462.820618,-1.997399,-0.278592,-7.224083,31.192890,1.868439,523.033142,-0.834476,0.626516,384.242737,-2.174221,0.081253,231.872391,31.256571,1.889801,533.885925,-1.290772,0.432611,191.086533,-2.488391,0.400162,399.187408,31.246988,1.898575,532.906860,-4.482989,-0.186920,-16.681355,5.587681,0.187397,-232.108429,-5.915520,-5.087662,-401.506409,5.795952,0.342655,-372.781769,-17.019991,-0.984573,-213.286087,-9.726422,-2.808762,-943.206177,67.900215,2.769470,531.514526,-9.789245,-4.319191,-238.164276,-2.843392,6.948042,1187.707764,72.805969,-6.048584,-1672.439697,1,1
32,303,0.013047,0.453789,-0.287586,0.480340,-0.123004,-0.840832,-0.217128,0.013047,0.453789,-0.287586,0.480340,-0.123004,-0.840832,-0.217128,-0.016379,0.357742,-0.215434,0.270348,-0.422266,-0.578506,-0.643377,0.062162,0.358011,-0.348505,0.348866,-0.321003,-0.597120,-0.647068,-0.361719,0.427980,-0.430891,0.415534,0.189583,-0.838154,0.298139,-0.284889,0.371552,-0.573605,0.507648,0.120574,-0.794150,0.311580,-0.127869,0.126996,-0.285196,0.365775,0.087341,-0.916378,0.137224,-0.073043,0.060002,-0.416881,0.596533,0.085394,-0.797741,0.021598,0.122869,0.476469,-0.222721,0.482366,0.003397,-0.875710,0.021058,0.073286,0.643064,-0.257816,0.373906,0.260469,-0.757178,0.468008,-0.016045,0.694214,-0.319490,0.373906,0.260469,-0.757178,0.468008,-0.127708,0.758151,-0.396582,0.373906,0.260469,-0.757178,0.468008,-0.004134,0.687394,-0.311267,0.400952,0.387166,-0.732905,0.390115,-0.004134,0.687394,-0.311267,0.334100,0.113147,-0.773257,0.526923,-0.196427,0.723664,-0.241908,0.232349,-0.102346,-0.964906,-0.067052,0.003466,0.715012,-0.512313,0.659072,0.064174,-0.740679,-0.113580,-0.284941,0.440918,-0.295556,0.433155,0.039539,-0.880186,-0.189963,-0.050229,0.429590,-0.593214,0.520886,-0.167382,-0.836186,-0.038129,-0.323387,0.224860,-0.383446,0.433685,0.004481,-0.853940,-0.287548,-0.133767,0.208777,-0.581088,0.494721,-0.267406,-0.819948,-0.106909,0.000000,0.000000,0.000000,15.753981,0.000000,307.216644,-24.547140,0.000000,-3.395081,-123.972198,0.000000,-68.511963,63.588715,0.000000,-482.177734,-2.770850,0.000000,204.467773,3.930952,0.000000,-306.181915,131.024994,0.000000,58.288574,30.588408,0.000000,87.623596,-17.619194,0.000000,-30.822754,71.729851,0.000000,335.388184,1.123574,0.000000,-464.155670,8.120751,0.000000,-747.165649,141.704407,0.000000,-1824.340820,22.593105,0.000000,1094.169678,-7.134701,0.000000,173.654556,20.137461,0.000000,-50.048828,63.996941,0.000000,-36.926270,5.716085,0.000000,110.311508,-13.179059,0.000000,92.906952,16.103834,0.000000,-831.489563,-60.392200,0.000000,-1206.283569,1.423076,0.000000,237.905975,-12.180389,0.000000,1227.798462,-0.048573,0.000000,-62.878502,-1.997399,0.000000,27.859211,31.192890,0.000000,-186.843872,-0.834476,0.000000,-62.651634,-2.174221,0.000000,-8.125305,31.256571,0.000000,-188.980103,-1.290772,0.000000,-43.261051,-2.488391,0.000000,-40.016174,31.246988,0.000000,-189.857483,-4.482989,0.000000,18.692017,5.587681,0.000000,-18.739700,-5.915520,0.000000,508.766174,5.795952,0.000000,-34.265518,-17.019991,0.000000,98.457336,-9.726422,0.000000,280.876160,67.900215,0.000000,-276.947021,-9.789245,0.000000,431.919098,-2.843392,0.000000,-694.804260,72.805969,0.000000,604.858398,1,1
33,312,0.013047,0.453833,-0.287586,0.480352,-0.122996,-0.840835,-0.217095,0.013047,0.453833,-0.287586,0.480352,-0.122996,-0.840835,-0.217095,-0.016372,0.357788,-0.215429,0.270379,-0.422256,-0.578487,-0.643388,0.062165,0.358055,-0.348501,0.348879,-0.321014,-0.597203,-0.646980,-0.361719,0.428031,-0.430872,0.415532,0.189622,-0.838152,0.298123,-0.284893,0.371506,-0.573595,0.507639,0.120589,-0.794088,0.311746,-0.127850,0.127051,-0.285201,0.365787,0.087387,-0.916377,0.137177,-0.072978,0.060046,-0.416786,0.596557,0.085381,-0.797718,0.021809,0.122870,0.476523,-0.222725,0.482363,0.003377,-0.875711,0.021065,0.073299,0.643122,-0.257825,0.373926,0.260383,-0.757213,0.467984,-0.016018,0.694288,-0.319505,0.373926,0.260383,-0.757213,0.467984,-0.127666,0.758246,-0.396605,0.373926,0.260383,-0.757213,0.467984,-0.004109,0.687466,-0.311281,0.400922,0.387011,-0.732989,0.390143,-0.004109,0.687466,-0.311281,0.334120,0.113111,-0.773281,0.526883,-0.196426,0.723816,-0.241990,0.232038,-0.102664,-0.964946,-0.067065,0.003488,0.715098,-0.512330,0.659108,0.064195,-0.740644,-0.113583,-0.285094,0.441130,-0.295641,0.432726,0.039138,-0.880375,-0.190148,-0.050203,0.429673,-0.593235,0.520934,-0.167331,-0.836169,-0.038076,-0.323700,0.225107,-0.383547,0.433225,0.003978,-0.854076,-0.287844,-0.133709,0.208849,-0.581096,0.494782,-0.267341,-0.819944,-0.106826,0.000000,0.000000,0.000000,15.750447,-0.441670,-55.208801,-24.544624,0.314474,39.309265,-123.969978,0.277519,34.689903,63.580235,-1.060009,-132.501129,-2.770819,0.003904,0.488013,3.924582,-0.796258,-99.532303,131.031784,0.848770,106.096268,30.586123,-0.285625,-35.703182,-17.616945,0.281096,35.136940,71.734360,0.563622,70.452690,1.122563,-0.126347,-15.793368,8.115794,-0.619650,-77.456238,141.705887,0.185013,23.126602,22.595589,0.310421,38.802624,-7.132598,0.262797,32.849609,20.132378,-0.635386,-79.423187,63.997959,0.127316,15.914440,5.715886,-0.024915,-3.114343,-13.175173,0.485778,60.722233,16.115826,1.498938,187.367203,-60.406651,-1.806259,-225.782394,1.412406,-1.333714,-166.714188,-12.198702,-2.289057,-286.132111,-0.047792,0.097644,12.205505,-1.999692,-0.286549,-35.818665,31.188553,-0.542164,-67.770477,-0.832491,0.248171,31.021423,-2.175762,-0.192612,-24.076551,31.252335,-0.529528,-66.190956,-1.288137,0.329420,41.177498,-2.488690,-0.037313,-4.664063,31.242874,-0.514269,-64.283607,-4.487888,-0.612319,-76.539818,5.583684,-0.499606,-62.450768,-5.927750,-1.528680,-191.085037,5.795791,-0.020087,-2.510846,-17.023094,-0.387907,-48.488380,-9.723164,0.407338,50.917267,67.892387,-0.978470,-122.308731,-9.802353,-1.638532,-204.816467,-2.850504,-0.889033,-111.129135,72.813606,0.954628,119.328499,1,1
34,321,0.013047,0.453797,-0.287586,0.480528,-0.122952,-0.840742,-0.217090,0.013047,0.453797,-0.287586,0.480528,-0.122952,-0.840742,-0.217090,-0.016333,0.357740,-0.215430,0.270328,-0.422278,-0.578410,-0.643463,0.062155,0.358032,-0.348531,0.348828,-0.321048,-0.597211,-0.646982,-0.361655,0.428077,-0.430881,0.415521,0.189618,-0.838166,0.298102,-0.284896,0.371505,-0.573633,0.507652,0.120526,-0.794092,0.311738,-0.127796,0.127084,-0.285218,0.365750,0.087349,-0.916402,0.137129,-0.073021,0.060028,-0.416804,0.596527,0.085268,-0.797753,0.021795,0.122890,0.476493,-0.222762,0.482982,0.003673,-0.875370,0.021037,0.073131,0.643072,-0.257671,0.374912,0.261759,-0.756587,0.467439,-0.016459,0.694188,-0.318996,0.374912,0.261759,-0.756587,0.467439,-0.128447,0.758083,-0.395652,0.374912,0.261759,-0.756587,0.467439,-0.004514,0.687373,-0.310819,0.401599,0.387907,-0.732419,0.389626,-0.004514,0.687373,-0.310819,0.334455,0.114060,-0.773082,0.526759,-0.196782,0.723562,-0.241127,0.232296,-0.102382,-0.964918,-0.067008,0.002933,0.715045,-0.511754,0.658465,0.064602,-0.741305,-0.112771,-0.285299,0.440845,-0.294778,0.432599,0.039241,-0.880406,-0.190275,-0.050212,0.429497,-0.592522,0.520413,-0.167744,-0.836443,-0.037351,-0.323876,0.224849,-0.382761,0.433141,0.003641,-0.854012,-0.288165,-0.133703,0.208686,-0.580051,0.494111,-0.267627,-0.820283,-0.106609,0.000000,0.000000,0.000000,15.746996,-0.345135,9.653568,-24.543100,0.152397,-16.207695,-123.945496,2.448273,217.075348,63.585766,0.553131,161.314011,-2.793848,-2.302909,-230.681305,3.909852,-1.472950,-67.669151,131.030746,-0.103760,-95.252991,30.589388,0.326538,61.216358,-17.610823,0.612259,33.116341,71.750778,1.641846,107.822411,1.147802,2.523887,265.023407,8.120131,0.433731,105.338097,141.717087,1.119995,93.498230,22.600161,0.457191,14.677048,-7.136670,-0.407171,-66.996811,20.223770,9.139252,977.463745,64.015472,1.751328,162.401199,5.681679,-3.420734,-339.581970,-13.215069,-3.989601,-447.537903,16.137350,2.152443,65.350533,-60.453865,-4.721451,-291.519165,1.375765,-3.664136,-233.042206,-12.242667,-4.396534,-210.747726,-0.036032,1.176069,107.842445,-1.937118,6.257391,654.394043,31.199108,1.055527,159.769058,-0.855133,-2.264255,-251.242645,-2.116163,5.959940,615.255249,31.261156,0.882149,141.167633,-1.338702,-5.056477,-538.589661,-2.449455,3.923440,396.075226,31.248615,0.574112,108.838089,-4.387907,9.998083,1061.040161,5.545829,-3.785467,-328.586121,-5.987652,-5.990219,-446.153870,5.801705,0.591373,61.146019,-16.915386,10.770798,1115.870483,-9.730839,-0.767517,-117.485519,67.840080,-5.230713,-425.224304,-9.860718,-5.836487,-419.795502,-2.831689,1.881576,277.060852,72.807442,-0.616455,-157.108307,1,1
35,335,0.013047,0.453811,-0.287586,0.480476,-0.122941,-0.840778,-0.217074,0.013047,0.453811,-0.287586,0.480476,-0.122941,-0.840778,-0.217074,-0.016340,0.357756,-0.215429,0.270292,-0.422286,-0.578382,-0.643499,0.062165,0.358044,-0.348520,0.348851,-0.321015,-0.597201,-0.646996,-0.361644,0.428135,-0.430893,0.415505,0.189643,-0.838154,0.298143,-0.284884,0.371514,-0.573628,0.507638,0.120555,-0.794109,0.311707,-0.127760,0.127171,-0.285210,0.365813,0.087371,-0.916378,0.137103,-0.073005,0.060027,-0.416825,0.596580,0.085343,-0.797707,0.021738,0.122882,0.476512,-0.222750,0.482889,0.003571,-0.875423,0.020982,0.073192,0.643116,-0.257670,0.374918,0.261414,-0.756774,0.467325,-0.016337,0.694301,-0.319026,0.374918,0.261414,-0.756774,0.467325,-0.128249,0.758282,-0.395721,0.374918,0.261414,-0.756774,0.467325,-0.004400,0.687476,-0.310845,0.402168,0.387783,-0.732266,0.389450,-0.004400,0.687476,-0.310845,0.334353,0.113811,-0.773270,0.526601,-0.196438,0.723878,-0.240825,0.234092,-0.103245,-0.964430,-0.066461,0.003168,0.715224,-0.511766,0.658192,0.064792,-0.741520,-0.112847,-0.285502,0.441219,-0.293875,0.433533,0.038034,-0.880058,-0.190003,-0.049914,0.429699,-0.592641,0.520563,-0.167928,-0.836315,-0.037300,-0.324615,0.225153,-0.381450,0.433809,0.003773,-0.853746,-0.287948,-0.133463,0.208915,-0.580088,0.494296,-0.267438,-0.820224,-0.106683,0.000000,0.000000,0.000000,15.747338,0.024455,26.399261,-24.540094,0.214713,4.451129,-123.952591,-0.506810,-211.077316,63.587708,0.138691,-29.602829,-2.787521,0.451888,196.771225,3.916122,0.447886,137.202591,131.028244,-0.178746,-5.356147,30.589603,0.015395,-22.224504,-17.620445,-0.687327,-92.827538,71.759171,0.599452,-74.456657,1.143401,-0.314346,-202.730957,8.120070,-0.004428,-31.297060,141.729294,0.871931,-17.718882,22.607153,0.499453,3.018671,-7.130532,0.438452,60.401646,20.251822,2.003670,-509.684418,64.058395,3.065927,93.899948,5.634710,-3.354890,4.703164,-13.204561,0.750542,338.581604,16.118256,-1.363891,-251.166672,-60.546276,-6.600789,-134.238419,1.528047,10.877260,1038.671143,-12.177663,4.643168,645.692932,-0.033853,0.155593,-72.891098,-1.944324,-0.514746,-483.724060,31.185617,-0.963620,-144.224747,-0.849150,0.427387,192.260132,-2.121164,-0.357253,-451.228058,31.247971,-0.941822,-130.283600,-1.330575,0.580498,402.641052,-2.450684,-0.087789,-286.516357,31.235813,-0.914437,-106.324951,-4.390569,-0.190122,-727.728943,5.524475,-1.525334,161.438095,-5.923665,4.570518,754.338379,5.746452,-3.946611,-324.141754,-16.912994,0.170844,-757.139587,-9.731012,-0.012398,53.937096,67.811829,-2.017975,229.481293,-9.799430,4.377706,729.585144,-2.889817,-4.152009,-430.970276,72.782898,-1.753126,-81.190773,1,1
36,341,0.013047,0.453819,-0.287586,0.480389,-0.122821,-0.840845,-0.217073,0.013047,0.453819,-0.287586,0.480389,-0.122821,-0.840845,-0.217073,-0.016342,0.357754,-0.215443,0.270444,-0.421913,-0.578462,-0.643608,0.062198,0.358065,-0.348514,0.348862,-0.320938,-0.597214,-0.647016,-0.361595,0.427987,-0.431033,0.415181,0.190024,-0.838175,0.298294,-0.284827,0.371515,-0.573658,0.507580,0.120589,-0.794146,0.311694,-0.127482,0.127216,-0.285319,0.365607,0.087758,-0.916414,0.137170,-0.072944,0.060028,-0.416861,0.596548,0.085386,-0.797726,0.021722,0.122861,0.476536,-0.222720,0.482582,0.003524,-0.875592,0.021001,0.073238,0.643146,-0.257718,0.374485,0.260793,-0.757052,0.467569,-0.016170,0.694354,-0.319233,0.374485,0.260793,-0.757052,0.467569,-0.127929,0.758363,-0.396126,0.374485,0.260793,-0.757052,0.467569,-0.004249,0.687526,-0.311031,0.401839,0.387401,-0.732538,0.389659,-0.004249,0.687526,-0.311031,0.333950,0.112905,-0.773435,0.526810,-0.196316,0.723970,-0.241197,0.233938,-0.103199,-0.964465,-0.066561,0.003713,0.715076,-0.511941,0.657399,0.063967,-0.742310,-0.112742,-0.285358,0.441318,-0.294321,0.433493,0.038051,-0.880067,-0.190047,-0.049593,0.429518,-0.592550,0.519522,-0.168844,-0.836778,-0.037290,-0.324468,0.225261,-0.381919,0.433768,0.003783,-0.853735,-0.288041,-0.133487,0.208872,-0.579878,0.493074,-0.268496,-0.820585,-0.106903,0.000000,0.000000,0.000000,15.756308,1.494884,245.071594,-24.525980,2.352397,356.280640,-123.965385,-2.132416,-270.934357,63.591751,0.673930,89.206398,-2.778802,1.453280,166.898697,3.913543,-0.429988,-146.312378,131.025925,-0.386556,-34.635029,30.590851,0.207901,32.084328,-17.621071,-0.104268,97.176392,71.745804,-2.227783,-471.205933,1.148280,0.813107,187.908859,8.091180,-4.814943,-801.752502,141.749573,3.379822,417.981812,22.613577,1.070658,95.200920,-7.131915,-0.230551,-111.500427,20.257008,0.864347,-189.887161,64.050697,-1.283010,-724.822754,5.651437,2.787749,1023.773193,-13.234011,-4.908244,-943.130859,16.113243,-0.835419,88.078636,-60.535511,1.794179,1399.161255,1.529374,0.221173,-1776.014526,-12.183451,-0.964642,-934.634949,-0.034082,-0.038110,-32.283916,-1.972794,-4.744867,-705.020264,31.177982,-1.272519,-51.483280,-0.834381,2.461463,339.012787,-2.145612,-4.074613,-619.559998,31.241247,-1.120567,-29.790968,-1.305044,4.255096,612.432922,-2.463940,-2.209346,-353.592773,31.230492,-0.886917,4.586716,-4.370182,3.397862,597.997375,5.546115,3.606717,855.341797,-5.896190,4.579067,1.424869,5.749537,0.514110,743.453552,-16.894741,3.042221,478.562866,-9.720053,1.826604,306.500336,67.829254,2.904256,820.371826,-9.771929,4.583518,34.301998,-2.888804,0.168800,720.134827,72.784332,0.239054,332.030029,1,1
37,353,0.013047,0.453844,-0.287586,0.480375,-0.122811,-0.840880,-0.216976,0.013047,0.453844,-0.287586,0.480375,-0.122811,-0.840880,-0.216976,-0.016334,0.357788,-0.215427,0.270562,-0.421732,-0.578464,-0.643675,0.062211,0.358085,-0.348495,0.348835,-0.321059,-0.597274,-0.646914,-0.361576,0.427965,-0.431051,0.415036,0.190245,-0.838186,0.298321,-0.284847,0.371492,-0.573592,0.507673,0.120501,-0.794071,0.311768,-0.127339,0.127277,-0.285367,0.366042,0.087293,-0.916514,0.135631,-0.072972,0.060026,-0.416742,0.596608,0.085251,-0.797694,0.021787,0.122856,0.476584,-0.222719,0.482318,0.003529,-0.875734,0.021117,0.073248,0.643179,-0.257808,0.373817,0.260415,-0.757293,0.467924,-0.016063,0.694354,-0.319490,0.373817,0.260415,-0.757293,0.467924,-0.127701,0.758324,-0.396593,0.373817,0.260415,-0.757293,0.467924,-0.004154,0.687531,-0.311266,0.401366,0.387294,-0.732682,0.389981,-0.004154,0.687531,-0.311266,0.333514,0.112665,-0.773550,0.526968,-0.196254,0.723892,-0.241589,0.234015,-0.102949,-0.964470,-0.066601,0.003923,0.715040,-0.512215,0.657565,0.063913,-0.742192,-0.112584,-0.285171,0.441218,-0.294758,0.433554,0.037896,-0.880068,-0.189935,-0.049358,0.429435,-0.592719,0.519739,-0.168408,-0.836743,-0.037023,-0.324329,0.225137,-0.382278,0.433809,0.003617,-0.853706,-0.288069,-0.133024,0.208703,-0.580026,0.493090,-0.268761,-0.820468,-0.107063,0.000000,0.000000,0.000000,15.746655,-0.877554,-215.676208,-24.519176,0.618501,-157.626862,-123.965736,-0.031905,190.955551,63.596413,0.423778,-22.741062,-2.768650,0.922897,-48.216713,3.901312,-1.111898,-61.991787,131.023529,-0.217785,15.342859,30.592314,0.132994,-6.809708,-17.619287,0.162125,24.217548,71.748756,0.268416,226.927200,1.149657,0.125181,-62.538734,8.062287,-2.626592,198.940933,141.759155,0.871138,-228.062149,22.809650,17.824867,1523.109863,-7.115372,1.503901,157.677429,20.202681,-4.938819,-527.560608,64.074135,2.130682,310.335571,5.692548,3.737406,86.332474,-13.322157,-8.013291,-282.277069,16.088478,-2.251365,-128.722397,-60.554901,-1.762737,-323.356018,1.536149,0.615954,35.889217,-12.198604,-1.377539,-37.536144,-0.049345,-1.387526,-122.674187,-2.001270,-2.588727,196.012741,31.179474,0.135595,128.010422,-0.832750,0.148242,-210.292816,-2.177881,-2.933524,103.735405,31.243265,0.183452,118.547234,-1.286979,1.642292,-237.527634,-2.490669,-2.429832,-20.044239,31.233891,0.308990,108.718872,-4.406623,-3.312848,-610.064514,5.561859,1.431248,-197.769867,-5.859813,3.307039,-115.638924,5.747090,-0.222466,-66.961464,-16.929464,-3.156662,-563.534790,-9.698545,1.955206,11.691050,67.834175,0.447360,-223.354187,-9.736550,3.216223,-124.299484,-2.900263,-1.041694,-110.044952,72.789719,0.489668,22.783094,1,1
38,373,0.013047,0.453805,-0.287586,0.480444,-0.122897,-0.840828,-0.216974,0.013047,0.453805,-0.287586,0.480444,-0.122897,-0.840828,-0.216974,-0.016331,0.357756,-0.215417,0.270416,-0.421790,-0.578339,-0.643811,0.062187,0.358037,-0.348501,0.348848,-0.321034,-0.597192,-0.646996,-0.361509,0.428111,-0.431076,0.414995,0.190354,-0.838118,0.298501,-0.284867,0.371516,-0.573599,0.507647,0.120554,-0.794096,0.311726,-0.127160,0.127546,-0.285317,0.365944,0.087120,-0.916558,0.135709,-0.072980,0.060039,-0.416788,0.596551,0.085342,-0.797727,0.021797,0.122872,0.476534,-0.222743,0.482469,0.003425,-0.875640,0.021585,0.073171,0.643037,-0.258039,0.374149,0.260439,-0.756420,0.469057,-0.016229,0.693955,-0.319806,0.374149,0.260439,-0.756420,0.469057,-0.127978,0.757602,-0.397014,0.374149,0.260439,-0.756420,0.469057,-0.004309,0.687165,-0.311570,0.401608,0.387473,-0.731993,0.390848,-0.004309,0.687165,-0.311570,0.333608,0.112718,-0.772688,0.528161,-0.196424,0.723416,-0.241882,0.234173,-0.102937,-0.964456,-0.066268,0.003689,0.714252,-0.512588,0.657622,0.063798,-0.742182,-0.112376,-0.285304,0.440742,-0.294871,0.433143,0.036990,-0.880295,-0.190002,-0.049563,0.428608,-0.592962,0.519762,-0.168188,-0.836774,-0.037011,-0.324806,0.224670,-0.382257,0.433229,0.003603,-0.854001,-0.288067,-0.133142,0.207840,-0.580317,0.493016,-0.268929,-0.820435,-0.107232,0.000000,0.000000,0.000000,15.739716,-0.346947,26.530354,-24.529236,-0.502968,-56.073448,-123.955505,0.511551,27.172785,63.602116,0.285149,-6.931478,-2.780426,-0.588799,-75.584763,3.917290,0.798905,95.540123,131.031693,0.408173,31.297857,30.585321,-0.349617,-24.130562,-17.615686,0.180054,0.896454,71.770172,1.070786,40.118477,1.168878,0.961047,41.793339,8.057236,-0.252581,118.700584,141.811707,2.627563,87.821274,22.837254,1.380157,-822.235474,-7.145751,-1.518917,-151.140900,20.177423,-1.262856,183.798187,64.088554,0.720978,-70.485199,5.720119,1.378512,-117.944687,-13.365069,-2.145624,293.383362,16.105663,0.859261,155.531281,-60.646519,-4.580879,-140.907120,1.618237,4.104388,174.421661,-12.146240,2.618170,199.785446,-0.018855,1.524503,145.601471,-2.009429,-0.407970,109.037865,31.224222,2.237415,105.091019,-0.803770,1.449043,65.040016,-2.169229,0.432575,168.304916,31.288963,2.284908,105.072792,-1.268162,0.940835,-35.072834,-2.468113,1.127791,177.881180,31.279871,2.299023,99.501610,-4.400626,0.299859,180.635345,5.563762,0.095177,-66.803589,-5.850902,0.445533,-143.075302,5.798298,2.560401,139.143356,-16.944298,-0.741673,120.749474,-9.774940,-3.819752,-288.747864,67.904678,3.525162,153.890091,-9.733548,0.150108,-153.305756,-2.921800,-1.076877,-1.759148,72.882500,4.639053,207.469238,1,1
39,377,0.013047,0.453789,-0.287586,0.480463,-0.122916,-0.840801,-0.217028,0.013047,0.453789,-0.287586,0.480463,-0.122916,-0.840801,-0.217028,-0.016335,0.357737,-0.215424,0.270383,-0.421815,-0.578305,-0.643839,0.062176,0.358023,-0.348512,0.348845,-0.321055,-0.597185,-0.646994,-0.361502,0.428136,-0.431083,0.414995,0.190395,-0.838087,0.298563,-0.284885,0.371511,-0.573600,0.507662,0.120546,-0.794086,0.311728,-0.127109,0.127615,-0.285304,0.365972,0.087072,-0.916553,0.135701,-0.072998,0.060034,-0.416788,0.596578,0.085319,-0.797710,0.021785,0.122877,0.476504,-0.222747,0.482429,0.003424,-0.875667,0.021405,0.073220,0.643038,-0.257983,0.373984,0.260361,-0.756716,0.468753,-0.016138,0.694034,-0.319745,0.373984,0.260361,-0.756716,0.468753,-0.127835,0.757778,-0.396947,0.373984,0.260361,-0.756716,0.468753,-0.004223,0.687234,-0.311510,0.400914,0.387462,-0.732571,0.390488,-0.004223,0.687234,-0.311510,0.333575,0.112601,-0.772946,0.527829,-0.196481,0.723398,-0.242072,0.232994,-0.102825,-0.964654,-0.067708,0.003822,0.714436,-0.512512,0.657584,0.063744,-0.742180,-0.112648,-0.285384,0.440857,-0.295995,0.432435,0.037994,-0.880496,-0.190479,-0.049550,0.428815,-0.592979,0.519745,-0.168084,-0.836813,-0.036833,-0.324499,0.224891,-0.383814,0.432742,0.003636,-0.854235,-0.288104,-0.133047,0.208019,-0.580292,0.493030,-0.268856,-0.820497,-0.106879,0.000000,0.000000,0.000000,15.744029,0.862694,241.928101,-24.534609,-1.074600,-114.326477,-123.953636,0.373840,-27.542114,63.596661,-1.091003,-275.230408,-2.781915,-0.297928,58.174133,3.913936,-0.670719,-293.924805,131.032837,0.228882,-35.858154,30.587471,0.429916,155.906677,-17.616659,-0.194550,-74.920654,71.770111,-0.012207,-216.598511,1.173261,0.876737,-16.862141,8.060202,0.593185,169.153214,141.827637,3.186035,111.694336,22.849689,2.487183,221.405029,-7.150980,-1.045799,94.623566,20.136280,-8.228683,-1393.165649,64.085892,-0.532532,-250.701904,5.734295,2.835274,291.352264,-13.348882,3.237534,1076.631592,16.035522,-14.028168,-2977.485840,-60.582035,12.896729,3495.521484,1.487048,-26.237751,-6068.427734,-12.151001,-0.952148,-714.063599,-0.030097,-2.248531,-754.606812,-2.012853,-0.684786,-55.363178,31.213202,-2.204132,-888.309448,-0.811282,-1.502550,-590.318481,-2.177942,-1.742601,-435.035217,31.277786,-2.235413,-904.064148,-1.269699,-0.307298,-249.626633,-2.479487,-2.274799,-680.518188,31.268887,-2.196884,-899.181335,-4.404262,-0.727272,-205.426224,5.571389,1.525402,286.045074,-5.877880,-5.395508,-1168.208130,5.856470,11.634445,1814.808838,-16.946081,-0.356674,76.999664,-9.761045,2.779007,1319.751709,67.902771,-0.381470,-781.326294,-9.762814,-5.853081,-1200.637817,-2.905910,3.177929,850.961243,72.950447,13.589478,1790.084717,1,1
40,389,0.013047,0.453779,-0.287586,0.480455,-0.122931,-0.840803,-0.217028,0.013047,0.453779,-0.287586,0.480455,-0.122931,-0.840803,-0.217028,-0.016338,0.357729,-0.215423,0.270366,-0.421825,-0.578285,-0.643858,0.062174,0.358010,-0.348510,0.348827,-0.321064,-0.597173,-0.647010,-0.361499,0.428156,-0.431084,0.414997,0.190371,-0.838101,0.298536,-0.284883,0.371521,-0.573602,0.507669,0.120522,-0.794100,0.311693,-0.127129,0.127614,-0.285312,0.365972,0.087037,-0.916562,0.135655,-0.073024,0.060020,-0.416799,0.596574,0.085297,-0.797717,0.021737,0.122877,0.476492,-0.222746,0.482407,0.003394,-0.875678,0.021456,0.073222,0.643017,-0.258014,0.373966,0.260290,-0.756659,0.468900,-0.016131,0.693989,-0.319804,0.373966,0.260290,-0.756659,0.468900,-0.127822,0.757703,-0.397042,0.373966,0.260290,-0.756659,0.468900,-0.004217,0.687192,-0.311566,0.400887,0.387326,-0.732553,0.390685,-0.004217,0.687192,-0.311566,0.333586,0.112528,-0.772858,0.527966,-0.196513,0.723379,-0.242218,0.232653,-0.102775,-0.964758,-0.067474,0.003828,0.714333,-0.512582,0.657627,0.063624,-0.742147,-0.112680,-0.285323,0.440784,-0.296061,0.432075,0.038193,-0.880752,-0.190075,-0.049617,0.428720,-0.593008,0.519846,-0.168234,-0.836716,-0.036921,-0.324236,0.224743,-0.383786,0.432407,0.003998,-0.854592,-0.287544,-0.133192,0.207954,-0.580307,0.493100,-0.269046,-0.820377,-0.106997,0.000000,0.000000,0.000000,15.743527,-0.045603,-82.572433,-24.536060,-0.131954,85.695122,-123.954788,-0.104731,-43.506466,63.598869,0.200792,117.435936,-2.781985,-0.006351,26.507021,3.914890,0.086676,68.854103,131.030884,-0.177557,-36.948971,30.588438,0.087911,-31.091358,-17.617237,-0.052539,12.910070,71.773071,0.269110,25.574236,1.172983,-0.025294,-82.002792,8.058863,-0.121724,-64.991722,141.827103,-0.048551,-294.053253,22.852011,0.193437,-191.145493,-7.151083,-0.008583,86.434685,20.143770,0.624180,737.738586,64.093300,0.617345,95.823067,5.734615,0.026663,-234.050888,-13.355994,-0.592709,-319.186859,16.026863,-0.721614,1108.879517,-60.591999,-0.830332,-1143.921753,1.490236,0.265628,2208.614990,-12.125219,2.148469,258.384796,-0.027620,0.206412,204.578552,-2.016778,-0.327130,29.804640,31.217373,0.347614,212.645523,-0.807254,0.335683,153.186096,-2.180031,-0.174085,130.709671,31.282139,0.362714,216.510559,-1.265311,0.365674,56.081020,-2.479169,0.026504,191.775314,31.273418,0.377655,214.544922,-4.407639,-0.281374,37.158199,5.577412,0.501911,-85.290932,-5.888100,-0.851671,378.653076,5.855498,-0.081023,-976.289001,-16.952623,-0.545184,-15.709137,-9.767398,-0.529369,-275.697968,67.916824,1.171112,129.381821,-9.771932,-0.759840,424.436737,-2.896794,0.759721,-201.517334,72.940750,-0.808080,-1199.796509,1,1
41,401,0.013047,0.453852,-0.287586,0.480509,-0.123029,-0.840771,-0.216974,0.013047,0.453852,-0.287586,0.480509,-0.123029,-0.840771,-0.216974,-0.016335,0.357816,-0.215402,0.270181,-0.422393,-0.578197,-0.643642,0.062153,0.358069,-0.348503,0.348904,-0.320938,-0.597215,-0.646992,-0.361598,0.428413,-0.430850,0.415517,0.189797,-0.838057,0.298300,-0.284887,0.371492,-0.573626,0.507573,0.120653,-0.794103,0.311791,-0.127569,0.127576,-0.285139,0.366192,0.086640,-0.916526,0.135562,-0.072928,0.060069,-0.416803,0.596499,0.085500,-0.797747,0.021851,0.122891,0.476565,-0.222769,0.482485,0.003306,-0.875632,0.021584,0.073229,0.643072,-0.258095,0.374086,0.260247,-0.756469,0.469132,-0.016138,0.693997,-0.319902,0.374086,0.260247,-0.756469,0.469132,-0.127848,0.757653,-0.397161,0.374086,0.260247,-0.756469,0.469132,-0.004222,0.687207,-0.311661,0.401188,0.386972,-0.732330,0.391144,-0.004222,0.687207,-0.311661,0.333593,0.112509,-0.772687,0.528216,-0.196532,0.723618,-0.242384,0.232310,-0.103520,-0.964834,-0.066420,0.003832,0.714272,-0.512686,0.657535,0.063697,-0.742221,-0.112683,-0.285594,0.440984,-0.295574,0.431957,0.038076,-0.880856,-0.189882,-0.049571,0.428665,-0.593156,0.519752,-0.168120,-0.836793,-0.037026,-0.324505,0.224905,-0.383208,0.432236,0.004366,-0.854734,-0.287374,-0.133128,0.207888,-0.580535,0.492999,-0.268985,-0.820433,-0.107186,0.000000,0.000000,0.000000,15.730663,-1.169465,-102.169266,-24.544207,-0.740571,-55.328873,-123.945633,0.832298,85.184395,63.587219,-1.059099,-114.535500,-2.796359,-1.306729,-118.216194,3.937714,2.074979,180.754776,131.036407,0.502153,61.791786,30.584116,-0.392914,-43.711388,-17.619251,-0.183105,-11.869699,71.796478,2.127908,168.981628,1.149151,-2.166575,-194.661880,8.107882,4.456347,416.188202,141.788391,-3.519232,-315.516449,22.831068,-1.903881,-190.665237,-7.139191,1.081077,99.059959,20.140032,-0.339855,-87.639519,64.095871,0.233737,-34.873478,5.736324,0.155406,11.703857,-13.366881,-0.989741,-36.093815,16.131620,9.523392,931.364197,-60.533241,5.341617,561.086243,1.539624,4.489845,384.019653,-12.102464,2.068693,-7.252390,-0.022914,0.427830,20.128979,-2.019662,-0.262174,5.905130,31.225069,0.699650,32.003262,-0.801964,0.480896,13.201115,-2.180089,-0.005289,15.345160,31.290031,0.717510,32.254154,-1.261013,0.390671,2.272365,-2.476453,0.246893,20.035370,31.281431,0.728434,31.888977,-4.403694,0.358625,58.181686,5.570356,-0.641476,-103.944260,-5.915801,-2.518307,-151.512360,5.817553,-3.449527,-306.227661,-16.953299,-0.061382,43.981991,-9.791148,-2.159119,-148.159088,67.928291,1.042453,-11.696305,-9.799674,-2.522035,-160.199554,-2.918574,-1.980023,-249.067612,72.910896,-2.713984,-173.263977,1,1
42,405,0.013047,0.453816,-0.287586,0.480379,-0.123058,-0.840843,-0.216969,0.013047,0.453816,-0.287586,0.480379,-0.123058,-0.840843,-0.216969,-0.016363,0.357789,-0.215401,0.269868,-0.422179,-0.578328,-0.643795,0.062162,0.358022,-0.348480,0.348752,-0.320995,-0.597237,-0.647026,-0.361437,0.428402,-0.431148,0.415205,0.189522,-0.838262,0.298334,-0.284842,0.371514,-0.573655,0.507579,0.120474,-0.794150,0.311731,-0.127632,0.127495,-0.285221,0.365793,0.086522,-0.916695,0.135574,-0.073017,0.060023,-0.416785,0.596475,0.085303,-0.797789,0.021752,0.122875,0.476525,-0.222741,0.482400,0.003294,-0.875678,0.021610,0.073209,0.643028,-0.258077,0.374024,0.260315,-0.756463,0.469155,-0.016165,0.693939,-0.319886,0.374024,0.260315,-0.756463,0.469155,-0.127883,0.757578,-0.397146,0.374024,0.260315,-0.756463,0.469155,-0.004249,0.687151,-0.311644,0.401183,0.387007,-0.732283,0.391203,-0.004249,0.687151,-0.311644,0.333452,0.112658,-0.772729,0.528212,-0.196556,0.723569,-0.242360,0.232368,-0.103659,-0.964813,-0.066300,0.003818,0.714276,-0.512665,0.657490,0.064066,-0.742244,-0.112589,-0.285688,0.440943,-0.295454,0.432066,0.037906,-0.880807,-0.189897,-0.049375,0.428653,-0.593249,0.519631,-0.167559,-0.836984,-0.036954,-0.324682,0.224865,-0.383052,0.432331,0.004144,-0.854691,-0.287361,-0.132701,0.207781,-0.580754,0.492999,-0.268158,-0.820709,-0.107149,0.000000,0.000000,0.000000,15.732507,0.460863,407.581970,-24.544491,-0.071049,167.380676,-123.963730,-4.524231,-1339.132080,63.595585,2.091408,787.626648,-2.789168,1.797855,776.145935,3.930539,-1.793861,-967.210022,131.030106,-1.575470,-519.405701,30.588484,1.091957,371.217712,-17.619343,-0.022888,40.054321,71.797554,0.268936,-464.742828,1.181489,8.084476,2562.762695,8.105230,-0.663042,-1279.847168,141.775772,-3.154755,91.119232,22.824406,-1.665592,59.572132,-7.132118,1.768231,171.788727,20.115385,-6.161690,-1455.458740,64.090446,-1.356125,-397.465424,5.709636,-6.672025,-1706.857544,-13.349627,4.313707,1325.861938,16.141727,2.526760,-1749.157959,-60.524296,2.236366,-776.312561,1.534035,-1.397192,-1471.759277,-12.101997,0.116587,-488.026550,-0.025060,-0.536514,-241.086090,-2.013270,1.598120,465.073364,31.228125,0.763893,16.060740,-0.807208,-1.311004,-447.974976,-2.175750,1.084864,272.538177,31.292824,0.698090,-4.855066,-1.267844,-1.707613,-524.570984,-2.475465,0.247061,0.041995,31.283905,0.618458,-27.493998,-4.406606,-0.728011,-271.659027,5.556969,-3.346801,-676.331177,-5.916324,-0.130773,596.883606,5.809026,-2.131701,329.456573,-16.954033,-0.183582,-30.550089,-9.794930,-0.945568,303.387634,67.914001,-3.572464,-1153.729248,-9.801038,-0.340939,545.274109,-2.930757,-3.045797,-266.443604,72.910995,0.024796,684.694824,1,1
43,412,0.013047,0.453821,-0.287586,0.480390,-0.123031,-0.840839,-0.216978,0.013047,0.453821,-0.287586,0.480390,-0.123031,-0.840839,-0.216978,-0.016358,0.357790,-0.215405,0.269889,-0.422134,-0.578342,-0.643804,0.062166,0.358033,-0.348485,0.348807,-0.320993,-0.597216,-0.647017,-0.361428,0.428381,-0.431167,0.415170,0.189546,-0.838276,0.298328,-0.284859,0.371513,-0.573630,0.507597,0.120528,-0.794132,0.311725,-0.127616,0.127479,-0.285242,0.365783,0.086609,-0.916691,0.135568,-0.072998,0.060029,-0.416793,0.596516,0.085349,-0.797754,0.021753,0.122875,0.476533,-0.222741,0.482384,0.003295,-0.875688,0.021578,0.073222,0.643042,-0.258071,0.374004,0.260239,-0.756525,0.469113,-0.016137,0.693972,-0.319887,0.374004,0.260239,-0.756525,0.469113,-0.127835,0.757635,-0.397156,0.374004,0.260239,-0.756525,0.469113,-0.004222,0.687182,-0.311645,0.401109,0.386896,-0.732386,0.391196,-0.004222,0.687182,-0.311645,0.333462,0.112583,-0.772771,0.528160,-0.196553,0.723646,-0.242424,0.232100,-0.103835,-0.964853,-0.066388,0.003858,0.714314,-0.512665,0.657489,0.064000,-0.742243,-0.112638,-0.285772,0.441064,-0.295577,0.431715,0.037754,-0.880944,-0.190089,-0.049382,0.428696,-0.593245,0.519629,-0.167598,-0.836977,-0.036960,-0.324833,0.225025,-0.383240,0.431968,0.003962,-0.854797,-0.287594,-0.132724,0.207831,-0.580742,0.493016,-0.268104,-0.820716,-0.107148,0.000000,0.000000,0.000000,15.734598,0.298773,-23.155796,-24.542408,0.297546,52.656445,-123.962509,0.174386,671.231018,63.594513,-0.153133,-320.648682,-2.784855,0.616142,-168.816162,3.931465,0.132288,275.164246,131.030502,0.056676,233.163651,30.588228,-0.036512,-161.209885,-17.620304,-0.137329,-16.348703,71.794975,-0.368391,-91.046707,1.184585,0.442283,-1091.741821,8.103804,-0.203814,65.604034,141.773499,-0.324794,404.280060,22.820587,-0.545502,160.012924,-7.125492,0.946522,-117.387093,20.110373,-0.716073,777.945251,64.090416,-0.004360,193.109329,5.700908,-1.246929,775.013672,-13.342937,0.955718,-479.712738,16.152704,1.568113,-136.949570,-60.531883,-1.083919,-474.326477,1.528497,-0.791175,86.573921,-12.108979,-0.997407,-159.141968,-0.024959,0.014519,78.718925,-2.016288,-0.431129,-289.892670,31.224491,-0.519071,-183.280640,-0.805447,0.251583,223.226685,-2.178263,-0.358990,-206.264908,31.289295,-0.504085,-171.739243,-1.264918,0.417965,303.654022,-2.476705,-0.177179,-60.605762,31.280533,-0.481742,-157.171371,-4.408710,-0.300680,61.047321,5.558684,0.245026,513.118103,-5.924718,-1.199177,-152.629257,5.810986,0.279972,344.524597,-16.955553,-0.217165,-4.797565,-9.791137,0.541959,212.503937,67.913086,-0.130790,491.667786,-9.809902,-1.266343,-132.200668,-2.933318,-0.365836,382.851562,72.916862,0.838143,116.192566,1,1
44,425,0.013047,0.453815,-0.287586,0.480412,-0.122936,-0.840844,-0.216962,0.013047,0.453815,-0.287586,0.480412,-0.122936,-0.840844,-0.216962,-0.016341,0.357773,-0.215411,0.269730,-0.422014,-0.578521,-0.643789,0.062184,0.358039,-0.348492,0.348848,-0.321050,-0.597202,-0.646979,-0.361328,0.428269,-0.431343,0.415033,0.189236,-0.838437,0.298262,-0.284876,0.371509,-0.573582,0.507667,0.120537,-0.794090,0.311715,-0.127759,0.127237,-0.285297,0.365845,0.086832,-0.916644,0.135578,-0.072999,0.060023,-0.416774,0.596602,0.085277,-0.797697,0.021758,0.122870,0.476542,-0.222739,0.482379,0.003500,-0.875690,0.021559,0.073148,0.643041,-0.258016,0.373779,0.260589,-0.756573,0.469021,-0.016244,0.693948,-0.319803,0.373779,0.260589,-0.756573,0.469021,-0.127983,0.757582,-0.397037,0.373779,0.260589,-0.756573,0.469021,-0.004325,0.687160,-0.311565,0.400987,0.387079,-0.732322,0.391259,-0.004325,0.687160,-0.311565,0.333453,0.112652,-0.772793,0.528120,-0.196687,0.723552,-0.242359,0.231977,-0.103629,-0.964928,-0.066049,0.003740,0.714253,-0.512575,0.657529,0.063549,-0.742237,-0.112702,-0.285756,0.440901,-0.295334,0.431989,0.037007,-0.880991,-0.189398,-0.049722,0.428631,-0.593007,0.519573,-0.167980,-0.836938,-0.036892,-0.325010,0.224719,-0.382560,0.432301,0.001838,-0.854906,-0.286790,-0.133194,0.207821,-0.580388,0.493081,-0.267713,-0.820811,-0.107106,0.000000,0.000000,0.000000,15.737276,0.205994,-7.136838,-24.532106,0.792430,38.067970,-123.959564,0.226534,4.011398,63.599895,0.414041,43.628784,-2.776113,0.672432,4.330025,3.920306,-0.858380,-76.205269,131.028305,-0.169020,-17.361225,30.591084,0.219639,19.703896,-17.616667,0.279793,32.086346,71.787903,-0.544035,-13.511059,1.212107,2.117139,128.835007,8.120670,1.297437,115.480843,141.731705,-3.214910,-222.316559,22.781750,-2.987495,-187.845627,-7.062753,4.826106,298.429504,20.101742,-0.663904,4.013006,64.082199,-0.632066,-48.285103,5.623093,-5.985774,-364.526489,-13.295776,3.627704,205.537354,16.087452,-5.019408,-506.732422,-60.531425,0.035213,86.087044,1.382300,-11.245911,-804.210388,-12.164327,-4.257495,-250.776031,-0.036034,-0.851950,-66.651413,-2.010122,0.474325,69.650269,31.227325,0.218025,56.699684,-0.818204,-0.981326,-94.839149,-2.178745,-0.037083,24.762075,31.291653,0.181345,52.725368,-1.275653,-0.825763,-95.671349,-2.483739,-0.541100,-27.993929,31.282581,0.157576,49.178318,-4.394651,1.081467,106.318970,5.596759,2.928844,206.447525,-5.937834,-1.008877,14.638460,5.785633,-1.950227,-171.553772,-16.946966,0.660529,67.514977,-9.777890,1.018964,36.692680,67.950989,2.915602,234.337830,-9.821273,-0.874666,30.129011,-2.932520,0.061402,32.864479,72.881424,-2.726041,-274.168030,1,1
45,432,0.013047,0.453815,-0.287586,0.480412,-0.122936,-0.840844,-0.216962,0.013047,0.453815,-0.287586,0.480412,-0.122936,-0.840844,-0.216962,-0.016341,0.357773,-0.215411,0.269730,-0.422014,-0.578521,-0.643789,0.062184,0.358039,-0.348492,0.348848,-0.321050,-0.597202,-0.646979,-0.361328,0.428269,-0.431343,0.415033,0.189236,-0.838437,0.298262,-0.284876,0.371509,-0.573582,0.507667,0.120537,-0.794090,0.311715,-0.127759,0.127237,-0.285297,0.365845,0.086832,-0.916644,0.135578,-0.072999,0.060023,-0.416774,0.596602,0.085277,-0.797697,0.021758,0.122870,0.476542,-0.222739,0.482379,0.003500,-0.875690,0.021559,0.073148,0.643041,-0.258016,0.373779,0.260589,-0.756573,0.469021,-0.016244,0.693948,-0.319803,0.373779,0.260589,-0.756573,0.469021,-0.127983,0.757582,-0.397037,0.373779,0.260589,-0.756573,0.469021,-0.004325,0.687160,-0.311565,0.400987,0.387079,-0.732322,0.391259,-0.004325,0.687160,-0.311565,0.333453,0.112652,-0.772793,0.528120,-0.196687,0.723552,-0.242359,0.231977,-0.103629,-0.964928,-0.066049,0.003740,0.714253,-0.512575,0.657529,0.063549,-0.742237,-0.112702,-0.285756,0.440901,-0.295334,0.431989,0.037007,-0.880991,-0.189398,-0.049722,0.428631,-0.593007,0.519573,-0.167980,-0.836938,-0.036892,-0.325010,0.224719,-0.382560,0.432301,0.001838,-0.854906,-0.286790,-0.133194,0.207821,-0.580388,0.493081,-0.267713,-0.820811,-0.107106,0.000000,0.000000,0.000000,15.737276,0.000000,-29.427664,-24.532106,0.000000,-113.204285,-123.959564,0.000000,-32.362049,63.599895,0.000000,-59.148769,-2.776113,0.000000,-96.061722,3.920306,0.000000,122.625748,131.028305,0.000000,24.145777,30.591084,0.000000,-31.376932,-17.616667,0.000000,-39.970486,71.787903,0.000000,77.719223,1.212107,0.000000,-302.448395,8.120670,0.000000,-185.348160,141.731705,0.000000,459.272797,22.781750,0.000000,426.784973,-7.062753,0.000000,-689.443665,20.101742,0.000000,94.843437,64.082199,0.000000,90.295151,5.623093,0.000000,855.110474,-13.295776,0.000000,-518.243347,16.087452,0.000000,717.058289,-60.531425,0.000000,-5.030370,1.382300,0.000000,1606.558594,-12.164327,0.000000,608.213684,-0.036034,0.000000,121.707115,-2.010122,0.000000,-67.760658,31.227325,0.000000,-31.146376,-0.818204,0.000000,140.189484,-2.178745,0.000000,5.297608,31.291653,0.000000,-25.906404,-1.275653,0.000000,117.966110,-2.483739,0.000000,77.300026,31.282581,0.000000,-22.510906,-4.394651,0.000000,-154.495239,5.596759,0.000000,-418.406281,-5.937834,0.000000,144.125336,5.785633,0.000000,278.603912,-16.946966,0.000000,-94.361351,-9.777890,0.000000,-145.566330,67.950989,0.000000,-416.514648,-9.821273,0.000000,124.952293,-2.932520,0.000000,-8.771708,72.881424,0.000000,389.434479,1,1
46,442,0.013047,0.453799,-0.287586,0.480437,-0.122962,-0.840823,-0.216973,0.013047,0.453799,-0.287586,0.480437,-0.122962,-0.840823,-0.216973,-0.016340,0.357758,-0.215410,0.269761,-0.422083,-0.578486,-0.643761,0.062175,0.358021,-0.348496,0.348847,-0.321069,-0.597173,-0.646997,-0.361360,0.428274,-0.431284,0.415114,0.189211,-0.838424,0.298203,-0.284892,0.371521,-0.573575,0.507686,0.120530,-0.794093,0.311678,-0.127809,0.127205,-0.285286,0.365954,0.086839,-0.916605,0.135543,-0.073029,0.060014,-0.416789,0.596605,0.085278,-0.797696,0.021715,0.122876,0.476520,-0.222747,0.482396,0.003447,-0.875681,0.021581,0.073167,0.643017,-0.258047,0.373832,0.260484,-0.756525,0.469113,-0.016217,0.693916,-0.319852,0.373832,0.260484,-0.756525,0.469113,-0.127947,0.757541,-0.397107,0.373832,0.260484,-0.756525,0.469113,-0.004299,0.687130,-0.311611,0.401031,0.386895,-0.732317,0.391405,-0.004299,0.687130,-0.311611,0.333497,0.112593,-0.772726,0.528202,-0.196687,0.723582,-0.242477,0.231664,-0.103680,-0.965014,-0.065801,0.003757,0.714191,-0.512632,0.657572,0.063526,-0.742194,-0.112746,-0.285720,0.440891,-0.295349,0.431616,0.037082,-0.881252,-0.189017,-0.049739,0.428579,-0.593068,0.519648,-0.168004,-0.836883,-0.036968,-0.324827,0.224639,-0.382465,0.431934,0.002151,-0.855280,-0.286224,-0.133238,0.207778,-0.580465,0.493166,-0.267681,-0.820758,-0.107191,0.000000,0.000000,0.000000,15.736390,-0.080542,-7.322012,-24.535837,-0.339161,-30.832844,-123.956192,0.306563,27.869356,63.601395,0.136289,12.389884,-2.778165,-0.186508,-16.955305,3.922023,0.156099,14.190830,131.027893,-0.037453,-3.404854,30.590677,-0.036933,-3.357564,-17.616915,-0.022541,-2.049217,71.788002,0.009017,0.819687,1.206723,-0.489506,-44.500534,8.122307,0.148773,13.524836,141.726746,-0.450828,-40.984352,22.777430,-0.392740,-35.703674,-7.056518,0.566829,51.529942,20.103756,0.183105,16.645952,64.085068,0.260787,23.707869,5.615620,-0.679320,-61.756325,-13.293676,0.190908,17.355295,16.079504,-0.722538,-65.685303,-60.545559,-1.284859,-116.805397,1.391642,0.849301,77.209198,-12.131455,2.988295,271.663208,-0.032120,0.355791,32.344601,-2.014419,-0.390660,-35.514519,31.229078,0.159350,14.486392,-0.812681,0.502164,45.651245,-2.180396,-0.150052,-13.641089,31.293638,0.180505,16.409504,-1.270137,0.501459,45.587208,-2.482273,0.133254,12.114028,31.284775,0.199405,18.127693,-4.399330,-0.425339,-38.667160,5.594970,-0.162645,-14.785892,-5.949214,-1.034520,-94.047264,5.782606,-0.275178,-25.016218,-16.953102,-0.557813,-50.710251,-9.784823,-0.630292,-57.299271,67.955215,0.384244,34.931278,-9.831478,-0.927752,-84.341064,-2.923710,0.800935,72.812248,72.869286,-1.103488,-100.317070,1,1
47,454,0.013047,0.453807,-0.287586,0.480455,-0.122893,-0.840820,-0.216983,0.013047,0.453807,-0.287586,0.480455,-0.122893,-0.840820,-0.216983,-0.016329,0.357757,-0.215419,0.269811,-0.422035,-0.578491,-0.643768,0.062186,0.358041,-0.348504,0.348893,-0.321015,-0.597170,-0.647002,-0.361355,0.428247,-0.431292,0.415084,0.189273,-0.838427,0.298197,-0.284879,0.371517,-0.573588,0.507655,0.120596,-0.794101,0.311683,-0.127771,0.127193,-0.285313,0.365936,0.086912,-0.916606,0.135537,-0.072979,0.060026,-0.416820,0.596592,0.085350,-0.797698,0.021729,0.122873,0.476535,-0.222745,0.482395,0.003581,-0.875681,0.021547,0.073123,0.643028,-0.258005,0.373695,0.260701,-0.756567,0.469034,-0.016280,0.693918,-0.319789,0.373695,0.260701,-0.756567,0.469034,-0.128034,0.757531,-0.397019,0.373695,0.260701,-0.756567,0.469034,-0.004360,0.687133,-0.311551,0.400851,0.387173,-0.732333,0.391285,-0.004360,0.687133,-0.311551,0.333367,0.112790,-0.772811,0.528118,-0.196759,0.723439,-0.242389,0.231763,-0.103260,-0.965015,-0.066096,0.003697,0.714270,-0.512559,0.657546,0.063775,-0.742196,-0.112743,-0.285602,0.440728,-0.295476,0.431695,0.037546,-0.881151,-0.189215,-0.049686,0.428663,-0.593093,0.519627,-0.167765,-0.836943,-0.037005,-0.324566,0.224518,-0.382758,0.432059,0.002621,-0.855161,-0.286388,-0.133102,0.207828,-0.580567,0.493177,-0.267436,-0.820826,-0.107233,0.000000,0.000000,0.000000,15.740616,0.422573,50.311523,-24.529608,0.622940,96.210129,-123.954155,0.203705,-10.285810,63.600773,-0.062180,-19.846828,-2.779184,-0.101900,8.460825,3.921623,-0.040054,-19.615345,131.028519,0.062561,10.001443,30.590366,-0.031090,0.584342,-17.616590,0.032425,5.496632,71.787094,-0.090790,-9.980635,1.207622,0.089955,57.946125,8.122786,0.047874,-10.089874,141.726257,-0.048828,40.199974,22.776278,-0.115204,27.753656,-7.056000,0.051785,-51.504478,20.103384,-0.037193,-22.029877,64.083145,-0.192261,-45.304729,5.615118,-0.050259,62.906090,-13.292793,0.088310,-10.259802,16.079367,-0.013733,70.880539,-60.546047,-0.048828,123.603127,1.392283,0.064099,-78.520233,-12.128222,0.323391,-266.490417,-0.038716,-0.659513,-101.530411,-2.010674,0.374508,76.516762,31.230486,0.140762,-1.858798,-0.820308,-0.762707,-126.487061,-2.180620,-0.022459,12.759295,31.294758,0.111961,-6.854318,-1.276579,-0.644183,-114.564255,-2.486426,-0.415277,-54.853180,31.285706,0.093079,-10.632601,-4.397126,0.220442,64.578056,5.594825,-0.014448,14.819666,-5.943816,0.539732,157.425186,5.790962,0.835609,111.078781,-16.950647,0.245476,80.328850,-9.784074,0.074959,70.525078,67.954155,-0.106049,-49.029263,-9.825776,0.570202,149.795364,-2.916403,0.730705,-7.022947,72.873421,0.413513,151.700104,1,1
48,479,0.013047,0.453814,-0.287586,0.480454,-0.122940,-0.840816,-0.216973,0.013047,0.453814,-0.287586,0.480454,-0.122940,-0.840816,-0.216973,-0.016334,0.357770,-0.215412,0.269774,-0.422019,-0.578573,-0.643720,0.062177,0.358041,-0.348500,0.348851,-0.321008,-0.597203,-0.646997,-0.361351,0.428200,-0.431323,0.415073,0.189160,-0.838461,0.298188,-0.284869,0.371508,-0.573611,0.507624,0.120567,-0.794104,0.311738,-0.127844,0.127107,-0.285302,0.365931,0.086995,-0.916587,0.135626,-0.072973,0.060039,-0.416793,0.596548,0.085352,-0.797728,0.021794,0.122877,0.476539,-0.222749,0.482452,0.003392,-0.875650,0.021548,0.073196,0.643050,-0.258040,0.374076,0.260372,-0.756516,0.468996,-0.016183,0.693990,-0.319817,0.374076,0.260372,-0.756516,0.468996,-0.127908,0.757664,-0.397038,0.374076,0.260372,-0.756516,0.468996,-0.004266,0.687198,-0.311580,0.401279,0.386853,-0.732311,0.391204,-0.004266,0.687198,-0.311580,0.333639,0.112540,-0.772735,0.528111,-0.196588,0.723715,-0.242331,0.232070,-0.103858,-0.964890,-0.065914,0.003778,0.714285,-0.512595,0.657526,0.063581,-0.742227,-0.112770,-0.285765,0.441043,-0.295193,0.432085,0.037362,-0.881013,-0.189004,-0.049695,0.428672,-0.593069,0.519539,-0.167944,-0.836966,-0.036908,-0.324801,0.224787,-0.382332,0.432371,0.003397,-0.855334,-0.285390,-0.133157,0.207858,-0.580469,0.493126,-0.267376,-0.820895,-0.107088,0.000000,0.000000,0.000000,15.736939,-0.136164,-20.693947,-24.533873,-0.157957,-28.922104,-123.953850,0.011303,-7.126001,63.598156,-0.096922,-1.286741,-2.785144,-0.220749,-4.401815,3.922954,0.049317,3.310061,131.032059,0.131113,2.538945,30.587595,-0.102644,-2.650142,-17.616920,-0.012221,-1.653559,71.776756,-0.382883,-10.818251,1.213210,0.206956,4.333364,8.123861,0.039842,-0.297484,141.708969,-0.640304,-21.906515,22.755486,-0.770074,-24.254463,-7.038997,0.629743,21.405869,20.097872,-0.204157,-6.183839,64.075363,-0.288222,-3.554105,5.595512,-0.726135,-25.032448,-13.272280,0.759761,24.868530,16.070286,-0.336329,-11.948009,-60.519264,0.991963,38.547802,1.455097,2.326413,83.789421,-11.992701,5.019294,173.922333,-0.023637,0.558454,45.109890,-2.012481,-0.066951,-16.350346,31.221191,-0.344241,-17.963091,-0.806191,0.522834,47.612640,-2.174308,0.233774,9.490106,31.285913,-0.327569,-16.278919,-1.267499,0.336281,36.313473,-2.473722,0.470532,32.807770,31.276978,-0.323260,-15.419959,-4.396696,0.015912,-7.575170,5.579656,-0.561820,-20.273037,-5.937832,0.221641,-11.781148,5.785497,-0.202409,-38.445110,-16.947296,0.124119,-4.494697,-9.786762,-0.099571,-6.464054,67.936203,-0.664888,-20.697742,-9.820518,0.194726,-13.906507,-2.926105,-0.359341,-40.372078,72.874916,0.055384,-13.264054,1,1
49,484,0.013047,0.453783,-0.287586,0.480470,-0.122948,-0.840792,-0.217027,0.013047,0.453783,-0.287586,0.480470,-0.122948,-0.840792,-0.217027,-0.016337,0.357734,-0.215420,0.269781,-0.422039,-0.578526,-0.643747,0.062169,0.358012,-0.348511,0.348854,-0.321026,-0.597156,-0.647030,-0.361357,0.428206,-0.431312,0.415091,0.189151,-0.838475,0.298128,-0.284885,0.371524,-0.573608,0.507646,0.120567,-0.794112,0.311681,-0.127870,0.127081,-0.285327,0.365949,0.086979,-0.916590,0.135570,-0.073006,0.060026,-0.416826,0.596561,0.085348,-0.797720,0.021735,0.122881,0.476494,-0.222751,0.482474,0.003385,-0.875642,0.021426,0.073226,0.643026,-0.257996,0.374107,0.260366,-0.756637,0.468779,-0.016144,0.694015,-0.319746,0.374107,0.260366,-0.756637,0.468779,-0.127857,0.757752,-0.396933,0.374107,0.260366,-0.756637,0.468779,-0.004228,0.687216,-0.311512,0.401281,0.386854,-0.732426,0.390985,-0.004228,0.687216,-0.311512,0.333708,0.112516,-0.772851,0.527903,-0.196533,0.723759,-0.242231,0.232138,-0.103960,-0.964848,-0.066132,0.003814,0.714381,-0.512515,0.657509,0.063595,-0.742206,-0.112994,-0.285801,0.441135,-0.295193,0.432111,0.037288,-0.880951,-0.189251,-0.049739,0.428811,-0.593090,0.519572,-0.167975,-0.836930,-0.037120,-0.324921,0.224926,-0.382411,0.432386,0.003318,-0.855249,-0.285623,-0.133263,0.208016,-0.580562,0.493166,-0.267410,-0.820834,-0.107291,0.000000,0.000000,0.000000,15.741988,1.262188,349.587860,-24.538088,-1.053810,-223.963348,-123.952507,0.335693,81.097641,63.598236,0.020027,29.237183,-2.785217,-0.018179,50.642422,3.922313,-0.160217,-52.383656,131.031967,-0.022888,-38.500187,30.587742,0.036716,34.840019,-17.616795,0.031471,10.923102,71.776649,-0.026703,89.044922,1.213537,0.081718,-31.309549,8.124475,0.153303,28.365187,141.708206,-0.190735,112.392288,22.755039,-0.111580,164.623611,-7.038852,0.036120,-148.405624,20.098587,0.178814,95.742714,64.074623,-0.185013,25.802187,5.595711,0.049829,193.991043,-13.272143,0.034094,-181.416672,16.070568,0.070572,101.725258,-60.518547,0.179291,-203.167938,1.454540,-0.139087,-616.375183,-11.992194,0.126600,-1223.173340,-0.026239,-0.650385,-302.209625,-2.010585,0.474155,135.276596,31.214769,-1.605511,-315.317383,-0.809207,-0.754058,-319.223175,-2.174009,0.074744,-39.757401,31.279377,-1.634121,-326.637878,-1.270022,-0.630707,-241.746780,-2.475049,-0.331819,-200.587845,31.270365,-1.653194,-332.483521,-4.395662,0.258446,60.633377,5.580050,0.098467,165.071762,-5.937220,0.153065,-17.144062,5.784440,-0.264287,-15.469614,-16.945993,0.325680,50.390205,-9.785430,0.333071,108.160355,67.935448,-0.188828,119.015022,-9.820004,0.128746,-16.495033,-2.927589,-0.371039,-2.924495,72.874855,-0.015259,-17.660637,1,1
50,498,0.013047,0.453794,-0.287586,0.480460,-0.122929,-0.840799,-0.217033,0.013047,0.453794,-0.287586,0.480460,-0.122929,-0.840799,-0.217033,-0.016338,0.357742,-0.215424,0.269786,-0.422010,-0.578559,-0.643734,0.062173,0.358026,-0.348512,0.348860,-0.321005,-0.597175,-0.647019,-0.361355,0.428181,-0.431331,0.415070,0.189150,-0.838482,0.298141,-0.284875,0.371515,-0.573618,0.507626,0.120582,-0.794111,0.311712,-0.127868,0.127062,-0.285333,0.365932,0.087011,-0.916588,0.135605,-0.072979,0.060036,-0.416820,0.596554,0.085364,-0.797723,0.021771,0.122878,0.476506,-0.222747,0.482416,0.003369,-0.875675,0.021345,0.073259,0.643057,-0.257972,0.374025,0.260220,-0.756823,0.468626,-0.016073,0.694099,-0.319733,0.374025,0.260220,-0.756823,0.468626,-0.127738,0.757901,-0.396934,0.374025,0.260220,-0.756823,0.468626,-0.004162,0.687293,-0.311498,0.401226,0.386734,-0.732589,0.390855,-0.004162,0.687293,-0.311498,0.333721,0.111967,-0.772969,0.527838,-0.196462,0.723870,-0.242241,0.232114,-0.103930,-0.964851,-0.066207,0.004056,0.714289,-0.512473,0.657073,0.062496,-0.742729,-0.112708,-0.285722,0.441250,-0.295248,0.432146,0.037316,-0.880927,-0.189276,-0.049821,0.428634,-0.592541,0.519021,-0.169299,-0.837031,-0.036517,-0.324839,0.225047,-0.382479,0.432425,0.003366,-0.855252,-0.285555,-0.133706,0.208006,-0.579506,0.492482,-0.268622,-0.820947,-0.106536,0.000000,0.000000,0.000000,15.743999,0.143596,-79.899422,-24.536167,0.137193,85.071640,-123.954163,-0.118256,-32.424927,63.595520,-0.194005,-15.287984,-2.784808,0.029206,3.384692,3.921088,-0.087500,5.194119,131.033051,0.077384,7.162289,30.587690,-0.003678,-2.885351,-17.616684,0.007902,-1.683527,71.772408,-0.302996,-19.735218,1.214036,0.035669,-3.289203,8.125927,0.103746,-3.539786,141.704605,-0.257220,-4.748909,22.750940,-0.292778,-12.942723,-7.036603,0.160626,8.893256,20.116873,1.306125,80.522224,64.078224,0.257220,31.588028,5.602975,0.518867,33.502678,-13.250772,1.526560,106.604729,16.065519,-0.360625,-30.799788,-60.512123,0.458854,19.968771,1.452284,-0.161179,-1.578002,-11.981105,0.792095,47.535313,-0.029932,-0.263824,27.611494,-2.014833,-0.303422,-55.541191,31.205345,-0.673158,66.596634,-0.809883,-0.048267,50.413670,-2.179515,-0.393271,-33.429691,31.270010,-0.669071,68.932167,-1.267438,0.184587,58.235260,-2.480124,-0.362515,-2.192600,31.261229,-0.652586,71.472054,-4.361767,2.421072,154.473343,5.611945,2.278192,155.694626,-5.932767,0.318050,11.784690,5.777894,-0.467539,-14.517988,-16.908621,2.669471,167.413620,-9.744697,2.909524,184.032379,67.938713,0.233241,30.147785,-9.814198,0.414644,20.421282,-2.919933,0.546830,65.562065,72.857803,-1.217978,-85.908546,1,1
51,503,0.013047,0.453783,-0.287586,0.480596,-0.122882,-0.840725,-0.217046,0.013047,0.453783,-0.287586,0.480596,-0.122882,-0.840725,-0.217046,-0.016307,0.357719,-0.215428,0.269798,-0.422020,-0.578601,-0.643684,0.062166,0.358029,-0.348538,0.348862,-0.321028,-0.597187,-0.646996,-0.361340,0.428113,-0.431328,0.415096,0.189101,-0.838485,0.298124,-0.284891,0.371505,-0.573631,0.507646,0.120572,-0.794093,0.311729,-0.127885,0.126971,-0.285328,0.365935,0.086992,-0.916583,0.135647,-0.072991,0.060033,-0.416826,0.596551,0.085319,-0.797730,0.021786,0.122894,0.476499,-0.222774,0.482921,0.003664,-0.875402,0.021118,0.073146,0.643069,-0.257741,0.374771,0.261457,-0.756612,0.467680,-0.016397,0.694169,-0.319149,0.374771,0.261457,-0.756612,0.467680,-0.128325,0.758044,-0.395909,0.374771,0.261457,-0.756612,0.467680,-0.004458,0.687356,-0.310961,0.401738,0.387394,-0.732359,0.390105,-0.004458,0.687356,-0.310961,0.334329,0.112827,-0.773001,0.527222,-0.196720,0.723895,-0.241380,0.232121,-0.104001,-0.964844,-0.066184,0.003470,0.714546,-0.511849,0.657098,0.062571,-0.742701,-0.112707,-0.286010,0.441308,-0.294388,0.431629,0.036878,-0.881160,-0.189455,-0.050383,0.428893,-0.591934,0.519146,-0.169379,-0.836941,-0.036438,-0.325293,0.225139,-0.381632,0.431896,0.002586,-0.855423,-0.285851,-0.134280,0.208273,-0.578833,0.492662,-0.268464,-0.820911,-0.106376,0.000000,0.000000,0.000000,15.743909,-0.017929,-32.305035,-24.534626,0.308228,34.206936,-123.935486,3.735352,770.721436,63.594673,-0.169373,4.926410,-2.799008,-2.840090,-573.859253,3.909111,-2.395344,-461.568848,131.032654,-0.079346,-31.345913,30.589600,0.381851,77.105934,-17.612858,0.765228,151.465286,71.767090,-1.063538,-152.108337,1.229487,3.090143,610.894836,8.136328,2.080154,395.281647,141.693054,-2.310181,-410.592224,22.743458,-1.496506,-240.745560,-7.035937,0.133324,-5.460468,20.131453,2.915955,321.965912,64.084358,1.226807,193.917419,5.582265,-4.142094,-932.192078,-13.227981,4.558182,606.324341,16.076450,2.186203,509.365631,-60.583080,-14.191437,-2930.058105,1.415975,-7.261801,-1420.124268,-12.012312,-6.241417,-1406.702393,-0.032621,-0.537693,-54.773750,-1.955399,11.886787,2438.041748,31.198124,-1.444244,-154.217316,-0.842779,-6.579244,-1306.195435,-2.130072,9.888649,2056.384277,31.260834,-1.835251,-233.236038,-1.320958,-10.703993,-2177.716064,-2.455005,5.023861,1077.275269,31.249176,-2.410507,-351.584290,-4.299996,12.354279,1986.641357,5.611962,0.003433,-454.951721,-6.000000,-13.446617,-2752.933594,5.755770,-4.424953,-791.482910,-16.843128,13.098526,2085.811035,-9.732384,2.462578,-89.389275,67.922424,-3.257751,-698.198608,-9.878822,-12.924767,-2667.882324,-2.907640,2.458572,382.348450,72.819389,-7.682800,-1292.964355,1,1
52,512,0.013047,0.453792,-0.287586,0.480598,-0.122874,-0.840733,-0.217016,0.013047,0.453792,-0.287586,0.480598,-0.122874,-0.840733,-0.217016,-0.016303,0.357730,-0.215424,0.269781,-0.422018,-0.578623,-0.643672,0.062171,0.358037,-0.348533,0.348846,-0.321029,-0.597209,-0.646984,-0.361331,0.428110,-0.431336,0.415092,0.189077,-0.838488,0.298138,-0.284881,0.371501,-0.573636,0.507641,0.120551,-0.794093,0.311743,-0.127888,0.126967,-0.285317,0.365926,0.086970,-0.916586,0.135661,-0.072990,0.060032,-0.416813,0.596543,0.085296,-0.797738,0.021794,0.122892,0.476515,-0.222775,0.482963,0.003732,-0.875376,0.021194,0.073094,0.643066,-0.257745,0.374787,0.261688,-0.756468,0.467771,-0.016492,0.694117,-0.319132,0.374787,0.261688,-0.756468,0.467771,-0.128474,0.757929,-0.395865,0.374787,0.261688,-0.756468,0.467771,-0.004547,0.687310,-0.310947,0.401884,0.387549,-0.732126,0.390240,-0.004547,0.687310,-0.310947,0.334357,0.113313,-0.772895,0.527256,-0.196817,0.723828,-0.241322,0.232081,-0.103977,-0.964888,-0.065709,0.003198,0.714594,-0.511859,0.657587,0.063187,-0.742214,-0.112716,-0.286029,0.441162,-0.294070,0.431639,0.036750,-0.881297,-0.188820,-0.050451,0.428957,-0.592122,0.519875,-0.168698,-0.836624,-0.036480,-0.325234,0.224869,-0.381040,0.431896,0.002544,-0.855656,-0.285152,-0.134098,0.208236,-0.579128,0.493507,-0.267701,-0.820659,-0.106326,0.000000,0.000000,0.000000,15.740928,-0.331243,-34.812645,-24.532108,0.279744,-3.164785,-123.934845,0.071208,-407.127075,63.596611,0.215318,42.743450,-2.800443,-0.159396,297.854858,3.907553,-0.173145,246.910995,131.031433,-0.135634,-6.254220,30.590290,0.076718,-33.903709,-17.612709,0.016530,-83.188660,71.768753,0.184801,138.704285,1.230999,0.168019,-324.680481,8.137657,0.147714,-214.715652,141.690933,-0.235664,230.501923,22.743454,-0.000424,166.231308,-7.035859,0.008689,-13.848293,20.130442,-0.112322,-336.475128,64.102142,1.976013,83.245171,5.568027,-1.582040,284.450409,-13.215384,1.399570,-350.956879,16.055468,-2.331416,-501.957672,-60.593693,-1.179165,1445.807983,1.420514,0.504414,862.912842,-11.999071,1.471202,856.957581,-0.032857,-0.026258,56.826042,-1.948615,0.753747,-1237.004395,31.205976,0.872506,257.416718,-0.846724,-0.438326,682.324280,-2.124417,0.628365,-1028.920410,31.268452,0.846439,297.965515,-1.327510,-0.727998,1108.443848,-2.452192,0.312593,-523.474182,31.256443,0.807444,357.550171,-4.325861,-2.873845,-1692.013672,5.599421,-1.393424,-155.206375,-6.000000,0.000000,1494.068604,5.738804,-1.885043,282.212280,-16.868912,-2.864838,-1773.707031,-9.742705,-1.146846,-401.047119,67.917091,-0.592550,296.133545,-9.896392,-1.952171,1219.177246,-2.908839,-0.133223,-287.977264,72.798096,-2.365960,590.760010,1,1
53,530,0.013047,0.453801,-0.287586,0.480509,-0.122937,-0.840768,-0.217041,0.013047,0.453801,-0.287586,0.480509,-0.122937,-0.840768,-0.217041,-0.016330,0.357748,-0.215423,0.269753,-0.422010,-0.578650,-0.643666,0.062165,0.358035,-0.348520,0.348815,-0.321024,-0.597220,-0.646993,-0.361347,0.428117,-0.431358,0.415080,0.189015,-0.838515,0.298119,-0.284873,0.371506,-0.573643,0.507624,0.120525,-0.794106,0.311750,-0.127952,0.126945,-0.285322,0.365949,0.087031,-0.916571,0.135659,-0.072999,0.060035,-0.416800,0.596563,0.085330,-0.797720,0.021787,0.122886,0.476511,-0.222759,0.482923,0.003570,-0.875406,0.020909,0.073216,0.643134,-0.257639,0.374969,0.261400,-0.756907,0.467077,-0.016303,0.694376,-0.318963,0.374969,0.261400,-0.756907,0.467077,-0.128201,0.758429,-0.395618,0.374969,0.261400,-0.756907,0.467077,-0.004367,0.687543,-0.310786,0.401724,0.387553,-0.732705,0.389312,-0.004367,0.687543,-0.310786,0.335030,0.113061,-0.773125,0.526545,-0.196619,0.723919,-0.241118,0.232064,-0.102716,-0.964939,-0.066998,0.003175,0.714996,-0.511717,0.658303,0.062562,-0.741473,-0.113758,-0.285316,0.441237,-0.294711,0.432174,0.036566,-0.881133,-0.188397,-0.051200,0.429493,-0.592126,0.519876,-0.169310,-0.836495,-0.036593,-0.324563,0.224857,-0.381447,0.432294,0.003854,-0.855774,-0.284180,-0.135108,0.208877,-0.579024,0.493906,-0.266673,-0.820805,-0.105926,0.000000,0.000000,0.000000,15.743021,0.116295,24.863232,-24.538414,-0.350316,-35.003380,-123.947372,-0.695970,-42.620998,63.591526,-0.282500,-27.656555,-2.794200,0.346806,28.122355,3.912625,0.281784,25.273842,131.031845,0.022888,8.806770,30.588131,-0.119951,-10.926046,-17.621082,-0.465181,-26.761751,71.760818,-0.440809,-34.756130,1.224051,-0.386006,-30.779175,8.134549,-0.172668,-17.798977,141.683014,-0.439962,-11.349903,22.734724,-0.484996,-26.920696,-7.021756,0.783470,43.043381,20.100889,-1.641803,-84.971207,63.966312,-7.546107,-529.006592,5.435163,-7.381280,-322.180023,-13.058741,8.702436,405.714813,15.841328,-11.896664,-531.402588,-60.610878,-0.954734,12.468410,1.552557,7.335703,379.516022,-11.861471,7.644442,342.957794,-0.037293,-0.246453,-12.233048,-1.941956,0.369953,-21.321907,31.174623,-1.741833,-145.241074,-0.853060,-0.351985,4.796702,-2.120944,0.192947,-24.189919,31.236832,-1.756668,-144.617050,-1.333729,-0.345508,21.249426,-2.452649,-0.025392,-18.776936,31.224586,-1.769808,-143.180664,-4.357543,-1.760138,61.872566,5.632588,1.842631,179.780853,-5.981597,1.022392,56.799545,5.783350,2.474758,242.211212,-16.902761,-1.880540,54.683212,-9.720228,1.248731,133.087601,67.944153,1.503415,116.442451,-9.870653,1.429929,187.894455,-2.819230,4.978312,283.974182,72.771225,-1.492818,48.507885,1,1
54,535,0.013047,0.453732,-0.287586,0.480561,-0.123007,-0.840715,-0.217093,0.013047,0.453732,-0.287586,0.480561,-0.123007,-0.840715,-0.217093,-0.016334,0.357679,-0.215424,0.269761,-0.422094,-0.578579,-0.643671,0.062141,0.357961,-0.348533,0.348816,-0.321195,-0.597114,-0.647005,-0.361373,0.428112,-0.431303,0.415160,0.188987,-0.838506,0.298050,-0.284959,0.371536,-0.573556,0.507779,0.120469,-0.794054,0.311650,-0.128001,0.126896,-0.285320,0.366025,0.086985,-0.916555,0.135600,-0.073126,0.060002,-0.416783,0.596676,0.085233,-0.797648,0.021681,0.122899,0.476420,-0.222774,0.483015,0.003501,-0.875358,0.020818,0.073260,0.643060,-0.257624,0.375141,0.261382,-0.756926,0.466917,-0.016261,0.694340,-0.318912,0.375141,0.261382,-0.756926,0.466917,-0.128163,0.758441,-0.395522,0.375141,0.261382,-0.756926,0.466917,-0.004325,0.687503,-0.310740,0.401891,0.387550,-0.732719,0.389117,-0.004325,0.687503,-0.310740,0.335213,0.113043,-0.773137,0.526415,-0.196531,0.723931,-0.240983,0.232327,-0.102917,-0.964846,-0.067109,0.003172,0.714987,-0.511667,0.658364,0.062500,-0.741396,-0.113938,-0.285377,0.441297,-0.294580,0.432365,0.036352,-0.881010,-0.188576,-0.051310,0.429519,-0.592120,0.519983,-0.169416,-0.836400,-0.036761,-0.324768,0.224949,-0.381330,0.432457,0.003638,-0.855633,-0.284358,-0.135297,0.208931,-0.579046,0.494006,-0.266789,-0.820687,-0.106088,0.000000,0.000000,0.000000,15.743443,0.084496,-6.359948,-24.549538,-2.224731,-374.882996,-123.940659,1.342773,407.748749,63.596653,1.025391,261.578033,-2.786851,1.469851,224.608856,3.907660,-0.993061,-254.969070,131.032135,0.057983,7.019043,30.587948,-0.036621,16.665989,-17.620928,0.030899,99.216042,71.760406,-0.082397,71.682396,1.224206,0.031018,83.404915,8.134168,-0.076294,19.274818,141.682999,-0.003052,87.382004,22.734529,-0.038910,89.217293,-7.021801,-0.009060,-158.505966,20.104746,0.771332,482.627014,63.965893,-0.083923,1492.436768,5.434701,-0.092506,1457.754639,-13.060092,-0.270271,-1794.541626,15.840322,-0.201225,2339.087646,-60.612793,-0.382996,114.347672,1.554871,0.462747,-1374.591187,-11.861603,-0.026321,-1534.152588,-0.035826,0.293370,107.964706,-1.939365,0.518250,29.659534,31.171053,-0.714111,205.544388,-0.853042,0.003600,71.117081,-2.117958,0.597191,80.848801,31.233219,-0.722504,206.832886,-1.335148,-0.283742,12.353259,-2.450102,0.509405,106.959335,31.220858,-0.745773,204.806854,-4.356368,0.235081,399.043823,5.631471,-0.223446,-413.215424,-5.977593,0.800800,-44.318295,5.782482,-0.173664,-529.684448,-16.901768,0.198746,415.857117,-9.721934,-0.341225,-317.991028,67.944092,-0.012207,-303.124329,-9.867190,0.692558,-147.474075,-2.824512,-1.056433,-1206.948975,72.774940,0.743103,447.184265,1,1
55,543,0.013047,0.453284,-0.287586,0.480575,-0.123052,-0.840668,-0.217214,0.013047,0.453284,-0.287586,0.480575,-0.123052,-0.840668,-0.217214,-0.016349,0.357224,-0.215440,0.269657,-0.421976,-0.578560,-0.643808,0.062118,0.357515,-0.348554,0.348760,-0.321814,-0.596617,-0.647187,-0.361298,0.427717,-0.431436,0.414982,0.189090,-0.838520,0.298192,-0.285177,0.371606,-0.573234,0.508204,0.120384,-0.793808,0.311619,-0.127852,0.126605,-0.285359,0.365592,0.087270,-0.916472,0.137129,-0.073322,0.060040,-0.416557,0.596632,0.085353,-0.797666,0.021788,0.122908,0.475939,-0.222777,0.483022,0.003538,-0.875353,0.020844,0.073230,0.642555,-0.257646,0.375007,0.261539,-0.756763,0.467202,-0.016320,0.693751,-0.318962,0.375007,0.261539,-0.756763,0.467202,-0.128258,0.757747,-0.395606,0.375007,0.261539,-0.756763,0.467202,-0.004380,0.686925,-0.310786,0.401825,0.387874,-0.732498,0.389277,-0.004380,0.686925,-0.310786,0.334928,0.113280,-0.773053,0.526669,-0.196553,0.723255,-0.240937,0.232904,-0.103140,-0.964671,-0.067291,0.003142,0.714379,-0.511716,0.658286,0.062905,-0.741503,-0.113471,-0.285576,0.440668,-0.294570,0.432241,0.036082,-0.881115,-0.188420,-0.050986,0.428867,-0.592134,0.519930,-0.169568,-0.836402,-0.036768,-0.325034,0.224289,-0.381212,0.432248,0.003987,-0.855761,-0.284287,-0.135033,0.208304,-0.579030,0.493924,-0.266907,-0.820684,-0.106194,0.000000,0.000000,0.000000,15.753839,1.299500,151.875610,-24.561378,-1.480103,93.078613,-123.940437,0.027657,-164.389618,63.654095,7.180214,769.352905,-2.736057,6.349266,609.926880,3.884804,-2.857059,-232.999771,131.096497,8.045197,998.401611,30.548134,-4.976749,-617.516052,-17.608601,1.540899,188.750031,71.754387,-0.752449,-83.756447,1.248457,3.031373,375.044342,8.127539,-0.828624,-94.041229,141.713989,3.873825,484.609619,22.582302,-19.028425,-2373.689453,-7.070479,-6.084740,-759.460022,20.189661,10.614395,1230.382935,63.964603,-0.161171,-9.655952,5.426137,-1.070440,-122.241676,-13.067915,-0.977874,-88.450310,15.789875,-6.305814,-763.073547,-60.700977,-11.023045,-1330.006104,1.621133,8.282796,977.506165,-11.838889,2.839208,358.191132,-0.036642,-0.101942,-49.413998,-1.941909,-0.318021,-104.533882,31.190828,2.471924,398.254395,-0.852996,0.005767,0.270829,-2.120605,-0.330925,-116.014481,31.253023,2.475500,399.750458,-1.334363,0.098035,47.722088,-2.452256,-0.269294,-97.337364,31.240732,2.484322,403.761871,-4.356406,-0.004768,-29.981136,5.616471,-1.874983,-206.442184,-5.954215,2.922297,265.187012,5.793423,1.367688,192.669037,-16.898861,0.363350,20.575523,-9.724505,-0.321388,2.479553,67.926277,-2.226830,-276.827820,-9.849626,2.195597,187.879807,-2.868523,-5.501360,-555.615906,72.831985,7.130623,798.440002,1,1
56,552,0.013047,0.453234,-0.287586,0.480534,-0.123012,-0.840728,-0.217097,0.013047,0.453234,-0.287586,0.480534,-0.123012,-0.840728,-0.217097,-0.016340,0.357183,-0.215425,0.270007,-0.421993,-0.578485,-0.643718,0.062142,0.357462,-0.348529,0.348552,-0.321846,-0.596760,-0.647151,-0.361436,0.427591,-0.431213,0.415117,0.189448,-0.838383,0.298162,-0.285086,0.371532,-0.573314,0.508129,0.120185,-0.793816,0.311796,-0.127743,0.126575,-0.285333,0.366163,0.088610,-0.916166,0.136794,-0.073306,0.060018,-0.416430,0.596472,0.085129,-0.797808,0.021833,0.122896,0.475921,-0.222769,0.482916,0.003570,-0.875408,0.021001,0.073192,0.642514,-0.257700,0.374800,0.261468,-0.756737,0.467449,-0.016343,0.693664,-0.319077,0.374800,0.261468,-0.756737,0.467449,-0.128261,0.757602,-0.395798,0.374800,0.261468,-0.756737,0.467449,-0.004405,0.686844,-0.310893,0.401595,0.387754,-0.732520,0.389593,-0.004405,0.686844,-0.310893,0.334768,0.113226,-0.772996,0.526866,-0.196667,0.723098,-0.241228,0.232269,-0.102533,-0.964908,-0.067010,0.003160,0.714253,-0.511840,0.658280,0.062940,-0.741495,-0.113538,-0.285279,0.440398,-0.294836,0.432142,0.036223,-0.881215,-0.188152,-0.050978,0.428761,-0.592303,0.519896,-0.169645,-0.836400,-0.036926,-0.324614,0.223969,-0.381409,0.432166,0.003996,-0.855764,-0.284401,-0.135092,0.208221,-0.579246,0.493931,-0.266821,-0.820692,-0.106319,0.000000,0.000000,0.000000,15.744405,-0.943470,-224.297043,-24.549782,1.159668,263.977051,-123.944427,-0.399017,-42.667389,63.665726,1.163101,-601.711304,-2.746553,-1.049590,-739.885559,3.865071,-1.973271,88.378784,131.103653,0.715637,-732.955933,30.562231,1.409721,638.647095,-17.606167,0.243378,-129.752167,71.756927,0.254059,100.650787,1.205624,-4.283345,-731.471802,8.104794,-2.274513,-144.588959,141.722382,0.839233,-303.459167,22.557016,-2.528572,1649.985352,-6.942049,12.843084,1892.782471,20.204721,1.506042,-910.835266,63.956028,-0.857544,-69.637299,5.412287,-1.385069,-31.462910,-13.054241,1.367378,234.525192,15.798394,0.851917,715.773071,-60.662994,3.798294,1482.133911,1.625785,0.465226,-781.756958,-11.886378,-4.748917,-758.812439,-0.038933,-0.229140,-12.719798,-1.948749,-0.684023,-36.600231,31.193933,0.310516,-216.140747,-0.851508,0.148791,14.302432,-2.127651,-0.704622,-37.369728,31.256285,0.326157,-214.934357,-1.329540,0.482297,38.426220,-2.457492,-0.523591,-25.429726,31.244320,0.358772,-212.554932,-4.364413,-0.800705,-79.593658,5.623744,0.727320,260.230286,-5.965929,-1.171446,-409.374237,5.796410,0.298643,-106.904503,-16.912102,-1.324081,-168.743134,-9.737175,-1.266956,-94.556808,67.948112,2.183533,441.036224,-9.857480,-0.785446,-298.104309,-2.833332,3.519082,902.044250,72.802330,-2.965546,-1009.616882,1,1
57,563,0.013047,0.453608,-0.287586,0.480458,-0.122876,-0.840821,-0.216984,0.013047,0.453608,-0.287586,0.480458,-0.122876,-0.840821,-0.216984,-0.016327,0.357555,-0.215421,0.269662,-0.422128,-0.578611,-0.643661,0.062189,0.357844,-0.348506,0.348885,-0.321044,-0.597021,-0.647129,-0.361338,0.427999,-0.431337,0.415155,0.188951,-0.838475,0.298169,-0.284882,0.371467,-0.573566,0.507623,0.120681,-0.794079,0.311760,-0.127957,0.126832,-0.285268,0.366165,0.088312,-0.916176,0.136917,-0.072907,0.060032,-0.416787,0.596433,0.085598,-0.797792,0.021630,0.122873,0.476338,-0.222744,0.482930,0.003615,-0.875397,0.021106,0.073141,0.642924,-0.257685,0.375084,0.261533,-0.756597,0.467412,-0.016425,0.694075,-0.319016,0.375084,0.261533,-0.756597,0.467412,-0.128383,0.758013,-0.395680,0.375084,0.261533,-0.756597,0.467412,-0.004483,0.687254,-0.310838,0.401795,0.387932,-0.732420,0.389398,-0.004483,0.687254,-0.310838,0.334974,0.113346,-0.772885,0.526871,-0.196674,0.723540,-0.241008,0.232822,-0.103109,-0.964681,-0.067471,0.002952,0.714534,-0.511791,0.658607,0.062518,-0.741412,-0.112414,-0.285699,0.440978,-0.294749,0.432193,0.035911,-0.881133,-0.188476,-0.050960,0.428849,-0.591603,0.519916,-0.169674,-0.836401,-0.036499,-0.325235,0.224609,-0.381381,0.432161,0.003959,-0.855721,-0.284539,-0.134983,0.208285,-0.578368,0.493916,-0.266646,-0.820774,-0.106193,0.000000,0.000000,0.000000,15.741475,-0.292969,65.050125,-24.527925,2.185631,102.596291,-123.953896,-0.946808,-54.779053,63.622723,-4.300308,-546.340942,-2.775756,-2.920318,-187.072754,3.928914,6.384325,835.759644,131.062469,-4.118347,-483.398438,30.594894,3.266335,185.661316,-17.627048,-2.088165,-233.154297,71.781113,2.418518,216.445923,1.214148,0.852454,513.579834,8.150297,4.550362,682.487488,141.695084,-2.729797,-356.903076,22.535820,-2.119637,40.893555,-6.921748,2.030087,-1081.299805,20.216862,1.214027,-29.201508,63.965340,0.931168,178.871155,5.374010,-3.827667,-244.259842,-13.070753,-1.651192,-301.856995,15.770284,-2.811050,-366.296783,-60.705532,-4.253769,-805.206299,1.645507,1.972115,150.688873,-11.852967,3.341103,809.001892,-0.026192,1.274157,150.329620,-1.937011,1.173770,185.779327,31.187304,-0.662994,-97.351074,-0.846485,0.502324,35.353302,-2.110993,1.665831,237.045288,31.249598,-0.668716,-99.487305,-1.333670,-0.413001,-89.529755,-2.440676,1.681590,220.518112,31.237070,-0.724983,-108.375549,-4.362805,0.160742,96.144676,5.613776,-0.996828,-172.414780,-5.954162,1.176739,234.818451,5.816080,1.967001,166.835785,-16.889511,2.259064,358.314514,-9.668384,6.879139,814.609497,67.872780,-7.533264,-971.679688,-9.851463,0.601673,138.711929,-2.871076,-3.774405,-729.348694,72.866264,6.393433,935.897827,1,1
58,575,0.013047,0.453646,-0.287586,0.480454,-0.122931,-0.840823,-0.216953,0.013047,0.453646,-0.287586,0.480454,-0.122931,-0.840823,-0.216953,-0.016331,0.357603,-0.215410,0.269849,-0.421946,-0.578611,-0.643703,0.062181,0.357872,-0.348497,0.348765,-0.321170,-0.597142,-0.647019,-0.361361,0.427964,-0.431323,0.415037,0.189210,-0.838476,0.298164,-0.284889,0.371446,-0.573561,0.507688,0.120491,-0.794029,0.311854,-0.127835,0.126875,-0.285325,0.366066,0.088782,-0.916176,0.136876,-0.072985,0.060023,-0.416664,0.596530,0.085267,-0.797751,0.021772,0.122875,0.476376,-0.222749,0.482991,0.003321,-0.875364,0.021133,0.073255,0.642987,-0.257754,0.375632,0.260957,-0.756524,0.467411,-0.016264,0.694210,-0.319094,0.375632,0.260957,-0.756524,0.467411,-0.128162,0.758239,-0.395769,0.375632,0.260957,-0.756524,0.467411,-0.004328,0.687380,-0.310915,0.402262,0.387526,-0.732482,0.389203,-0.004328,0.687380,-0.310915,0.335327,0.112960,-0.772777,0.526889,-0.196434,0.723841,-0.241000,0.233132,-0.103253,-0.964581,-0.067612,0.003100,0.714589,-0.511882,0.658587,0.062334,-0.741453,-0.112365,-0.285588,0.441319,-0.294756,0.432597,0.035825,-0.880894,-0.188686,-0.050870,0.428898,-0.591611,0.519847,-0.169761,-0.836421,-0.036608,-0.325243,0.224988,-0.381427,0.432557,0.003550,-0.855317,-0.285158,-0.134952,0.208354,-0.578405,0.493868,-0.266673,-0.820788,-0.106235,0.000000,0.000000,0.000000,15.735281,-0.516176,-18.600622,-24.531818,-0.324408,-209.169922,-123.953629,0.022252,80.755020,63.615982,-0.561714,311.549500,-2.777590,-0.152787,230.627609,3.909284,-1.635869,-668.349487,131.056412,-0.504812,301.127960,30.598413,0.293255,-247.756638,-17.619961,0.590642,223.233963,71.769531,-0.965118,-281.969696,1.212017,-0.177652,-85.842110,8.115492,-2.900441,-620.900208,141.699875,0.399272,260.755768,22.526415,-0.783761,111.322937,-6.905365,1.365224,-55.405170,20.214020,-0.236829,-120.904716,63.967857,0.209808,-60.113270,5.373089,-0.076731,312.578033,-13.060133,0.816932,189.855698,15.772048,0.135715,226.674286,-60.683998,1.656459,454.632874,1.639086,-0.493921,-189.695053,-11.913608,-4.664641,-615.826477,-0.002156,1.848907,44.211563,-1.943272,-0.481560,-127.333092,31.172792,-1.116239,-34.864975,-0.822250,1.864195,104.759285,-2.103858,0.548858,-85.920975,31.235880,-1.055204,-29.729807,-1.316207,1.343351,135.103989,-2.422060,1.432034,-19.196648,31.223669,-1.030849,-23.528109,-4.368011,-0.400470,-43.170128,5.583708,-2.312954,-101.240433,-5.936851,1.331586,11.911337,5.837762,1.667903,-23.007530,-16.888069,0.110920,-165.241852,-9.670689,-0.177310,-542.803772,67.834930,-2.911494,355.520782,-9.832797,1.435867,64.168739,-2.847429,1.819024,430.263702,72.872177,0.454829,-456.815643,1,1
59,595,0.013047,0.453660,-0.287586,0.480456,-0.122955,-0.840809,-0.216988,0.013047,0.453660,-0.287586,0.480456,-0.122955,-0.840809,-0.216988,-0.016337,0.357617,-0.215413,0.269812,-0.422020,-0.578575,-0.643702,0.062173,0.357886,-0.348502,0.348831,-0.321119,-0.597098,-0.647050,-0.361372,0.428030,-0.431303,0.415096,0.189126,-0.838485,0.298109,-0.284904,0.371465,-0.573556,0.507677,0.120572,-0.794049,0.311790,-0.127905,0.126887,-0.285322,0.366123,0.088684,-0.916166,0.136851,-0.072976,0.060025,-0.416726,0.596548,0.085374,-0.797728,0.021716,0.122878,0.476380,-0.222750,0.482956,0.003196,-0.875385,0.021087,0.073324,0.643009,-0.257778,0.375695,0.260614,-0.756612,0.467409,-0.016145,0.694275,-0.319154,0.375695,0.260614,-0.756612,0.467409,-0.127981,0.758358,-0.395875,0.375695,0.260614,-0.756612,0.467409,-0.004216,0.687439,-0.310971,0.402331,0.387257,-0.732606,0.389166,-0.004216,0.687439,-0.310971,0.335344,0.112409,-0.772815,0.526939,-0.196308,0.723976,-0.241090,0.233100,-0.103215,-0.964593,-0.067613,0.003395,0.714533,-0.511922,0.658090,0.061754,-0.741924,-0.112482,-0.285439,0.441441,-0.294852,0.432645,0.035935,-0.880892,-0.188567,-0.050819,0.428869,-0.591539,0.519310,-0.170359,-0.836614,-0.037041,-0.325029,0.225087,-0.381496,0.432621,0.003592,-0.855297,-0.285119,-0.135231,0.208447,-0.578413,0.493224,-0.267274,-0.820885,-0.106969,0.000000,0.000000,0.000000,15.737760,0.130453,34.033096,-24.536293,-0.235507,4.678991,-123.953751,-0.006425,-1.509324,63.611755,-0.222457,17.855637,-2.776839,0.039490,10.119801,3.920754,0.603701,117.872124,131.054077,-0.122873,20.102011,30.596718,-0.089244,-20.131510,-17.622786,-0.148673,-38.911320,71.771751,0.116850,56.945709,1.210105,-0.100619,4.054354,8.121833,0.333736,170.219849,141.695724,-0.218442,-32.511219,22.524096,-0.122070,34.825844,-6.905121,0.012850,-71.177635,20.220819,0.357879,31.300419,63.978313,0.550320,17.921680,5.363085,-0.526529,-23.673555,-13.089911,-1.567238,-125.482651,15.761717,-0.543745,-35.761059,-60.675797,0.431663,-64.462936,1.636825,-0.118996,19.732885,-11.925404,-0.620842,212.831543,0.003387,0.291719,-81.957237,-1.953129,-0.518824,-1.961275,31.165981,-0.358481,39.881992,-0.812204,0.528725,-70.287910,-2.109399,-0.291649,-44.237186,31.229523,-0.334589,37.927094,-1.304538,0.614147,-38.379147,-2.421609,0.023691,-74.123283,31.217800,-0.308890,37.997814,-4.345130,1.204290,84.461037,5.591973,0.435026,144.630524,-5.928601,0.434223,-47.229641,5.840414,0.139538,-80.440285,-16.868149,1.048439,49.343143,-9.674829,-0.217889,-2.135759,67.847824,0.678615,188.953094,-9.822770,0.527733,-47.796497,-2.831202,0.854053,-50.787933,72.859337,-0.675804,-59.507004,1,1
60,604,0.013047,0.453685,-0.287586,0.480384,-0.122959,-0.840858,-0.216957,0.013047,0.453685,-0.287586,0.480384,-0.122959,-0.840858,-0.216957,-0.016348,0.357648,-0.215409,0.269745,-0.421988,-0.578628,-0.643703,0.062183,0.357905,-0.348485,0.348776,-0.321077,-0.597156,-0.647047,-0.361351,0.428040,-0.431357,0.415047,0.189073,-0.838504,0.298158,-0.284859,0.371459,-0.573595,0.507620,0.120528,-0.794079,0.311823,-0.127913,0.126905,-0.285311,0.366063,0.088652,-0.916185,0.136905,-0.072958,0.060027,-0.416712,0.596495,0.085345,-0.797770,0.021748,0.122868,0.476410,-0.222735,0.482795,0.003147,-0.875472,0.021149,0.073338,0.643034,-0.257821,0.375442,0.260358,-0.756706,0.467604,-0.016079,0.694289,-0.319282,0.375442,0.260358,-0.756706,0.467604,-0.127851,0.758357,-0.396109,0.375442,0.260358,-0.756706,0.467604,-0.004157,0.687455,-0.311087,0.402115,0.387053,-0.732713,0.389390,-0.004157,0.687455,-0.311087,0.335103,0.112216,-0.772870,0.527053,-0.196294,0.724010,-0.241351,0.232793,-0.103211,-0.964672,-0.067548,0.003560,0.714514,-0.512050,0.657990,0.061764,-0.742033,-0.112346,-0.285389,0.441463,-0.295111,0.432401,0.035941,-0.881034,-0.188458,-0.050586,0.428828,-0.591623,0.519255,-0.170275,-0.836668,-0.036992,-0.324929,0.225090,-0.381729,0.432383,0.003577,-0.855431,-0.285080,-0.134955,0.208388,-0.578506,0.493169,-0.267171,-0.820949,-0.106986,0.000000,0.000000,0.000000,15.736253,-0.167423,-33.097271,-24.533661,0.292460,58.663052,-123.963280,-1.058790,-116.929512,63.611412,-0.038147,20.478901,-2.776820,0.002172,-4.146376,3.921710,0.106176,-55.280575,131.052200,-0.208537,-9.518154,30.596882,0.018226,11.941068,-17.622795,-0.001060,16.401464,71.771820,0.007629,-12.135645,1.209595,-0.056664,4.883863,8.122727,0.099394,-26.037973,141.694504,-0.135634,9.200881,22.522835,-0.140084,-2.001539,-6.904540,0.064585,5.748382,20.215113,-0.634087,-110.218475,63.992779,1.607259,117.437653,5.358202,-0.542641,-1.790232,-13.094601,-0.521130,116.234253,15.760294,-0.158098,42.849655,-60.673599,0.244141,-20.835835,1.634840,-0.220524,-11.280887,-11.934127,-0.969251,-38.712112,0.000456,-0.325623,-68.593544,-1.965370,-1.360112,-93.476418,31.166512,0.058916,46.377453,-0.808394,0.423405,-11.702183,-2.121391,-1.332469,-115.646645,31.230362,0.093248,47.537472,-1.295086,1.050234,48.454048,-2.429882,-0.919130,-104.757935,31.219225,0.158310,51.911118,-4.355669,-1.171006,-263.921783,5.590425,-0.172032,-67.450928,-5.924737,0.429259,-0.551505,5.840741,0.036399,-11.459894,-16.876911,-0.973595,-224.670547,-9.669364,0.607173,91.673569,67.841713,-0.679016,-150.847855,-9.818923,0.427458,-11.141694,-2.831294,-0.010199,-96.028000,72.859627,0.032213,78.668526,1,1
61,608,0.013047,0.453685,-0.287586,0.480384,-0.122959,-0.840858,-0.216957,0.013047,0.453685,-0.287586,0.480384,-0.122959,-0.840858,-0.216957,-0.016348,0.357648,-0.215409,0.269745,-0.421988,-0.578628,-0.643703,0.062183,0.357905,-0.348485,0.348776,-0.321077,-0.597156,-0.647047,-0.361351,0.428040,-0.431357,0.415047,0.189073,-0.838504,0.298158,-0.284859,0.371459,-0.573595,0.507620,0.120528,-0.794079,0.311823,-0.127913,0.126905,-0.285311,0.366063,0.088652,-0.916185,0.136905,-0.072958,0.060027,-0.416712,0.596495,0.085345,-0.797770,0.021748,0.122868,0.476410,-0.222735,0.482795,0.003147,-0.875472,0.021149,0.073338,0.643034,-0.257821,0.375442,0.260358,-0.756706,0.467604,-0.016079,0.694289,-0.319282,0.375442,0.260358,-0.756706,0.467604,-0.127851,0.758357,-0.396109,0.375442,0.260358,-0.756706,0.467604,-0.004157,0.687455,-0.311087,0.402115,0.387053,-0.732713,0.389390,-0.004157,0.687455,-0.311087,0.335103,0.112216,-0.772870,0.527053,-0.196294,0.724010,-0.241351,0.232793,-0.103211,-0.964672,-0.067548,0.003560,0.714514,-0.512050,0.657990,0.061764,-0.742033,-0.112346,-0.285389,0.441463,-0.295111,0.432401,0.035941,-0.881034,-0.188458,-0.050586,0.428828,-0.591623,0.519255,-0.170275,-0.836668,-0.036992,-0.324929,0.225090,-0.381729,0.432383,0.003577,-0.855431,-0.285080,-0.134955,0.208388,-0.578506,0.493169,-0.267171,-0.820949,-0.106986,0.000000,0.000000,0.000000,15.736253,0.000000,41.855709,-24.533661,0.000000,-73.115028,-123.963280,0.000000,264.697601,63.611412,0.000000,9.536743,-2.776820,0.000000,-0.543065,3.921710,0.000000,-26.543936,131.052200,0.000000,52.134197,30.596882,0.000000,-4.556444,-17.622795,0.000000,0.264910,71.771820,0.000000,-1.907349,1.209595,0.000000,14.166038,8.122727,0.000000,-24.848513,141.694504,0.000000,33.908421,22.522835,0.000000,35.021042,-6.904540,0.000000,-16.146235,20.215113,0.000000,158.521866,63.992779,0.000000,-401.814789,5.358202,0.000000,135.660172,-13.094601,0.000000,130.282501,15.760294,0.000000,39.524502,-60.673599,0.000000,-61.035156,1.634840,0.000000,55.130985,-11.934127,0.000000,242.312744,0.000456,0.000000,81.405670,-1.965370,0.000000,340.027924,31.166512,0.000000,-14.728970,-0.808394,0.000000,-105.851227,-2.121391,0.000000,333.117126,31.230362,0.000000,-23.312040,-1.295086,0.000000,-262.558472,-2.429882,0.000000,229.782516,31.219225,0.000000,-39.577484,-4.355669,0.000000,292.751526,5.590425,0.000000,43.008064,-5.924737,0.000000,-107.314857,5.840741,0.000000,-9.099643,-16.876911,0.000000,243.398880,-9.669364,0.000000,-151.793167,67.841713,0.000000,169.754028,-9.818923,0.000000,-106.864502,-2.831294,0.000000,2.549754,72.859627,0.000000,-8.053249,1,1
62,613,0.013047,0.453696,-0.287586,0.480564,-0.122902,-0.840760,-0.216968,0.013047,0.453696,-0.287586,0.480564,-0.122902,-0.840760,-0.216968,-0.016308,0.357644,-0.215413,0.270154,-0.422133,-0.578518,-0.643535,0.062173,0.357933,-0.348518,0.348932,-0.321107,-0.597092,-0.647007,-0.361521,0.427957,-0.431049,0.415327,0.189462,-0.838284,0.298139,-0.284937,0.371459,-0.573525,0.507708,0.120662,-0.794014,0.311793,-0.127787,0.126934,-0.285247,0.366403,0.088978,-0.916014,0.136931,-0.072944,0.060039,-0.416742,0.596607,0.085428,-0.797677,0.021744,0.122889,0.476427,-0.222772,0.482967,0.003205,-0.875378,0.021114,0.073341,0.643054,-0.257822,0.375633,0.260429,-0.756637,0.467521,-0.016099,0.694318,-0.319243,0.375633,0.260429,-0.756637,0.467521,-0.127899,0.758398,-0.396018,0.375633,0.260429,-0.756637,0.467521,-0.004174,0.687483,-0.311053,0.402234,0.387048,-0.732690,0.389316,-0.004174,0.687483,-0.311053,0.335265,0.112308,-0.772820,0.527005,-0.196305,0.724087,-0.241287,0.232722,-0.103446,-0.964661,-0.067587,0.003467,0.714539,-0.512015,0.658118,0.061724,-0.741940,-0.112233,-0.285529,0.441591,-0.295051,0.432154,0.035597,-0.881132,-0.188635,-0.050666,0.428828,-0.591511,0.519397,-0.170189,-0.836603,-0.036866,-0.325222,0.225251,-0.381683,0.432110,0.003072,-0.855457,-0.285420,-0.134972,0.208368,-0.578349,0.493301,-0.267098,-0.820903,-0.106915,0.000000,0.000000,0.000000,15.735145,-0.221634,-44.326782,-24.531731,0.386047,77.209473,-123.938507,4.954529,990.905762,63.609264,-0.429535,-85.906982,-2.781146,-0.865269,-173.053741,3.920016,-0.338793,-67.758560,131.051453,-0.149536,-29.907227,30.596531,-0.070190,-14.038086,-17.620968,0.365448,73.089600,71.762794,-1.805115,-361.022949,1.180284,-5.862117,-1172.423340,8.119105,-0.724411,-144.882202,141.707153,2.529907,505.981445,22.521667,-0.233459,-46.691895,-6.907684,-0.628948,-125.789650,20.205145,-1.993561,-398.712158,63.999836,1.411438,282.287598,5.354083,-0.823784,-164.756775,-13.101327,-1.345253,-269.050598,15.767337,1.408577,281.715393,-60.694256,-4.131317,-826.263489,1.623430,-2.281904,-456.380859,-11.960866,-5.347824,-1069.564819,0.005373,0.983456,196.691147,-1.966314,-0.188732,-37.746429,31.164009,-0.500488,-100.097656,-0.803623,0.954175,190.834991,-2.119644,0.349522,69.904327,31.228014,-0.469589,-93.917847,-1.291836,0.650048,130.009659,-2.425921,0.792122,158.424377,31.216927,-0.459671,-91.934204,-4.354088,0.316143,63.228607,5.585997,-0.885677,-177.135468,-5.936432,-2.338886,-467.777252,5.843697,0.591087,118.217468,-16.872171,0.947952,189.590454,-9.661676,1.537514,307.502747,67.828712,-2.600098,-520.019531,-9.831420,-2.499390,-499.877930,-2.835822,-0.905609,-181.121826,72.869026,1.879883,375.976562,1,1
63,630,0.013047,0.453796,-0.287586,0.480516,-0.123068,-0.840780,-0.216907,0.013047,0.453796,-0.287586,0.480516,-0.123068,-0.840780,-0.216907,-0.016332,0.357771,-0.215386,0.269560,-0.422888,-0.578505,-0.643300,0.062152,0.358004,-0.348491,0.348833,-0.320997,-0.597190,-0.647024,-0.361541,0.428354,-0.430933,0.415847,0.188859,-0.838034,0.298502,-0.284884,0.371494,-0.573617,0.507614,0.120552,-0.794128,0.311698,-0.128001,0.127327,-0.284829,0.366316,0.088562,-0.916297,0.135531,-0.073015,0.060002,-0.416810,0.596530,0.085329,-0.797748,0.021634,0.122893,0.476519,-0.222777,0.483110,0.003050,-0.875299,0.021160,0.073362,0.643151,-0.257830,0.376079,0.260545,-0.756454,0.467396,-0.016126,0.694429,-0.319169,0.376079,0.260545,-0.756454,0.467396,-0.127986,0.758526,-0.395842,0.376079,0.260545,-0.756454,0.467396,-0.004194,0.687592,-0.310990,0.402908,0.386799,-0.732405,0.389403,-0.004194,0.687592,-0.310990,0.335544,0.112328,-0.772697,0.527004,-0.196245,0.724492,-0.241086,0.232962,-0.104460,-0.964568,-0.066520,0.003389,0.714563,-0.511934,0.658036,0.061418,-0.742099,-0.111828,-0.285896,0.441971,-0.294117,0.432037,0.035654,-0.881273,-0.188231,-0.050714,0.428783,-0.591149,0.519511,-0.170039,-0.836562,-0.036851,-0.325471,0.225554,-0.380611,0.431992,0.002845,-0.855335,-0.285966,-0.134959,0.208298,-0.578006,0.493295,-0.267199,-0.820820,-0.107326,0.000000,0.000000,0.000000,15.720983,-0.833063,-35.966393,-24.544586,-0.756208,-67.191475,-123.943375,-0.286327,-308.285614,63.601269,-0.470330,-2.399695,-2.799024,-1.051636,-10.962802,3.938663,1.096908,84.452972,131.030075,-1.257504,-65.174568,30.599459,0.172222,14.259576,-17.621645,-0.039830,-23.839878,71.798889,2.123216,231.078247,1.166961,-0.783703,298.730225,8.203941,4.990353,336.162598,141.745575,2.260096,-15.871259,22.704094,10.730968,644.966309,-6.858601,2.887249,206.835129,20.174953,-1.775966,12.799698,64.060837,3.588284,128.049744,5.351821,-0.133038,40.632137,-13.160569,-3.484838,-125.857956,15.852262,4.995626,211.002914,-60.691540,0.159768,252.416824,1.641360,1.054659,196.268402,-12.077102,-6.837396,-87.621887,0.012437,0.415539,-33.406883,-1.948402,1.053628,73.080002,31.162788,-0.071806,25.216600,-0.806810,-0.187471,-67.155624,-2.100656,1.116907,45.140308,31.226414,-0.094133,22.085646,-1.304358,-0.736622,-81.568855,-2.411347,0.857283,3.833013,31.214474,-0.144285,18.552101,-4.329718,1.433569,65.730927,5.576493,-0.559021,19.215050,-5.961369,-1.466891,51.293823,5.791331,-3.080340,-215.966309,-16.841146,1.824996,51.590805,-9.646172,0.912049,-36.792027,67.799942,-1.692379,53.395203,-9.856256,-1.460917,61.086636,-2.865097,-1.722055,-48.026245,72.826118,-2.523983,-259.050934,1,1
64,634,0.013047,0.453796,-0.287586,0.480516,-0.123068,-0.840780,-0.216907,0.013047,0.453796,-0.287586,0.480516,-0.123068,-0.840780,-0.216907,-0.016332,0.357771,-0.215386,0.269560,-0.422888,-0.578505,-0.643300,0.062152,0.358004,-0.348491,0.348833,-0.320997,-0.597190,-0.647024,-0.361541,0.428354,-0.430933,0.415847,0.188859,-0.838034,0.298502,-0.284884,0.371494,-0.573617,0.507614,0.120552,-0.794128,0.311698,-0.128001,0.127327,-0.284829,0.366316,0.088562,-0.916297,0.135531,-0.073015,0.060002,-0.416810,0.596530,0.085329,-0.797748,0.021634,0.122893,0.476519,-0.222777,0.483110,0.003050,-0.875299,0.021160,0.073362,0.643151,-0.257830,0.376079,0.260545,-0.756454,0.467396,-0.016126,0.694429,-0.319169,0.376079,0.260545,-0.756454,0.467396,-0.127986,0.758526,-0.395842,0.376079,0.260545,-0.756454,0.467396,-0.004194,0.687592,-0.310990,0.402908,0.386799,-0.732405,0.389403,-0.004194,0.687592,-0.310990,0.335544,0.112328,-0.772697,0.527004,-0.196245,0.724492,-0.241086,0.232962,-0.104460,-0.964568,-0.066520,0.003389,0.714563,-0.511934,0.658036,0.061418,-0.742099,-0.111828,-0.285896,0.441971,-0.294117,0.432037,0.035654,-0.881273,-0.188231,-0.050714,0.428783,-0.591149,0.519511,-0.170039,-0.836562,-0.036851,-0.325471,0.225554,-0.380611,0.431992,0.002845,-0.855335,-0.285966,-0.134959,0.208298,-0.578006,0.493295,-0.267199,-0.820820,-0.107326,0.000000,0.000000,0.000000,15.720983,0.000000,208.265640,-24.544586,0.000000,189.051910,-123.943375,0.000000,71.581673,63.601269,0.000000,117.582436,-2.799024,0.000000,262.909088,3.938663,0.000000,-274.226929,131.030075,0.000000,314.375946,30.599459,0.000000,-43.055592,-17.621645,0.000000,9.957482,71.798889,0.000000,-530.803894,1.166961,0.000000,195.925720,8.203941,0.000000,-1247.588257,141.745575,0.000000,-565.023987,22.704094,0.000000,-2682.741943,-6.858601,0.000000,-721.812256,20.174953,0.000000,443.991486,64.060837,0.000000,-897.070923,5.351821,0.000000,33.259392,-13.160569,0.000000,871.209534,15.852262,0.000000,-1248.906616,-60.691540,0.000000,-39.942123,1.641360,0.000000,-263.664642,-12.077102,0.000000,1709.348999,0.012437,0.000000,-103.884697,-1.948402,0.000000,-263.406952,31.162788,0.000000,17.951517,-0.806810,0.000000,46.867657,-2.100656,0.000000,-279.226715,31.226414,0.000000,23.533316,-1.304358,0.000000,184.155563,-2.411347,0.000000,-214.320786,31.214474,0.000000,36.071331,-4.329718,0.000000,-358.392212,5.576493,0.000000,139.755371,-5.961369,0.000000,366.722809,5.791331,0.000000,770.084961,-16.841146,0.000000,-456.248993,-9.646172,0.000000,-228.012314,67.799942,0.000000,423.094818,-9.856256,0.000000,365.229218,-2.865097,0.000000,430.513824,72.826118,0.000000,630.995789,1,1
65,643,0.013047,0.453783,-0.287586,0.480498,-0.123098,-0.840778,-0.216933,0.013047,0.453783,-0.287586,0.480498,-0.123098,-0.840778,-0.216933,-0.016341,0.357760,-0.215388,0.269526,-0.422905,-0.578476,-0.643329,0.062145,0.357988,-0.348491,0.348808,-0.321015,-0.597183,-0.647035,-0.361537,0.428385,-0.430942,0.415848,0.188821,-0.838052,0.298472,-0.284888,0.371499,-0.573620,0.507619,0.120526,-0.794131,0.311694,-0.128030,0.127332,-0.284841,0.366307,0.088513,-0.916310,0.135499,-0.073036,0.059999,-0.416805,0.596530,0.085304,-0.797751,0.021637,0.122894,0.476496,-0.222774,0.483082,0.002976,-0.875316,0.021107,0.073405,0.643143,-0.257829,0.376102,0.260376,-0.756541,0.467331,-0.016055,0.694456,-0.319179,0.376102,0.260376,-0.756541,0.467331,-0.127880,0.758598,-0.395867,0.376102,0.260376,-0.756541,0.467331,-0.004127,0.687615,-0.310999,0.402908,0.386602,-0.732525,0.389373,-0.004127,0.687615,-0.310999,0.335580,0.112167,-0.772754,0.526930,-0.196184,0.724611,-0.241144,0.232771,-0.104771,-0.964578,-0.066557,0.003490,0.714596,-0.511942,0.657982,0.061328,-0.742135,-0.111954,-0.285998,0.442145,-0.294175,0.431790,0.035321,-0.881386,-0.188332,-0.050696,0.428838,-0.591181,0.519480,-0.170140,-0.836556,-0.036958,-0.325706,0.225747,-0.380655,0.431712,0.002532,-0.855443,-0.286070,-0.135005,0.208376,-0.578059,0.493260,-0.267297,-0.820797,-0.107424,0.000000,0.000000,0.000000,15.722778,0.199530,22.169985,-24.548792,-0.467300,-51.922268,-123.946098,-0.302633,-33.625851,63.599880,-0.154283,-17.142590,-2.798255,0.085407,9.489648,3.938184,-0.053194,-5.910426,131.031250,0.130547,14.505269,30.598608,-0.094520,-10.502192,-17.621456,0.020981,2.331204,71.800507,0.179715,19.968290,1.167150,0.021021,2.335619,8.203458,-0.053724,-5.969295,141.746017,0.049167,5.463023,22.704771,0.075234,8.359367,-6.859489,-0.098652,-10.961369,20.173128,-0.202815,-22.534971,64.062149,0.145806,16.200691,5.352414,0.065857,7.317389,-13.159723,0.093990,10.443322,15.852598,0.037299,4.144362,-60.697701,-0.684526,-76.058464,1.640190,-0.130018,-14.446400,-12.077069,0.003603,0.400308,0.013359,0.102361,11.373404,-1.951859,-0.384039,-42.671036,31.157707,-0.564575,-62.730576,-0.804085,0.302805,33.644981,-2.103119,-0.273599,-30.399837,31.221470,-0.549316,-61.035156,-1.300595,0.418173,46.463661,-2.412057,-0.078917,-8.768505,31.209707,-0.529607,-58.845234,-4.331424,-0.189622,-21.069138,5.575609,-0.098228,-10.914272,-5.966813,-0.604841,-67.204613,5.789332,-0.222047,-24.671907,-16.842501,-0.150469,-16.718735,-9.645623,0.060929,6.769911,67.798401,-0.171238,-19.026392,-9.862205,-0.661002,-73.444695,-2.870387,-0.587834,-65.314911,72.828896,0.308567,34.285179,1,1
66,653,0.013047,0.453783,-0.287586,0.480511,-0.123050,-0.840771,-0.216960,0.013047,0.453783,-0.287586,0.480511,-0.123050,-0.840771,-0.216960,-0.016336,0.357750,-0.215398,0.269561,-0.422878,-0.578453,-0.643353,0.062150,0.357996,-0.348500,0.348846,-0.320985,-0.597169,-0.647042,-0.361534,0.428382,-0.430945,0.415830,0.188865,-0.838061,0.298445,-0.284886,0.371499,-0.573624,0.507606,0.120576,-0.794133,0.311691,-0.128009,0.127328,-0.284872,0.366297,0.088548,-0.916315,0.135468,-0.073006,0.060007,-0.416830,0.596533,0.085355,-0.797743,0.021646,0.122893,0.476496,-0.222772,0.483065,0.003063,-0.875326,0.021043,0.073388,0.643146,-0.257788,0.375973,0.260485,-0.756632,0.467225,-0.016073,0.694470,-0.319128,0.375973,0.260485,-0.756632,0.467225,-0.127900,0.758625,-0.395803,0.375973,0.260485,-0.756632,0.467225,-0.004145,0.687627,-0.310950,0.402710,0.386739,-0.732622,0.389258,-0.004145,0.687627,-0.310950,0.335484,0.112271,-0.772864,0.526807,-0.196227,0.724544,-0.241115,0.232673,-0.104576,-0.964601,-0.066868,0.003481,0.714685,-0.511883,0.657971,0.061502,-0.742122,-0.112010,-0.285960,0.442096,-0.294364,0.431617,0.035610,-0.881394,-0.188637,-0.050651,0.428941,-0.591213,0.519504,-0.169975,-0.836572,-0.037021,-0.325594,0.225760,-0.381032,0.431567,0.002833,-0.855419,-0.286357,-0.134912,0.208457,-0.578154,0.493307,-0.267141,-0.820813,-0.107473,0.000000,0.000000,0.000000,15.727943,0.516510,31.698017,-24.545609,0.318336,78.563690,-123.945076,0.102234,40.486656,63.598518,-0.136185,1.809862,-2.797673,0.058222,-2.718502,3.937246,-0.093865,-4.067156,131.032364,0.111389,-1.915826,30.597881,-0.072670,2.184974,-17.621134,0.032234,1.125336,71.801285,0.077820,-10.189480,1.167376,0.022519,0.149806,8.203637,0.017929,7.165273,141.746918,0.090027,4.085965,22.705107,0.033569,-4.166497,-6.860424,-0.093460,0.519223,20.171457,-0.167084,3.573100,64.062920,0.077057,-6.874932,5.353686,0.127268,6.141133,-13.158460,0.126362,3.237195,15.860782,0.818348,78.104866,-60.701771,-0.407028,27.749802,1.638847,-0.134289,-0.427167,-12.075796,0.127316,12.371275,0.007292,-0.606655,-70.901588,-1.950846,0.101233,48.527187,31.156422,-0.128555,43.601990,-0.809765,-0.568074,-87.087883,-2.105388,-0.226951,4.664791,31.220009,-0.146103,40.321350,-1.304234,-0.363898,-78.207123,-2.416949,-0.489140,-41.022301,31.208206,-0.150108,37.949879,-4.332570,-0.114584,7.503827,5.576071,0.046206,14.443398,-5.967666,-0.085306,51.953529,5.796925,0.759268,98.131493,-16.842916,-0.041580,10.888842,-9.642468,0.315475,25.454628,67.796272,-0.212860,-4.162258,-9.863177,-0.097275,56.372749,-2.866910,0.347710,93.554390,72.836166,0.727081,41.851467,1,1
67,663,0.013047,0.453801,-0.287586,0.480615,-0.122940,-0.840759,-0.216840,0.013047,0.453801,-0.287586,0.480615,-0.122940,-0.840759,-0.216840,-0.016291,0.357764,-0.215386,0.270117,-0.423013,-0.578656,-0.642848,0.062173,0.358027,-0.348502,0.348803,-0.320982,-0.597221,-0.647019,-0.361806,0.427958,-0.430576,0.416224,0.189121,-0.837804,0.298456,-0.284847,0.371505,-0.573654,0.507596,0.120517,-0.794147,0.311694,-0.128041,0.126991,-0.284710,0.366455,0.088441,-0.916267,0.135437,-0.073005,0.060003,-0.416829,0.596485,0.085277,-0.797787,0.021675,0.122896,0.476556,-0.222792,0.483126,0.003170,-0.875289,0.021185,0.073335,0.643184,-0.257834,0.375983,0.260557,-0.756504,0.467384,-0.016147,0.694463,-0.319181,0.375983,0.260557,-0.756504,0.467384,-0.127999,0.758561,-0.395865,0.375983,0.260557,-0.756504,0.467384,-0.004216,0.687626,-0.311002,0.402745,0.386850,-0.732484,0.389373,-0.004216,0.687626,-0.311002,0.335458,0.112338,-0.772751,0.526976,-0.196288,0.724503,-0.241131,0.232856,-0.104574,-0.964561,-0.066815,0.003391,0.714613,-0.511942,0.658006,0.061459,-0.742132,-0.111764,-0.286018,0.442104,-0.294372,0.431116,0.035646,-0.881412,-0.189690,-0.050666,0.428821,-0.591148,0.519552,-0.169879,-0.836571,-0.036822,-0.325804,0.225975,-0.381488,0.431038,0.002689,-0.855019,-0.288342,-0.134844,0.208309,-0.578029,0.493328,-0.267163,-0.820817,-0.107287,0.000000,0.000000,0.000000,15.717538,-1.156171,-185.853455,-24.529377,1.803504,165.018616,-123.928993,1.786974,187.193314,63.613228,1.634386,196.730057,-2.812285,-1.623551,-186.863647,3.925125,-1.346774,-139.212021,131.026077,-0.698513,-89.989174,30.596584,-0.144111,-7.937867,-17.615326,0.645320,68.120605,71.757401,-4.876031,-550.427856,1.112919,-6.050706,-674.802734,8.213633,1.110607,121.408623,141.701782,-5.015055,-567.231323,22.732100,2.999200,329.514526,-6.904787,-4.929224,-537.307190,20.162226,-1.025730,-95.405106,64.076073,1.461453,153.821793,5.364199,1.168092,115.647148,-13.167324,-0.984934,-123.477264,15.988897,14.235073,1490.747314,-60.751270,-5.499946,-565.879700,1.663916,2.785444,324.414856,-12.189837,-12.671259,-1422.063843,0.010586,0.365931,108.065117,-1.954253,-0.378569,-53.311279,31.157875,0.161489,32.227127,-0.805222,0.504779,119.205841,-2.106605,-0.135157,10.199312,31.221647,0.182046,36.460968,-1.299763,0.496692,95.621155,-2.415630,0.146521,70.628998,31.210003,0.199636,38.860458,-4.330500,0.230047,38.292377,5.576699,0.069724,2.613185,-5.961711,0.661585,82.987915,5.801153,0.469791,-32.164139,-16.840397,0.279956,35.726288,-9.640271,0.244141,-7.926093,67.794968,-0.144958,7.544623,-9.858612,0.507249,67.169281,-2.876553,-1.071400,-157.678879,72.851173,1.667447,104.485031,1,1
68,681,0.013047,0.453837,-0.287586,0.480616,-0.122908,-0.840751,-0.216886,0.013047,0.453837,-0.287586,0.480616,-0.122908,-0.840751,-0.216886,-0.016291,0.357791,-0.215398,0.269955,-0.423027,-0.578816,-0.642763,0.062175,0.358071,-0.348512,0.349020,-0.320976,-0.597140,-0.646981,-0.361766,0.427910,-0.430683,0.416218,0.188780,-0.837898,0.298414,-0.284923,0.371501,-0.573546,0.507661,0.120742,-0.794064,0.311711,-0.128234,0.126816,-0.284706,0.366025,0.087241,-0.916519,0.135675,-0.072920,0.060054,-0.416831,0.596654,0.085522,-0.797632,0.021755,0.122894,0.476586,-0.222788,0.483104,0.003176,-0.875305,0.020995,0.073381,0.643250,-0.257758,0.375963,0.260479,-0.756779,0.466999,-0.016067,0.694625,-0.319074,0.375963,0.260479,-0.756779,0.466999,-0.127877,0.758844,-0.395719,0.375963,0.260479,-0.756779,0.466999,-0.004141,0.687775,-0.310898,0.402809,0.386683,-0.732682,0.389100,-0.004141,0.687775,-0.310898,0.335512,0.112259,-0.773009,0.526580,-0.196191,0.724732,-0.241017,0.232840,-0.104512,-0.964582,-0.066668,0.003524,0.715029,-0.511816,0.657776,0.061966,-0.742088,-0.113123,-0.285852,0.442276,-0.294202,0.430901,0.036015,-0.881611,-0.189183,-0.050829,0.429491,-0.591796,0.519848,-0.169533,-0.836410,-0.037873,-0.325360,0.226053,-0.381210,0.430860,0.003476,-0.855467,-0.287269,-0.135123,0.208996,-0.579145,0.493766,-0.267201,-0.820500,-0.107602,0.000000,0.000000,0.000000,15.724276,0.354616,79.515129,-24.528563,0.042865,-92.665207,-123.929787,-0.041761,-96.249191,63.604023,-0.484467,-111.518539,-2.791836,1.076284,142.096588,3.936160,0.580813,101.451912,131.032715,0.349346,55.150494,30.589130,-0.392311,-13.063194,-17.622219,-0.362798,-53.058811,71.743225,-0.746074,217.366104,1.127622,0.773819,359.185516,8.240554,1.416909,16.121180,141.663330,-2.023797,157.434616,22.753513,1.127042,-98.534607,-7.017273,-5.920335,-52.163704,20.136219,-1.368774,-18.054943,64.098785,1.195406,-14.002493,5.440827,4.033063,150.787964,-13.120517,2.463542,181.498688,15.960793,-1.479149,-827.064270,-60.778988,-1.458821,212.690796,1.674126,0.537383,-118.319031,-12.106234,4.400203,898.498047,0.004959,-0.296131,-34.845333,-1.953259,0.052327,22.678715,31.142296,-0.819959,-51.655159,-0.810098,-0.256604,-40.072781,-2.108611,-0.105619,1.554600,31.205925,-0.827488,-53.133369,-1.302399,-0.138703,-33.441856,-2.419933,-0.226473,-19.631264,31.194277,-0.827689,-54.069729,-4.332810,-0.121619,-18.508738,5.575260,-0.075717,-7.654784,-5.965346,-0.191287,-44.888004,5.775002,-1.376403,-97.168083,-16.858639,-0.960099,-65.266075,-9.700572,-3.173728,-179.887817,67.847565,2.768265,153.327576,-9.858199,0.021734,-25.553421,-2.857258,1.015525,109.838173,72.795799,-2.914429,-241.151337,1,1
69,685,0.013047,0.453814,-0.287586,0.480596,-0.122927,-0.840763,-0.216874,0.013047,0.453814,-0.287586,0.480596,-0.122927,-0.840763,-0.216874,-0.016296,0.357772,-0.215394,0.269989,-0.423021,-0.578822,-0.642747,0.062174,0.358043,-0.348506,0.348897,-0.321005,-0.597181,-0.646994,-0.361785,0.427870,-0.430665,0.416225,0.188815,-0.837883,0.298423,-0.284888,0.371505,-0.573593,0.507643,0.120609,-0.794095,0.311715,-0.128225,0.126792,-0.284698,0.366026,0.087242,-0.916517,0.135682,-0.072971,0.060033,-0.416811,0.596588,0.085374,-0.797697,0.021747,0.122893,0.476563,-0.222785,0.483116,0.003172,-0.875298,0.021036,0.073366,0.643219,-0.257766,0.376001,0.260545,-0.756703,0.467055,-0.016099,0.694574,-0.319075,0.376001,0.260545,-0.756703,0.467055,-0.127929,0.758766,-0.395712,0.376001,0.260545,-0.756703,0.467055,-0.004170,0.687726,-0.310901,0.402805,0.386723,-0.732635,0.389153,-0.004170,0.687726,-0.310901,0.335571,0.112425,-0.772934,0.526617,-0.196232,0.724675,-0.241027,0.232755,-0.104575,-0.964594,-0.066687,0.003402,0.714975,-0.511833,0.658049,0.062048,-0.741865,-0.112950,-0.285923,0.442238,-0.294227,0.430734,0.035923,-0.881670,-0.189302,-0.050879,0.429393,-0.591733,0.520197,-0.169332,-0.836252,-0.037477,-0.325476,0.226038,-0.381273,0.430683,0.003398,-0.855511,-0.287406,-0.135004,0.208842,-0.578938,0.494113,-0.267058,-0.820395,-0.107168,0.000000,0.000000,0.000000,15.722549,-0.431538,-196.538483,-24.529509,-0.236511,-69.844093,-123.932297,-0.627518,-146.439194,63.608429,1.101494,396.490112,-2.798693,-1.714408,-697.673157,3.927649,-2.127826,-677.159729,131.030762,-0.488281,-209.406799,30.591026,0.473976,216.571899,-17.618464,0.938892,325.422516,71.740349,-0.719070,6.751016,1.122409,-1.303136,-519.238831,8.236176,-1.094341,-627.812622,141.663620,0.072479,524.069153,22.755781,0.566959,-140.020721,-7.021323,-1.012444,1226.972534,20.121782,-3.609180,-560.101746,64.109177,2.597809,350.600800,5.443892,0.766039,-816.756104,-13.121456,-0.234842,-674.595947,15.970873,2.519846,999.748718,-60.787498,-2.127647,-167.206711,1.674360,0.058413,-119.742584,-12.108040,-0.451565,-1212.942017,0.006200,0.310341,151.617859,-1.949978,0.820428,192.025375,31.145956,0.915051,433.752411,-0.810838,-0.185147,17.864340,-2.105174,0.859439,241.264694,31.209509,0.895977,430.866302,-1.304926,-0.631869,-123.291420,-2.417364,0.642180,217.163254,31.197693,0.854015,420.426056,-4.344198,-2.846837,-681.304626,5.572619,-0.660300,-146.145874,-5.971021,-1.418710,-306.855682,5.780217,1.303792,670.048706,-16.867117,-2.119541,-289.860535,-9.691842,2.182484,1339.052856,67.837120,-2.611160,-1344.856445,-9.864785,-1.646519,-417.063110,-2.861793,-1.133740,-537.316284,72.807961,3.040314,1488.685547,1,1
70,706,0.013047,0.453637,-0.287586,0.480602,-0.122818,-0.840770,-0.216897,0.013047,0.453637,-0.287586,0.480602,-0.122818,-0.840770,-0.216897,-0.016284,0.357580,-0.215409,0.270397,-0.422943,-0.578778,-0.642667,0.062193,0.357883,-0.348517,0.348646,-0.321054,-0.597335,-0.646963,-0.361916,0.427539,-0.430496,0.416296,0.189188,-0.837798,0.298327,-0.284793,0.371341,-0.573722,0.507611,0.120306,-0.794157,0.311723,-0.128130,0.126528,-0.284752,0.366065,0.087250,-0.916516,0.135579,-0.073070,0.059813,-0.416790,0.596075,0.083886,-0.798242,0.021639,0.122886,0.476395,-0.222776,0.483024,0.003310,-0.875349,0.020985,0.073335,0.643050,-0.257730,0.375695,0.260599,-0.756854,0.467026,-0.016112,0.694404,-0.319065,0.375695,0.260599,-0.756854,0.467026,-0.127920,0.758596,-0.395735,0.375695,0.260599,-0.756854,0.467026,-0.004185,0.687557,-0.310887,0.402210,0.386775,-0.732936,0.389149,-0.004185,0.687557,-0.310887,0.335260,0.112431,-0.773114,0.526551,-0.196368,0.724449,-0.241228,0.231890,-0.104848,-0.964716,-0.067503,0.003507,0.714882,-0.511801,0.657777,0.062300,-0.742076,-0.113010,-0.286268,0.442176,-0.294902,0.430398,0.035045,-0.881778,-0.189730,-0.050680,0.429297,-0.591812,0.520491,-0.169282,-0.836099,-0.037028,-0.326237,0.226057,-0.381956,0.430237,0.002928,-0.855757,-0.287345,-0.134679,0.208710,-0.578821,0.493936,-0.268750,-0.819967,-0.107028,0.000000,0.000000,0.000000,15.730783,0.392051,39.218506,-24.519632,0.470298,33.657566,-123.932518,-0.010536,29.380089,63.610916,0.118437,-46.812214,-2.816088,-0.828346,42.193466,3.887547,-1.909619,10.390803,131.016022,-0.701904,-10.172526,30.678471,4.164014,175.716095,-17.490419,6.097340,245.640350,71.724342,-0.762213,-2.054402,1.089155,-1.583559,-13.353468,8.218345,-0.849133,11.676564,141.658020,-0.266666,-16.149752,22.775131,0.921431,16.879604,-7.060642,-1.872358,-40.948254,20.113857,-0.377383,153.895142,64.171913,2.987453,18.554483,5.594986,7.194973,306.139709,-13.268361,-6.995473,-321.934814,15.904934,-3.139950,-269.514099,-60.751068,1.734779,183.925064,1.686424,0.574515,24.576305,-12.035929,3.433863,185.020386,-0.002404,-0.409730,-34.289097,-1.955299,-0.253405,-51.134907,31.145153,-0.038238,-45.394684,-0.815430,-0.218667,-1.596181,-2.114172,-0.428495,-61.330208,31.208666,-0.040145,-44.577248,-1.304171,0.035978,31.802256,-2.427438,-0.479710,-53.423328,31.197115,-0.027520,-41.977886,-4.340021,0.198909,145.035538,5.572213,-0.019346,30.521635,-5.992785,-1.036394,18.205502,5.811473,1.488413,8.791481,-16.863735,0.161035,108.598854,-9.695264,-0.162942,-111.686943,67.839302,0.103905,129.288834,-9.891227,-1.259123,18.447433,-2.882632,-0.992355,6.732623,72.873718,3.131321,4.333700,1,1
71,710,0.013047,0.453574,-0.287586,0.480449,-0.122778,-0.840801,-0.217136,0.013047,0.453574,-0.287586,0.480449,-0.122778,-0.840801,-0.217136,-0.016331,0.357496,-0.215457,0.270266,-0.422279,-0.578400,-0.643498,0.062194,0.357833,-0.348536,0.348842,-0.320995,-0.597195,-0.647016,-0.361625,0.427871,-0.430941,0.415501,0.189529,-0.838214,0.298053,-0.284844,0.371312,-0.573659,0.507609,0.120567,-0.794118,0.311727,-0.127841,0.126827,-0.285266,0.367280,0.086730,-0.916014,0.136021,-0.072956,0.059838,-0.416843,0.596152,0.084073,-0.798164,0.021640,0.122867,0.476282,-0.222728,0.482984,0.003151,-0.875374,0.020922,0.073379,0.642945,-0.257718,0.376107,0.260307,-0.756641,0.467203,-0.016064,0.694296,-0.319063,0.376107,0.260307,-0.756641,0.467203,-0.127867,0.758484,-0.395743,0.376107,0.260307,-0.756641,0.467203,-0.004138,0.687449,-0.310883,0.402483,0.386560,-0.732880,0.389186,-0.004138,0.687449,-0.310883,0.335598,0.112183,-0.772851,0.526774,-0.196302,0.724412,-0.241211,0.231848,-0.104844,-0.964722,-0.067574,0.003505,0.714641,-0.511821,0.657834,0.062001,-0.742020,-0.113211,-0.286210,0.442155,-0.294923,0.430442,0.034923,-0.881742,-0.189821,-0.050888,0.429052,-0.591793,0.520685,-0.168836,-0.836078,-0.036812,-0.326252,0.226052,-0.381986,0.430220,0.003317,-0.855750,-0.287389,-0.134666,0.208380,-0.578806,0.493987,-0.268792,-0.819898,-0.107216,0.000000,0.000000,0.000000,15.763792,8.252382,1965.082886,-24.526197,-1.641273,-527.892761,-123.958321,-6.450653,-1610.029297,63.591442,-4.868507,-1246.736206,-2.782074,8.503616,2332.990479,3.899415,2.967000,1219.154785,131.032623,4.150391,1213.073730,30.684616,1.536369,-656.911255,-17.488108,0.577927,-1379.853271,71.761154,9.202957,2491.292480,1.141239,13.021172,3651.182617,8.141427,-19.229412,-4595.069824,141.711456,13.359070,3406.433838,22.731642,-10.872364,-2948.448730,-7.050468,2.543449,1103.951782,20.011599,-25.564671,-6296.822266,64.207573,8.914948,1481.873657,5.616569,5.395651,-449.830536,-13.340088,-17.931700,-2734.056396,15.903208,-0.431538,677.103088,-60.743565,1.875877,35.274593,1.737386,12.740374,3041.464600,-12.004993,7.733822,1074.989502,0.026257,7.165311,1893.760376,-1.954027,0.318080,142.871262,31.151907,1.688480,431.679535,-0.791744,5.921721,1535.097046,-2.098270,3.975391,1100.971558,31.216084,1.854420,473.641205,-1.292373,2.949536,728.389343,-2.401538,6.475031,1738.685303,31.204458,1.835823,465.835846,-4.340037,-0.004172,-50.770382,5.568076,-1.034260,-253.728455,-5.991557,0.306964,335.839539,5.838493,6.754875,1316.615601,-16.869465,-1.432419,-398.363373,-9.720236,-6.242990,-1520.012085,67.856239,4.234314,1032.602173,-9.889614,0.403166,415.572113,-2.863442,4.797578,1447.483154,72.892624,4.726410,398.772125,1,1
72,720,0.013047,0.453215,-0.287586,0.480632,-0.122919,-0.840612,-0.217383,0.013047,0.453215,-0.287586,0.480632,-0.122919,-0.840612,-0.217383,-0.016338,0.357120,-0.215482,0.270838,-0.422438,-0.577421,-0.644032,0.062122,0.357477,-0.348599,0.348655,-0.321742,-0.596938,-0.646983,-0.361796,0.428180,-0.430479,0.415764,0.189907,-0.838408,0.296896,-0.285108,0.371315,-0.573398,0.508108,0.120240,-0.793799,0.311852,-0.128042,0.126675,-0.285708,0.367313,0.086926,-0.916064,0.135473,-0.073277,0.059841,-0.416504,0.596272,0.083695,-0.798108,0.021864,0.122909,0.475848,-0.222772,0.483122,0.003146,-0.875302,0.020710,0.073432,0.642522,-0.257700,0.375995,0.260431,-0.756685,0.467153,-0.016018,0.693869,-0.319036,0.375995,0.260431,-0.756685,0.467153,-0.127832,0.758052,-0.395706,0.375995,0.260431,-0.756685,0.467153,-0.004091,0.687023,-0.310858,0.402380,0.386656,-0.732894,0.389171,-0.004091,0.687023,-0.310858,0.335529,0.112222,-0.772902,0.526734,-0.196269,0.723946,-0.241195,0.231805,-0.104793,-0.964735,-0.067604,0.003574,0.714234,-0.511786,0.657766,0.061979,-0.742073,-0.113270,-0.286152,0.441689,-0.294931,0.430442,0.034812,-0.881750,-0.189802,-0.050847,0.428648,-0.591774,0.520739,-0.168813,-0.836052,-0.036756,-0.326237,0.225582,-0.381964,0.430212,0.003174,-0.855764,-0.287359,-0.134604,0.207969,-0.578765,0.493984,-0.269004,-0.819836,-0.107173,0.000000,0.000000,0.000000,15.777837,1.404476,-684.790649,-24.558187,-3.199005,-155.773163,-123.936111,2.220917,867.157043,63.607822,1.638031,650.653870,-2.758875,2.319860,-618.375610,3.836751,-6.266403,-923.340332,131.079849,4.722595,57.220459,30.664381,-2.023506,-355.987549,-17.469639,1.846886,126.895897,71.823235,6.208038,-299.491882,1.099408,-4.183090,-1720.426147,8.059102,-8.232498,1099.691406,141.711853,0.039673,-1331.939697,22.669167,-6.247520,462.484375,-7.095543,-4.507494,-705.094360,19.999216,-1.238251,2432.642090,64.223839,1.626587,-728.836060,5.638373,2.180481,-321.516998,-13.357019,-1.693153,1623.854614,15.893810,-0.939751,-50.821304,-60.745327,-0.176239,-205.211639,1.733498,-0.388777,-1312.915039,-12.005319,-0.032520,-776.634216,0.017111,-0.914649,-807.996094,-1.960905,-0.687838,-100.591782,31.164177,1.226997,-46.148300,-0.796377,-0.463361,-638.508179,-2.108940,-1.066923,-504.231445,31.228323,1.223946,-63.047413,-1.291190,0.118256,-283.128021,-2.413020,-1.148224,-762.325562,31.216995,1.253700,-58.212280,-4.334108,0.592899,59.707165,5.576561,0.848532,188.279144,-5.994437,-0.288010,-59.497356,5.834383,-0.411034,-716.590881,-16.865459,0.400543,183.296204,-9.719912,0.032425,627.541565,67.866837,1.059723,-317.459106,-9.892619,-0.300503,-70.366859,-2.866821,-0.337958,-513.553589,72.890381,-0.224304,-495.071381,1,1
73,730,0.013047,0.453260,-0.287586,0.481648,-0.124587,-0.840078,-0.216247,0.013047,0.453260,-0.287586,0.481648,-0.124587,-0.840078,-0.216247,-0.016240,0.357425,-0.215096,0.270896,-0.422723,-0.577277,-0.643950,0.061791,0.357268,-0.348467,0.348815,-0.321978,-0.596646,-0.647049,-0.361799,0.428597,-0.429894,0.416064,0.189802,-0.838345,0.296720,-0.285582,0.371297,-0.573030,0.508331,0.120399,-0.793646,0.311816,-0.128108,0.126973,-0.285271,0.366921,0.086777,-0.916158,0.135990,-0.073618,0.059837,-0.416288,0.595841,0.084454,-0.798362,0.021439,0.123149,0.475934,-0.223196,0.484105,0.002188,-0.874743,0.021499,0.073746,0.642574,-0.258391,0.376198,0.260291,-0.756422,0.467493,-0.015716,0.693862,-0.319759,0.376198,0.260291,-0.756422,0.467493,-0.127544,0.757972,-0.396469,0.376198,0.260291,-0.756422,0.467493,-0.003788,0.687023,-0.311577,0.402633,0.386829,-0.732632,0.389230,-0.003788,0.687023,-0.311577,0.335642,0.112608,-0.772649,0.526952,-0.195956,0.723899,-0.241827,0.231855,-0.104690,-0.964732,-0.067637,0.003661,0.714299,-0.512563,0.658415,0.062847,-0.741413,-0.113343,-0.285792,0.441641,-0.295592,0.430469,0.034825,-0.881707,-0.189939,-0.050485,0.428757,-0.592847,0.521275,-0.168439,-0.835788,-0.036877,-0.325902,0.225561,-0.382678,0.430223,0.003319,-0.855689,-0.287566,-0.134128,0.208030,-0.579921,0.494484,-0.268174,-0.819660,-0.108284,0.000000,0.000000,0.000000,15.532596,-24.524117,-2592.859131,-24.685387,-12.719917,-952.091187,-123.764221,17.189026,1496.810913,63.663288,5.546570,390.853882,-2.896853,-13.797785,-1611.764526,4.044316,20.756506,2702.290771,131.110474,3.062439,-166.015625,30.649424,-1.495743,52.776337,-17.492561,-2.292252,-413.913727,71.861908,3.867340,-234.069824,1.214591,11.518216,1570.130615,7.853882,-20.521975,-1228.947632,141.702469,-0.938416,-97.808838,22.603212,-6.595421,-34.790039,-7.158458,-6.291437,-178.394318,20.064787,6.557083,779.533386,64.169121,-5.471802,-709.838867,5.524763,-11.361027,-1354.150757,-13.428014,-7.099438,-540.628418,15.904979,1.116848,205.659866,-60.747284,-0.195694,-1.945496,1.751312,1.781356,217.013351,-12.006598,-0.127888,-9.536743,-0.052402,-6.951295,-603.664551,-1.988600,-2.769446,-208.160889,31.166309,0.213242,-101.375580,-0.841606,-4.522884,-405.952362,-2.168638,-5.969858,-490.293518,31.229620,0.129700,-109.424583,-1.298952,-0.776219,-89.447495,-2.487489,-7.446861,-629.863708,31.219645,0.264931,-98.876953,-4.382640,-4.853201,-544.609985,5.541284,-3.527689,-437.622070,-5.953131,4.130650,441.865906,5.859683,2.530003,294.103607,-16.913919,-4.846001,-524.654419,-9.750129,-3.021717,-305.414215,67.850815,-1.602173,-266.189575,-9.903710,-1.109123,-80.862045,-2.859487,0.733423,107.138161,72.919258,2.887726,311.203003,1,1
74,740,0.013047,0.453260,-0.287586,0.481648,-0.124587,-0.840078,-0.216247,0.013047,0.453260,-0.287586,0.481648,-0.124587,-0.840078,-0.216247,-0.016240,0.357425,-0.215096,0.270896,-0.422723,-0.577277,-0.643950,0.061791,0.357268,-0.348467,0.348815,-0.321978,-0.596646,-0.647049,-0.361799,0.428597,-0.429894,0.416064,0.189802,-0.838345,0.296720,-0.285582,0.371297,-0.573030,0.508331,0.120399,-0.793646,0.311816,-0.128108,0.126973,-0.285271,0.366921,0.086777,-0.916158,0.135990,-0.073618,0.059837,-0.416288,0.595841,0.084454,-0.798362,0.021439,0.123149,0.475934,-0.223196,0.484105,0.002188,-0.874743,0.021499,0.073746,0.642574,-0.258391,0.376198,0.260291,-0.756422,0.467493,-0.015716,0.693862,-0.319759,0.376198,0.260291,-0.756422,0.467493,-0.127544,0.757972,-0.396469,0.376198,0.260291,-0.756422,0.467493,-0.003788,0.687023,-0.311577,0.402633,0.386829,-0.732632,0.389230,-0.003788,0.687023,-0.311577,0.335642,0.112608,-0.772649,0.526952,-0.195956,0.723899,-0.241827,0.231855,-0.104690,-0.964732,-0.067637,0.003661,0.714299,-0.512563,0.658415,0.062847,-0.741413,-0.113343,-0.285792,0.441641,-0.295592,0.430469,0.034825,-0.881707,-0.189939,-0.050485,0.428757,-0.592847,0.521275,-0.168439,-0.835788,-0.036877,-0.325902,0.225561,-0.382678,0.430223,0.003319,-0.855689,-0.287566,-0.134128,0.208030,-0.579921,0.494484,-0.268174,-0.819660,-0.108284,0.000000,0.000000,0.000000,15.532596,0.000000,2452.411621,-24.685387,0.000000,1271.991699,-123.764221,0.000000,-1718.902588,63.663288,0.000000,-554.656982,-2.896853,0.000000,1379.778564,4.044316,0.000000,-2075.650635,131.110474,0.000000,-306.243896,30.649424,0.000000,149.574280,-17.492561,0.000000,229.225143,71.861908,0.000000,-386.734009,1.214591,0.000000,-1151.821533,7.853882,0.000000,2052.197510,141.702469,0.000000,93.841553,22.603212,0.000000,659.542114,-7.158458,0.000000,629.143677,20.064787,0.000000,-655.708313,64.169121,0.000000,547.180176,5.524763,0.000000,1136.102661,-13.428014,0.000000,709.943726,15.904979,0.000000,-111.684799,-60.747284,0.000000,19.569397,1.751312,0.000000,-178.135651,-12.006598,0.000000,12.788773,-0.052402,0.000000,695.129517,-1.988600,0.000000,276.944641,31.166309,0.000000,-21.324158,-0.841606,0.000000,452.288391,-2.168638,0.000000,596.985840,31.229620,0.000000,-12.969971,-1.298952,0.000000,77.621933,-2.487489,0.000000,744.686157,31.219645,0.000000,-26.493073,-4.382640,0.000000,485.320068,5.541284,0.000000,352.768890,-5.953131,0.000000,-413.064941,5.859683,0.000000,-253.000275,-16.913919,0.000000,484.600037,-9.750129,0.000000,302.171692,67.850815,0.000000,160.217285,-9.903710,0.000000,110.912331,-2.859487,0.000000,-73.342323,72.919258,0.000000,-288.772583,1,1
75,746,0.013047,0.453258,-0.287586,0.481745,-0.124837,-0.840057,-0.215966,0.013047,0.453258,-0.287586,0.481745,-0.124837,-0.840057,-0.215966,-0.016224,0.357476,-0.215021,0.270223,-0.423143,-0.577388,-0.643857,0.061758,0.357220,-0.348419,0.348734,-0.321909,-0.596677,-0.647098,-0.361650,0.428838,-0.429967,0.416242,0.189129,-0.838302,0.297024,-0.285560,0.371265,-0.573066,0.508240,0.120352,-0.793710,0.311821,-0.128276,0.127157,-0.284951,0.367398,0.086499,-0.916202,0.134573,-0.073642,0.059798,-0.416275,0.596098,0.084020,-0.798214,0.021488,0.123175,0.475965,-0.223251,0.484165,0.002188,-0.874709,0.021519,0.073760,0.642617,-0.258400,0.375857,0.260565,-0.756733,0.467111,-0.015699,0.693956,-0.319730,0.375857,0.260565,-0.756733,0.467111,-0.127523,0.758130,-0.396393,0.375857,0.260565,-0.756733,0.467111,-0.003771,0.687110,-0.311553,0.401922,0.386959,-0.733087,0.388978,-0.003771,0.687110,-0.311553,0.335450,0.112759,-0.772979,0.526556,-0.196093,0.723897,-0.242040,0.230660,-0.104741,-0.964947,-0.068583,0.003722,0.714567,-0.512505,0.658328,0.063005,-0.741445,-0.113553,-0.285995,0.441755,-0.296418,0.429949,0.034608,-0.881957,-0.189994,-0.050432,0.429064,-0.592938,0.521285,-0.168550,-0.835758,-0.036890,-0.326153,0.225688,-0.383515,0.429753,0.002370,-0.855876,-0.287719,-0.134121,0.208355,-0.579989,0.494555,-0.268230,-0.819640,-0.107977,0.000000,0.000000,0.000000,15.485263,-6.761823,-965.974731,-24.697151,-1.680647,-240.092377,-123.744202,2.859933,408.561859,63.681587,2.614157,373.451080,-2.929609,-4.679339,-668.477051,4.082362,5.435126,776.446655,131.111191,0.102452,14.635981,30.676506,3.868921,552.702942,-17.484013,1.221248,174.464005,71.904518,6.087167,869.595276,1.256439,5.978329,854.046936,7.896582,6.099905,871.415039,141.718002,2.219064,317.009125,22.763733,22.931507,3275.929688,-7.036636,17.403057,2486.150879,20.081129,2.334595,333.513519,64.165085,-0.576564,-82.366325,5.538383,1.945768,277.966858,-13.392882,5.018779,716.968445,15.804548,-14.347213,-2049.601807,-60.696480,7.257734,1036.819092,1.673618,-11.099134,-1585.590698,-12.055408,-6.972994,-996.142029,-0.089263,-5.265827,-752.260925,-1.982582,0.859601,122.800163,31.154104,-1.743589,-249.084152,-0.875916,-4.901358,-700.193970,-2.182546,-1.986776,-283.825165,31.216326,-1.899174,-271.310608,-1.320672,-3.102813,-443.259064,-2.517220,-4.247359,-606.765564,31.206091,-1.936231,-276.604462,-4.378076,0.652041,93.148682,5.554340,1.865183,266.454651,-5.994627,-5.928108,-846.872559,5.883327,3.377710,482.530029,-16.908096,0.831876,118.839493,-9.733749,2.339908,334.272614,67.853233,0.345503,49.357513,-9.947288,-6.225314,-889.330505,-2.861423,-0.276531,-39.504498,72.957054,5.399432,771.347351,1,1
76,752,0.013047,0.453266,-0.287586,0.481772,-0.124922,-0.840061,-0.215841,0.013047,0.453266,-0.287586,0.481772,-0.124922,-0.840061,-0.215841,-0.016217,0.357505,-0.214990,0.269948,-0.423241,-0.577703,-0.643626,0.061751,0.357209,-0.348396,0.348760,-0.321900,-0.596636,-0.647126,-0.361599,0.428681,-0.430060,0.416246,0.189133,-0.838048,0.297729,-0.285574,0.371280,-0.573031,0.508246,0.120384,-0.793720,0.311773,-0.128025,0.127354,-0.284632,0.367409,0.086530,-0.916136,0.134975,-0.073653,0.059794,-0.416282,0.596125,0.084061,-0.798191,0.021443,0.123182,0.475990,-0.223269,0.484213,0.002105,-0.874681,0.021615,0.073776,0.642639,-0.258452,0.375953,0.260504,-0.756690,0.467137,-0.015682,0.693980,-0.319781,0.375953,0.260504,-0.756690,0.467137,-0.127505,0.758156,-0.396443,0.375953,0.260504,-0.756690,0.467137,-0.003754,0.687134,-0.311604,0.401974,0.386914,-0.733087,0.388971,-0.003754,0.687134,-0.311604,0.335479,0.112665,-0.772945,0.526608,-0.196071,0.723950,-0.242087,0.230647,-0.104864,-0.964931,-0.068659,0.003767,0.714540,-0.512552,0.658215,0.062871,-0.741579,-0.113407,-0.286049,0.441837,-0.296495,0.429880,0.034569,-0.881968,-0.190110,-0.050366,0.428993,-0.592893,0.520861,-0.168751,-0.835999,-0.036501,-0.326240,0.225793,-0.383633,0.429668,0.002403,-0.855849,-0.287928,-0.134038,0.208288,-0.579786,0.494056,-0.268796,-0.819840,-0.107330,0.000000,0.000000,0.000000,15.466026,-3.206094,592.621521,-24.699354,-0.367165,218.913681,-123.737732,1.078288,-296.940887,63.693722,2.022425,-98.622009,-2.933208,-0.599901,679.906433,4.102489,3.354470,-346.776031,131.110901,-0.048319,-25.128561,30.675816,-0.115077,-663.999573,-17.486187,-0.362396,-263.940704,71.887856,-2.777100,-1477.377808,1.278513,3.679057,-383.211945,7.928097,5.252600,-141.217636,141.767273,8.211772,998.784668,22.800358,6.104151,-2804.559326,-7.028208,1.404762,-2666.382568,20.080444,-0.114123,-408.119629,64.126579,-6.417593,-973.504700,5.597404,9.836674,1315.150879,-13.388919,0.660578,-726.366882,15.808647,0.683149,2505.060303,-60.698074,-0.265757,-1253.915161,1.685107,1.914899,2169.005615,-12.062301,-1.148701,970.715576,-0.089728,-0.077491,864.722656,-1.982373,0.034869,-137.455399,31.150820,-0.547409,199.363342,-0.876324,-0.068098,805.543274,-2.182598,-0.008742,329.672363,31.213030,-0.549316,224.976318,-1.320887,-0.035803,511.168488,-2.517488,-0.044505,700.475647,31.202795,-0.549316,231.152481,-4.370153,1.320442,111.400139,5.550734,-0.601133,-411.052521,-5.995324,-0.116110,968.666321,5.890534,1.201232,-362.746338,-16.898363,1.622200,131.720596,-9.730433,0.552813,-297.849152,67.844734,-1.416524,-293.671143,-9.948816,-0.254790,995.087341,-2.864100,-0.446161,-28.271524,72.969788,2.122243,-546.198059,1,1
77,763,0.013047,0.453209,-0.287586,0.481901,-0.124959,-0.839983,-0.215837,0.013047,0.453209,-0.287586,0.481901,-0.124959,-0.839983,-0.215837,-0.016197,0.357447,-0.214983,0.269749,-0.423278,-0.577618,-0.643761,0.061730,0.357153,-0.348414,0.348721,-0.321878,-0.596611,-0.647181,-0.361490,0.428783,-0.430131,0.416162,0.189272,-0.837950,0.298033,-0.285573,0.371269,-0.573079,0.508189,0.120395,-0.793733,0.311828,-0.127756,0.127651,-0.284555,0.367377,0.086545,-0.916211,0.134539,-0.073636,0.059814,-0.416290,0.596104,0.084012,-0.798208,0.021567,0.123203,0.475929,-0.223303,0.484339,0.002091,-0.874612,0.021587,0.073800,0.642584,-0.258466,0.376069,0.260520,-0.756673,0.467062,-0.015666,0.693940,-0.319771,0.376069,0.260520,-0.756673,0.467062,-0.127499,0.758135,-0.396403,0.376069,0.260520,-0.756673,0.467062,-0.003737,0.687093,-0.311597,0.402134,0.387000,-0.733029,0.388828,-0.003737,0.687093,-0.311597,0.335572,0.112774,-0.772942,0.526530,-0.196036,0.723933,-0.242005,0.230701,-0.105023,-0.964899,-0.068681,0.003725,0.714563,-0.512548,0.658328,0.063100,-0.741434,-0.113573,-0.286094,0.441829,-0.296417,0.429563,0.034614,-0.882177,-0.189847,-0.050375,0.429043,-0.593046,0.520770,-0.168507,-0.836102,-0.036567,-0.326180,0.225735,-0.383482,0.429326,0.003230,-0.856358,-0.286915,-0.133971,0.208304,-0.580036,0.493932,-0.269053,-0.819855,-0.107142,0.000000,0.000000,0.000000,15.459751,-0.627518,257.857635,-24.705240,-0.588608,-22.144318,-123.719261,1.847076,76.878868,63.698555,0.483322,-153.910324,-2.956123,-2.291489,-169.158768,4.104990,0.250149,-310.432129,131.124313,1.341248,138.956696,30.674965,-0.085068,3.000895,-17.478424,0.776291,113.868713,71.910187,2.233124,501.022369,1.311824,3.331065,-34.799145,7.931614,0.351667,-490.093201,141.832733,6.546021,-166.575150,22.885487,8.512878,240.872711,-7.018432,0.977612,-42.715073,20.073021,-0.742340,-62.821705,64.089378,-3.720093,269.749969,5.664000,6.659651,-317.702240,-13.395002,-0.608349,-126.892738,15.779368,-2.927876,-361.102417,-60.744179,-4.610443,-434.468597,1.722428,3.732073,181.717484,-11.941057,12.124348,1327.304932,-0.089710,0.001758,7.924934,-1.983889,-0.151622,-18.649101,31.148752,-0.206757,34.065247,-0.875464,0.086021,15.411974,-2.183878,-0.127959,-11.921724,31.211018,-0.201225,34.809113,-1.319423,0.146341,18.214384,-2.518139,-0.065136,-2.063115,31.200863,-0.193214,35.610199,-4.376716,-0.656271,-197.671249,5.541655,-0.907898,-30.676525,-5.981843,1.348162,146.427155,5.889636,-0.089836,-129.106842,-16.905338,-0.697517,-231.971725,-9.739954,-0.952148,-150.496170,67.841675,-0.305939,111.058556,-9.960528,-1.171207,-91.641747,-2.867100,-0.300026,14.613470,72.972221,0.243378,-187.886551,1,1
78,779,0.013047,0.453228,-0.287586,0.481940,-0.124928,-0.839982,-0.215770,0.013047,0.453228,-0.287586,0.481940,-0.124928,-0.839982,-0.215770,-0.016179,0.357468,-0.214974,0.269713,-0.423283,-0.577567,-0.643819,0.061738,0.357174,-0.348410,0.348737,-0.321848,-0.596640,-0.647161,-0.361449,0.428865,-0.430134,0.416132,0.189374,-0.837906,0.298136,-0.285559,0.371252,-0.573086,0.508167,0.120416,-0.793732,0.311860,-0.127627,0.127815,-0.284529,0.367394,0.086490,-0.916215,0.134505,-0.073602,0.059818,-0.416283,0.596122,0.084031,-0.798193,0.021572,0.123204,0.475967,-0.223312,0.484239,0.002096,-0.874664,0.021690,0.073801,0.642608,-0.258538,0.375789,0.260290,-0.756725,0.467332,-0.015619,0.693932,-0.319937,0.375789,0.260290,-0.756725,0.467332,-0.127395,0.758087,-0.396685,0.375789,0.260290,-0.756725,0.467332,-0.003696,0.687089,-0.311751,0.401924,0.386923,-0.733066,0.389053,-0.003696,0.687089,-0.311751,0.335358,0.112602,-0.772935,0.526714,-0.196010,0.723911,-0.242241,0.230730,-0.105081,-0.964881,-0.068741,0.003841,0.714494,-0.512723,0.658340,0.063033,-0.741446,-0.113458,-0.286149,0.441838,-0.296613,0.430651,0.034312,-0.881578,-0.190217,-0.050249,0.428958,-0.593143,0.520871,-0.168508,-0.836038,-0.036581,-0.326545,0.225808,-0.383692,0.430302,0.003938,-0.856065,-0.286316,-0.133848,0.208219,-0.580128,0.494019,-0.269096,-0.819783,-0.107181,0.000000,0.000000,0.000000,15.452821,-0.407668,12.932351,-24.699015,0.366211,56.165806,-123.712738,0.383714,-86.080154,63.702042,0.205096,-16.366240,-2.961735,-0.330098,115.375946,4.106075,0.063812,-10.960985,131.123657,-0.038596,-81.167259,30.678247,0.193091,16.362280,-17.481890,-0.203862,-57.656044,71.928093,1.053305,-69.401085,1.318834,0.412366,-171.688202,7.929111,-0.147259,-29.348585,141.859512,1.575246,-292.398499,22.908518,1.354779,-421.064697,-7.028234,-0.576636,-91.426338,20.073137,0.006844,44.069656,64.108536,1.126906,285.117584,5.665044,0.061400,-388.132446,-13.401005,-0.353084,15.015587,15.800325,1.232764,244.743515,-60.610550,7.860520,733.586121,1.791406,4.057548,19.145546,-11.783947,9.241777,-169.562958,-0.093098,-0.199302,-11.827063,-2.001384,-1.029071,-51.614613,31.150703,0.114778,18.913771,-0.869370,0.358462,16.025936,-2.200603,-0.983855,-50.346828,31.213448,0.142939,20.244955,-1.305616,0.812187,39.167389,-2.529268,-0.654641,-34.676788,31.204147,0.193203,22.730450,-4.391194,-0.851631,-11.491776,5.547435,0.340041,73.408165,-5.963843,1.058775,-17.022757,5.895074,0.319902,24.102221,-16.920216,-0.875136,-10.448178,-9.735882,0.239541,70.099350,67.847023,0.314600,36.502296,-9.944676,0.932469,123.745674,-2.882584,-0.910829,-35.929596,72.993752,1.266479,60.182461,1,1
79,797,0.013047,0.453198,-0.287586,0.482085,-0.124872,-0.839885,-0.215858,0.013047,0.453198,-0.287586,0.482085,-0.124872,-0.839885,-0.215858,-0.016153,0.357415,-0.214992,0.270090,-0.423178,-0.577038,-0.644204,0.061725,0.357163,-0.348451,0.348689,-0.321884,-0.596690,-0.647123,-0.361479,0.429160,-0.429957,0.416137,0.189427,-0.838242,0.297148,-0.285566,0.371219,-0.573136,0.508156,0.120378,-0.793693,0.311989,-0.127897,0.127634,-0.284955,0.367348,0.086417,-0.916299,0.134106,-0.073588,0.059844,-0.416243,0.596091,0.083935,-0.798221,0.021755,0.123222,0.475924,-0.223338,0.484510,0.002121,-0.874515,0.021663,0.073789,0.642562,-0.258526,0.376337,0.260485,-0.756413,0.467287,-0.015705,0.693871,-0.319830,0.376337,0.260485,-0.756413,0.467287,-0.127572,0.758009,-0.396459,0.376337,0.260485,-0.756413,0.467287,-0.003772,0.687030,-0.311656,0.402739,0.387050,-0.732598,0.388965,-0.003772,0.687030,-0.311656,0.335813,0.112146,-0.772627,0.526973,-0.195931,0.723902,-0.241811,0.231842,-0.104904,-0.964696,-0.067871,0.003841,0.714098,-0.512591,0.657724,0.061616,-0.742120,-0.113404,-0.285931,0.441736,-0.295659,0.430621,0.034139,-0.881553,-0.190433,-0.050743,0.428510,-0.592553,0.519589,-0.169207,-0.836692,-0.036632,-0.326440,0.225748,-0.382789,0.430229,0.003986,-0.856022,-0.286554,-0.134620,0.207878,-0.579523,0.493145,-0.267547,-0.820789,-0.107388,0.000000,0.000000,0.000000,15.461200,0.492881,52.973476,-24.700798,-0.104904,-27.712654,-123.694237,1.088311,41.446884,63.692589,-0.556048,-44.773193,-2.980708,-1.116107,-46.235874,4.082083,-1.411270,-86.769508,131.133240,0.563678,35.427841,30.676939,-0.076967,-15.885773,-17.472855,0.531477,43.255234,71.969513,2.436470,81.362610,1.309629,-0.541456,-56.107151,7.872245,-3.345041,-188.104843,141.807266,-3.073300,-273.443848,22.845446,-3.710130,-297.935791,-7.057026,-1.693613,-65.704529,19.994804,-4.607818,-271.450684,64.074768,-1.986335,-183.131866,5.451723,-12.548279,-741.745789,-13.263238,8.103932,497.471497,15.912432,6.594490,315.395599,-60.730606,-7.062127,-877.802795,1.815099,1.393690,-156.697525,-11.775670,0.486879,-514.994080,-0.073770,1.136966,78.603958,-1.990702,0.628324,97.493820,31.154987,0.251994,8.071582,-0.858472,0.641079,16.624538,-2.181468,1.125574,124.084084,31.217854,0.259175,6.837416,-1.306348,-0.043049,-50.307968,-2.507240,1.295735,114.728012,31.208012,0.227311,2.006346,-4.316615,4.387014,308.155579,5.585239,2.223772,110.807709,-5.948198,0.920324,-8.144178,5.863193,-1.875344,-129.132126,-16.856520,3.746818,271.879669,-9.744474,-0.505447,-43.822823,67.899055,3.060734,161.537247,-9.924959,1.159836,13.374542,-2.867764,0.871756,104.857971,72.933571,-3.540039,-282.736389,1,1
80,807,0.013047,0.453229,-0.287586,0.482033,-0.124885,-0.839929,-0.215794,0.013047,0.453229,-0.287586,0.482033,-0.124885,-0.839929,-0.215794,-0.016158,0.357456,-0.214981,0.269690,-0.423297,-0.577284,-0.644073,0.061735,0.357186,-0.348431,0.348849,-0.321791,-0.596573,-0.647191,-0.361387,0.429147,-0.430124,0.416151,0.188895,-0.838302,0.297298,-0.285585,0.371265,-0.573073,0.508167,0.120546,-0.793740,0.311787,-0.128105,0.127530,-0.284829,0.367105,0.085272,-0.916426,0.134629,-0.073573,0.059819,-0.416368,0.596150,0.084200,-0.798157,0.021476,0.123214,0.475968,-0.223329,0.484392,0.002185,-0.874579,0.021688,0.073763,0.642600,-0.258519,0.375986,0.260560,-0.756560,0.467291,-0.015715,0.693899,-0.319855,0.375986,0.260560,-0.756560,0.467291,-0.127562,0.758024,-0.396525,0.375986,0.260560,-0.756560,0.467291,-0.003785,0.687059,-0.311677,0.402482,0.387129,-0.732657,0.389041,-0.003785,0.687059,-0.311677,0.335544,0.112183,-0.772771,0.526925,-0.195973,0.723862,-0.241892,0.231778,-0.104728,-0.964734,-0.067811,0.003901,0.714182,-0.512605,0.657639,0.061753,-0.742179,-0.113436,-0.285865,0.441667,-0.295736,0.430620,0.034189,-0.881562,-0.190383,-0.050637,0.428612,-0.592633,0.519657,-0.169323,-0.836624,-0.036710,-0.326343,0.225669,-0.382857,0.430247,0.003957,-0.856067,-0.286395,-0.134577,0.208004,-0.579597,0.493264,-0.267514,-0.820738,-0.107313,0.000000,0.000000,0.000000,15.455000,-0.619984,-111.286499,-24.697563,0.323486,42.839050,-123.700455,-0.621796,-171.010635,63.701931,0.934219,149.026749,-2.966735,1.397371,251.347870,4.113822,3.173876,458.514557,131.122177,-1.106262,-166.993973,30.678347,0.140762,21.772945,-17.487143,-1.428795,-196.027191,71.967651,-0.186157,-262.262665,1.330953,2.132368,267.382385,7.916122,4.387760,773.280090,141.779800,-2.746582,32.671761,22.844807,-0.063896,364.623352,-7.136504,-7.947778,-625.416443,20.021868,2.706337,731.415466,64.086189,1.142120,312.845551,5.444915,-0.680828,1186.745117,-13.239013,2.422523,-568.140869,15.914677,0.224495,-636.999451,-60.728958,0.164795,722.692139,1.801336,-1.376319,-277.000854,-11.767744,0.792599,30.571995,-0.088491,-1.472086,-260.905212,-1.992682,-0.197995,-82.631882,31.155436,0.044823,-20.717171,-0.870066,-1.159441,-180.052094,-2.190784,-0.931573,-205.714691,31.218000,0.014687,-24.448845,-1.311447,-0.509906,-46.685722,-2.521217,-1.397681,-269.341614,31.208256,0.024414,-20.289701,-4.319766,-0.315142,-470.215576,5.593678,0.843811,-137.996109,-5.944188,0.401020,-51.930370,5.850378,-1.281500,59.384453,-16.860571,-0.405121,-415.193909,-9.740155,0.431919,93.736649,67.906776,0.772095,-228.863892,-9.920514,0.444508,-71.532867,-2.871818,-0.405407,-127.716347,72.919357,-1.421356,211.868286,1,1
81,811,0.013047,0.453192,-0.287586,0.482060,-0.124871,-0.839927,-0.215751,0.013047,0.453192,-0.287586,0.482060,-0.124871,-0.839927,-0.215751,-0.016147,0.357421,-0.214974,0.270179,-0.423146,-0.577201,-0.644042,0.061739,0.357150,-0.348429,0.348569,-0.321941,-0.596743,-0.647110,-0.361525,0.428976,-0.429925,0.416176,0.189350,-0.838249,0.297124,-0.285529,0.371224,-0.573151,0.508172,0.120221,-0.793713,0.311974,-0.127993,0.127413,-0.284918,0.367146,0.085368,-0.916415,0.134539,-0.073651,0.059810,-0.416200,0.596076,0.083753,-0.798253,0.021704,0.123216,0.475943,-0.223336,0.484360,0.002147,-0.874600,0.021565,0.073824,0.642610,-0.258486,0.375942,0.260344,-0.756859,0.466961,-0.015599,0.694010,-0.319818,0.375942,0.260344,-0.756859,0.466961,-0.127377,0.758261,-0.396483,0.375942,0.260344,-0.756859,0.466961,-0.003676,0.687157,-0.311640,0.402113,0.387063,-0.733125,0.388605,-0.003676,0.687157,-0.311640,0.335524,0.112087,-0.773057,0.526540,-0.195891,0.724031,-0.241931,0.231450,-0.105513,-0.964634,-0.069129,0.004048,0.714444,-0.512555,0.657623,0.061972,-0.742148,-0.113610,-0.286364,0.442092,-0.296412,0.430575,0.033967,-0.881496,-0.190834,-0.050474,0.428936,-0.592733,0.520043,-0.169065,-0.836408,-0.037344,-0.327020,0.226181,-0.383665,0.430194,0.003773,-0.856141,-0.286255,-0.134466,0.208332,-0.579970,0.493825,-0.267276,-0.820479,-0.107310,0.000000,0.000000,0.000000,15.450225,-0.955009,-67.005157,-24.694206,0.671387,69.580078,-123.695976,0.895691,303.497314,63.706284,0.870514,-12.741089,-2.983439,-3.340864,-947.647095,4.074079,-7.948589,-2224.492920,131.126083,0.781250,377.502441,30.681206,0.571823,86.212158,-17.472357,2.957153,877.189636,71.953041,-2.922058,-547.180176,1.299702,-6.250238,-1676.521240,7.871159,-8.992767,-2676.105469,141.771637,-1.632690,222.778320,22.853151,1.668930,346.565247,-7.176568,-8.012867,-13.017749,20.029928,1.612091,-218.849167,64.138496,10.461426,1863.861084,5.478408,6.698704,1475.906372,-13.178672,12.068176,1929.130493,15.811783,-20.578766,-4160.652344,-60.683998,8.992004,1765.441772,1.774450,-5.377150,-800.166138,-11.703147,12.919426,2425.365479,-0.094846,-1.271065,40.204384,-1.997396,-0.942826,-148.966309,31.135965,-3.894043,-787.773132,-0.872490,-0.484776,134.932999,-2.198053,-1.453781,-104.441635,31.198561,-3.887939,-780.525208,-1.309118,0.465727,195.126541,-2.528750,-1.506519,-21.767616,31.189104,-3.830338,-770.950317,-4.331650,-2.376842,-412.340179,5.579448,-2.845955,-737.953186,-5.946310,-0.424480,-165.100098,5.890035,7.931423,1842.584595,-16.865055,-0.896835,-98.342896,-9.725118,3.007507,515.117615,67.875145,-6.326294,-1419.677734,-9.929796,-1.856422,-460.185974,-2.908891,-7.414532,-1401.824951,73.011253,18.379211,3960.113770,1,1
82,816,0.013047,0.453240,-0.287586,0.482081,-0.124882,-0.839927,-0.215698,0.013047,0.453240,-0.287586,0.482081,-0.124882,-0.839927,-0.215698,-0.016139,0.357475,-0.214964,0.269924,-0.423240,-0.577313,-0.643987,0.061739,0.357194,-0.348423,0.348858,-0.321810,-0.596574,-0.647176,-0.361455,0.429036,-0.430013,0.416192,0.189057,-0.838268,0.297234,-0.285590,0.371268,-0.573049,0.508189,0.120542,-0.793728,0.311784,-0.128078,0.127437,-0.284831,0.367039,0.084897,-0.916467,0.134771,-0.073577,0.059819,-0.416350,0.596173,0.084212,-0.798138,0.021470,0.123218,0.476002,-0.223344,0.484429,0.002156,-0.874558,0.021755,0.073772,0.642633,-0.258555,0.376066,0.260467,-0.756543,0.467305,-0.015698,0.693941,-0.319895,0.376066,0.260467,-0.756543,0.467305,-0.127536,0.758075,-0.396570,0.376066,0.260467,-0.756543,0.467305,-0.003769,0.687100,-0.311717,0.402172,0.387125,-0.732888,0.388932,-0.003769,0.687100,-0.311717,0.335609,0.112196,-0.772746,0.526918,-0.196023,0.723924,-0.242046,0.231206,-0.105363,-0.964727,-0.068873,0.003878,0.714238,-0.512655,0.657760,0.061854,-0.742060,-0.113459,-0.286335,0.441915,-0.296471,0.429728,0.034198,-0.882010,-0.190322,-0.050664,0.428740,-0.592710,0.520473,-0.168978,-0.836129,-0.037985,-0.326707,0.225911,-0.383626,0.429428,0.003310,-0.856440,-0.286515,-0.134774,0.208168,-0.580174,0.494361,-0.266550,-0.820256,-0.108343,0.000000,0.000000,0.000000,15.443190,-1.758814,-200.951096,-24.692684,0.380516,-72.717667,-123.692009,0.991821,24.032593,63.711338,1.263618,98.276138,-2.970184,3.313839,1663.675903,4.116373,10.573387,4630.494141,131.120819,-1.316071,-524.330139,30.677078,-1.031876,-400.924683,-17.489616,-4.314899,-1818.013184,71.959038,1.499176,1105.308594,1.318747,4.761279,2752.879150,7.897099,6.485224,3869.497803,141.764862,-1.693726,-15.258789,22.852932,-0.054836,-430.941589,-7.201499,-6.232858,445.002319,20.044472,3.635883,505.948059,64.195847,14.337540,969.028442,5.383626,-23.695587,-7598.572754,-13.178759,-0.021696,-3022.468018,15.795252,-4.132748,4111.504395,-60.770481,-21.620750,-7653.188477,1.730912,-10.884464,-1376.828613,-11.822175,-29.757023,-10669.112305,-0.086251,2.148759,854.955811,-1.995378,0.504553,361.844910,31.150248,3.570557,1866.149902,-0.866594,1.474008,489.696106,-2.191922,1.532674,746.613770,31.212967,3.601551,1872.372681,-1.307717,0.350446,-28.820335,-2.520413,2.084255,897.693604,31.203373,3.567219,1849.389038,-4.329258,0.597954,743.699097,5.585815,1.591802,1109.439087,-5.958977,-3.166676,-685.548767,5.903023,3.247023,-1171.100098,-16.868694,-0.909805,-3.242493,-9.741907,-4.197359,-1801.216553,67.898598,5.863190,3047.370850,-9.942758,-3.240347,-345.981110,-2.903260,1.407683,2205.553467,73.024757,3.376007,-3750.801025,1,1
83,822,0.013047,0.453223,-0.287586,0.482009,-0.124906,-0.839960,-0.215714,0.013047,0.453223,-0.287586,0.482009,-0.124906,-0.839960,-0.215714,-0.016158,0.357462,-0.214965,0.269800,-0.423173,-0.577326,-0.644071,0.061741,0.357172,-0.348413,0.348750,-0.321804,-0.596612,-0.647201,-0.361399,0.429066,-0.430120,0.416083,0.188943,-0.838357,0.297209,-0.285546,0.371270,-0.573103,0.508141,0.120444,-0.793767,0.311801,-0.128123,0.127419,-0.284877,0.366906,0.084814,-0.916535,0.134720,-0.073599,0.059810,-0.416338,0.596102,0.084122,-0.798200,0.021484,0.123211,0.475977,-0.223329,0.484362,0.002124,-0.874595,0.021716,0.073786,0.642617,-0.258536,0.376007,0.260420,-0.756628,0.467241,-0.015669,0.693945,-0.319881,0.376007,0.260420,-0.756628,0.467241,-0.127487,0.758105,-0.396564,0.376007,0.260420,-0.756628,0.467241,-0.003742,0.687101,-0.311702,0.402089,0.387107,-0.732979,0.388862,-0.003742,0.687101,-0.311702,0.335558,0.112133,-0.772827,0.526845,-0.196001,0.723926,-0.242050,0.231162,-0.105379,-0.964725,-0.069036,0.003947,0.714270,-0.512634,0.657671,0.061870,-0.742127,-0.113529,-0.286338,0.441942,-0.296571,0.429650,0.034236,-0.882014,-0.190474,-0.050605,0.428786,-0.592734,0.520392,-0.168982,-0.836175,-0.038065,-0.326717,0.225969,-0.383797,0.429353,0.003341,-0.856418,-0.286692,-0.134736,0.208220,-0.580237,0.494289,-0.266532,-0.820295,-0.108416,0.000000,0.000000,0.000000,15.445826,0.439326,366.356659,-24.694832,-0.357946,-123.076973,-123.702255,-1.707713,-449.922333,63.711800,0.076930,-197.781448,-2.972308,-0.354052,-611.315186,4.112371,-0.666857,-1873.374023,131.121292,0.078837,232.484604,30.677412,0.055631,181.251099,-17.487768,0.308037,770.489319,71.962029,0.498454,-166.787048,1.327546,1.466592,-549.114380,7.894471,-0.438054,-1153.879761,141.760681,-0.696818,166.151260,22.853373,0.073433,21.378199,-7.199796,0.283957,1086.135742,20.043768,-0.117302,-625.530884,64.195686,-0.026703,-2394.040283,5.383170,-0.075976,3936.601807,-13.176315,0.407219,71.485840,15.795500,0.041326,695.678955,-60.771362,-0.146866,3578.980713,1.730720,-0.031948,1808.752808,-11.825880,-0.617504,4856.586426,-0.088966,-0.452412,-433.528412,-1.994269,0.184755,-53.299793,31.147812,-0.405947,-662.750671,-0.869419,-0.470877,-324.147430,-2.192372,-0.074863,-267.922882,31.210432,-0.422478,-670.671448,-1.309819,-0.350376,-116.803589,-2.522269,-0.309428,-398.947113,31.200788,-0.430743,-666.326965,-4.328268,0.165145,-72.134865,5.585495,-0.053406,-274.201233,-5.957189,0.298023,577.449768,5.905667,0.440677,-467.724274,-16.867329,0.227610,189.569260,-9.740831,0.179291,729.441650,67.897110,-0.247955,-1018.524170,-9.941226,0.255267,582.602295,-2.903920,-0.109911,-252.932312,73.028976,0.703176,-445.471893,1,1
84,834,0.013047,0.453207,-0.287586,0.481950,-0.124907,-0.839994,-0.215715,0.013047,0.453207,-0.287586,0.481950,-0.124907,-0.839994,-0.215715,-0.016169,0.357449,-0.214967,0.269683,-0.423035,-0.577333,-0.644204,0.061747,0.357153,-0.348404,0.348675,-0.321840,-0.596639,-0.647200,-0.361315,0.429101,-0.430261,0.415906,0.188826,-0.838502,0.297123,-0.285525,0.371269,-0.573117,0.508143,0.120358,-0.793773,0.311817,-0.128169,0.127374,-0.284972,0.366768,0.084794,-0.916615,0.134569,-0.073625,0.059800,-0.416304,0.596095,0.084010,-0.798217,0.021505,0.123203,0.475961,-0.223315,0.484302,0.002145,-0.874627,0.021778,0.073756,0.642585,-0.258548,0.375899,0.260472,-0.756565,0.467400,-0.015706,0.693871,-0.319918,0.375899,0.260472,-0.756565,0.467400,-0.127534,0.757979,-0.396630,0.375899,0.260472,-0.756565,0.467400,-0.003778,0.687033,-0.311735,0.401985,0.387107,-0.732927,0.389070,-0.003778,0.687033,-0.311735,0.335490,0.112197,-0.772754,0.526982,-0.196083,0.723808,-0.242164,0.230869,-0.105116,-0.964839,-0.068822,0.003891,0.714154,-0.512680,0.657781,0.061844,-0.742054,-0.113383,-0.286223,0.441751,-0.296634,0.429485,0.034448,-0.882153,-0.190164,-0.050631,0.428642,-0.592692,0.520548,-0.169010,-0.836080,-0.037904,-0.326435,0.225719,-0.383793,0.429220,0.003462,-0.856544,-0.286514,-0.134734,0.208070,-0.580108,0.494452,-0.266531,-0.820227,-0.108194,0.000000,0.000000,0.000000,15.447667,0.153462,-23.821991,-24.693880,0.079314,36.438305,-123.710579,-0.693639,84.506134,63.714119,0.193278,9.695689,-2.968552,0.313024,55.589603,4.105184,-0.598947,5.659128,131.121246,-0.003815,-6.887648,30.678511,0.091553,2.993478,-17.485634,0.177860,-10.848045,71.968567,0.544866,3.867678,1.343114,1.297265,-14.110576,7.885093,-0.781496,-28.620161,141.750549,-0.844320,-12.291799,22.853159,-0.017802,-7.602903,-7.187469,1.027266,61.942471,20.048489,0.393391,42.557716,64.203896,0.684102,59.233768,5.381521,-0.137409,-5.119377,-13.169182,0.594457,15.603169,15.793256,-0.187000,-19.027126,-60.767620,0.311852,38.226444,1.725745,-0.414600,-31.887657,-11.844102,-1.518488,-75.081985,-0.089808,-0.070190,31.851799,-1.994202,0.005583,-14.930964,31.155336,0.627041,86.082344,-0.870400,-0.081698,32.431549,-2.192772,-0.033339,3.460381,31.217920,0.624021,87.208214,-1.310696,-0.073085,23.107565,-2.523097,-0.068982,20.037094,31.208252,0.621955,87.724792,-4.333672,-0.450333,-51.289795,5.591762,0.522296,47.975117,-5.965343,-0.679572,-81.466301,5.904708,-0.079910,-43.382248,-16.873430,-0.508467,-61.339802,-9.737646,0.265439,7.179049,67.903122,0.500997,62.412685,-9.947960,-0.561158,-68.035393,-2.892254,0.972132,90.170250,73.016785,-1.015981,-143.263077,1,1
85,846,0.013047,0.453214,-0.287586,0.481971,-0.124900,-0.839985,-0.215707,0.013047,0.453214,-0.287586,0.481971,-0.124900,-0.839985,-0.215707,-0.016163,0.357455,-0.214966,0.269713,-0.423020,-0.577345,-0.644190,0.061747,0.357161,-0.348406,0.348722,-0.321857,-0.596623,-0.647180,-0.361319,0.429081,-0.430253,0.415904,0.188856,-0.838493,0.297131,-0.285549,0.371265,-0.573083,0.508174,0.120398,-0.793744,0.311822,-0.128152,0.127368,-0.284970,0.366841,0.084881,-0.916576,0.134576,-0.073616,0.059807,-0.416294,0.596140,0.084036,-0.798180,0.021520,0.123205,0.475971,-0.223320,0.484302,0.002133,-0.874627,0.021799,0.073762,0.642593,-0.258568,0.375896,0.260401,-0.756555,0.467459,-0.015691,0.693875,-0.319953,0.375896,0.260401,-0.756555,0.467459,-0.127509,0.757977,-0.396686,0.375896,0.260401,-0.756555,0.467459,-0.003764,0.687037,-0.311769,0.401995,0.387082,-0.732918,0.389099,-0.003764,0.687037,-0.311769,0.335433,0.112004,-0.772744,0.527073,-0.196063,0.723811,-0.242196,0.230939,-0.105091,-0.964824,-0.068826,0.003994,0.714066,-0.512703,0.657531,0.061539,-0.742337,-0.113144,-0.286198,0.441756,-0.296659,0.429611,0.034424,-0.882079,-0.190227,-0.050533,0.428495,-0.592531,0.520063,-0.169343,-0.836331,-0.037522,-0.326445,0.225735,-0.383830,0.429345,0.003347,-0.856425,-0.286686,-0.134673,0.207947,-0.579766,0.493925,-0.266743,-0.820516,-0.107892,0.000000,0.000000,0.000000,15.446572,-0.091235,-20.391413,-24.693083,0.066439,-1.072884,-123.707481,0.258128,79.313911,63.713696,-0.035286,-19.046995,-2.965090,0.288467,-2.046426,4.106143,0.079950,56.574741,131.122131,0.073751,6.463793,30.678009,-0.041803,-11.112954,-17.485847,-0.017802,-16.305182,71.966209,-0.196457,-61.776901,1.344168,0.087887,-100.781525,7.883614,-0.123302,54.849518,141.749786,-0.063578,65.061775,22.849751,-0.284036,-22.186174,-7.177583,0.823776,-16.957518,20.046970,-0.126521,-43.325954,64.184807,-1.590729,-189.569260,5.372732,-0.732462,-49.587757,-13.167115,0.172218,-35.186611,15.798018,0.396808,48.650635,-60.759621,0.666618,29.563904,1.723621,-0.177006,19.799505,-11.860656,-1.379490,11.583169,-0.088170,0.136490,17.223310,-1.998091,-0.324090,-27.472773,31.155399,0.005245,-51.816303,-0.866987,0.284404,30.508471,-2.195251,-0.206649,-14.442536,31.218151,0.019232,-50.399036,-1.306497,0.349899,35.248699,-2.523447,-0.029127,3.321304,31.208675,0.035286,-48.889053,-4.318523,1.262387,142.726639,5.595281,0.293255,-19.086733,-5.959512,0.485937,97.125771,5.907317,0.217398,24.775665,-16.856541,1.407464,159.660965,-9.728401,0.770410,42.080879,67.898224,-0.408173,-75.764122,-9.942238,0.476837,86.499596,-2.891862,0.032683,-78.287392,73.019646,0.238419,104.533302,1,1
86,853,0.013047,0.452438,-0.287586,0.481513,-0.126185,-0.839920,-0.216234,0.013047,0.452438,-0.287586,0.481513,-0.126185,-0.839920,-0.216234,-0.016460,0.356796,-0.214932,0.268649,-0.423041,-0.576918,-0.645003,0.061487,0.356219,-0.348350,0.348060,-0.321918,-0.596136,-0.647954,-0.361094,0.429287,-0.430745,0.415415,0.188411,-0.838778,0.297292,-0.285582,0.371173,-0.573311,0.507857,0.120064,-0.794046,0.311701,-0.128258,0.127516,-0.285054,0.367139,0.085269,-0.916390,0.134788,-0.073969,0.059585,-0.416349,0.596187,0.084304,-0.798149,0.020321,0.123252,0.474906,-0.223298,0.484308,0.001160,-0.874635,0.021385,0.074087,0.641596,-0.258554,0.376160,0.260329,-0.756605,0.467205,-0.015364,0.692943,-0.319889,0.376160,0.260329,-0.756605,0.467205,-0.127177,0.757128,-0.396559,0.376160,0.260329,-0.756605,0.467205,-0.003437,0.686097,-0.311711,0.402515,0.386527,-0.732865,0.389214,-0.003437,0.686097,-0.311711,0.335683,0.112014,-0.772793,0.526841,-0.195701,0.723281,-0.242147,0.230654,-0.106358,-0.964839,-0.067616,0.004248,0.713215,-0.512642,0.657651,0.061630,-0.742182,-0.113416,-0.286360,0.441212,-0.295791,0.429626,0.034342,-0.882168,-0.189792,-0.050357,0.427674,-0.592598,0.520042,-0.169663,-0.836294,-0.037194,-0.326554,0.225106,-0.382775,0.429307,0.003439,-0.856322,-0.287047,-0.134541,0.207155,-0.579626,0.493913,-0.266403,-0.820618,-0.108009,0.000000,0.000000,0.000000,15.448871,0.328336,59.938755,-24.847792,-22.101267,-3166.814941,-123.773201,-9.388515,-1378.091797,63.709202,-0.641959,-86.667587,-2.993648,-4.079751,-624.030945,4.214906,15.537467,2208.216797,131.213104,12.996129,1846.054077,30.746147,9.734017,1396.545654,-17.613354,-18.215179,-2599.625488,71.963898,-0.330244,-19.112411,1.408253,9.154916,1295.289917,7.799793,-11.974402,-1693.014282,141.863373,16.226633,2327.173096,22.794975,-7.825034,-1077.285400,-7.053808,17.682211,2408.347900,20.068562,3.084455,458.710876,64.136086,-6.960187,-767.065491,5.280914,-13.116769,-1769.186646,-13.169089,-0.282015,-64.890404,15.896619,14.085906,1955.585571,-60.675121,12.071337,1629.245483,1.782327,8.386579,1223.369141,-11.936705,-10.864121,-1354.947388,-0.111726,-3.365090,-500.225647,-1.969521,4.081556,629.378052,31.187416,4.573822,652.653809,-0.902904,-5.131092,-773.642151,-2.183103,1.735483,277.447449,31.248590,4.348483,618.464355,-1.344540,-5.434751,-826.378601,-2.531603,-1.165254,-162.303848,31.237606,4.132952,585.380920,-4.322928,-0.629289,-270.239349,5.584550,-1.532963,-260.888336,-5.999291,-5.682741,-881.239624,5.837564,-9.964739,-1454.590942,-16.859344,-0.400543,-258.286804,-9.732027,-0.517981,-184.055908,67.887436,-1.541138,-161.852158,-9.980601,-5.480494,-851.047302,-2.919513,-3.950187,-568.981506,72.951973,-9.667533,-1415.135864,1,1
87,863,0.013047,0.452438,-0.287586,0.481513,-0.126185,-0.839920,-0.216234,0.013047,0.452438,-0.287586,0.481513,-0.126185,-0.839920,-0.216234,-0.016460,0.356796,-0.214932,0.268649,-0.423041,-0.576918,-0.645003,0.061487,0.356219,-0.348350,0.348060,-0.321918,-0.596136,-0.647954,-0.361094,0.429287,-0.430745,0.415415,0.188411,-0.838778,0.297292,-0.285582,0.371173,-0.573311,0.507857,0.120064,-0.794046,0.311701,-0.128258,0.127516,-0.285054,0.367139,0.085269,-0.916390,0.134788,-0.073969,0.059585,-0.416349,0.596187,0.084304,-0.798149,0.020321,0.123252,0.474906,-0.223298,0.484308,0.001160,-0.874635,0.021385,0.074087,0.641596,-0.258554,0.376160,0.260329,-0.756605,0.467205,-0.015364,0.692943,-0.319889,0.376160,0.260329,-0.756605,0.467205,-0.127177,0.757128,-0.396559,0.376160,0.260329,-0.756605,0.467205,-0.003437,0.686097,-0.311711,0.402515,0.386527,-0.732865,0.389214,-0.003437,0.686097,-0.311711,0.335683,0.112014,-0.772793,0.526841,-0.195701,0.723281,-0.242147,0.230654,-0.106358,-0.964839,-0.067616,0.004248,0.713215,-0.512642,0.657651,0.061630,-0.742182,-0.113416,-0.286360,0.441212,-0.295791,0.429626,0.034342,-0.882168,-0.189792,-0.050357,0.427674,-0.592598,0.520042,-0.169663,-0.836294,-0.037194,-0.326554,0.225106,-0.382775,0.429307,0.003439,-0.856322,-0.287047,-0.134541,0.207155,-0.579626,0.493913,-0.266403,-0.820618,-0.108009,0.000000,0.000000,0.000000,15.448871,0.000000,-32.833645,-24.847792,0.000000,2210.126709,-123.773201,0.000000,938.851440,63.709202,0.000000,64.195908,-2.993648,0.000000,407.975037,4.214906,0.000000,-1553.746704,131.213104,0.000000,-1299.612915,30.746147,0.000000,-973.401733,-17.613354,0.000000,1821.517944,71.963898,0.000000,33.024380,1.408253,0.000000,-915.491577,7.799793,0.000000,1197.440186,141.863373,0.000000,-1622.663330,22.794975,0.000000,782.503418,-7.053808,0.000000,-1768.221069,20.068562,0.000000,-308.445526,64.136086,0.000000,696.018738,5.280914,0.000000,1311.676880,-13.169089,0.000000,28.201511,15.896619,0.000000,-1408.590576,-60.675121,0.000000,-1207.133667,1.782327,0.000000,-838.657837,-11.936705,0.000000,1086.412109,-0.111726,0.000000,336.508972,-1.969521,0.000000,-408.155579,31.187416,0.000000,-457.382233,-0.902904,0.000000,513.109192,-2.183103,0.000000,-173.548294,31.248590,0.000000,-434.848236,-1.344540,0.000000,543.475098,-2.531603,0.000000,116.525375,31.237606,0.000000,-413.295227,-4.322928,0.000000,62.928883,5.584550,0.000000,153.296341,-5.999291,0.000000,568.274048,5.837564,0.000000,996.473938,-16.859344,0.000000,40.054321,-9.732027,0.000000,51.798138,67.887436,0.000000,154.113770,-9.980601,0.000000,548.049438,-2.919513,0.000000,395.018738,72.951973,0.000000,966.753296,1,1
88,882,0.013047,0.452403,-0.287586,0.481519,-0.126249,-0.839954,-0.216052,0.013047,0.452403,-0.287586,0.481519,-0.126249,-0.839954,-0.216052,-0.016449,0.356786,-0.214894,0.268801,-0.422856,-0.576977,-0.645009,0.061492,0.356165,-0.348316,0.348021,-0.321894,-0.596200,-0.647928,-0.361095,0.429159,-0.430731,0.415305,0.188483,-0.838861,0.297168,-0.285554,0.371079,-0.573315,0.507823,0.120023,-0.794058,0.311740,-0.128268,0.127347,-0.285110,0.367037,0.085158,-0.916481,0.134518,-0.073959,0.059503,-0.416304,0.596100,0.084030,-0.798248,0.020108,0.123253,0.474905,-0.223312,0.484268,0.001231,-0.874646,0.021862,0.073953,0.641501,-0.258740,0.375844,0.260558,-0.756105,0.468140,-0.015556,0.692610,-0.320188,0.375844,0.260558,-0.756105,0.468140,-0.127443,0.756496,-0.396998,0.375844,0.260558,-0.756105,0.468140,-0.003622,0.685795,-0.311995,0.401965,0.387160,-0.732522,0.389799,-0.003622,0.685795,-0.311995,0.335314,0.112232,-0.772311,0.527735,-0.195992,0.722480,-0.242529,0.230586,-0.104890,-0.964974,-0.068218,0.004075,0.712653,-0.512973,0.657679,0.061770,-0.742199,-0.113065,-0.285915,0.440311,-0.296711,0.429664,0.034779,-0.882092,-0.189981,-0.050344,0.427073,-0.592829,0.520136,-0.169763,-0.836215,-0.037196,-0.325971,0.224244,-0.383854,0.429473,0.003024,-0.856223,-0.287101,-0.134567,0.206571,-0.579822,0.493972,-0.266447,-0.820543,-0.108198,0.000000,0.000000,0.000000,15.425180,-1.246854,-65.623886,-24.844227,0.187623,9.874888,-123.768837,0.229685,12.088681,63.719429,0.538274,28.330204,-3.001959,-0.437423,-23.022253,4.226963,0.634595,33.399734,131.209885,-0.169453,-8.918571,30.785345,2.063049,108.581505,-17.602461,0.573309,30.174149,71.961861,-0.107213,-5.642793,1.409566,0.069116,3.637700,7.761150,-2.033811,-107.042679,141.837326,-1.370882,-72.151672,22.818117,1.217993,64.104881,-7.068236,-0.759401,-39.968464,20.115311,2.460480,129.498932,64.147903,0.621996,32.736652,5.262633,-0.962157,-50.639843,-13.184961,-0.835369,-43.966766,15.853736,-2.256996,-118.789246,-60.706871,-1.671038,-87.949379,1.688454,-4.940673,-260.035400,-11.965858,-1.534412,-80.758514,-0.112895,-0.061567,-3.240383,-1.978106,-0.451891,-23.783737,31.223757,1.912669,100.666801,-0.900528,0.125098,6.584085,-2.191124,-0.422164,-22.219160,31.285126,1.922909,101.205711,-1.339537,0.263327,13.859317,-2.537087,-0.288599,-15.189442,31.274466,1.939974,102.103912,-4.326019,-0.162702,-8.563255,5.599137,0.767733,40.406994,-5.972172,1.427349,75.123650,5.915785,4.116911,216.679565,-16.877029,-0.930786,-48.988743,-9.773075,-2.160424,-113.706520,67.944298,2.992730,157.512131,-9.955876,1.301314,68.490196,-2.895097,1.285038,67.633606,73.035446,4.393327,231.227722,1,1
89,886,0.013047,0.452386,-0.287586,0.481533,-0.126258,-0.839935,-0.216088,0.013047,0.452386,-0.287586,0.481533,-0.126258,-0.839935,-0.216088,-0.016451,0.356766,-0.214899,0.268808,-0.422875,-0.576954,-0.645014,0.061485,0.356150,-0.348324,0.348042,-0.321895,-0.596166,-0.647948,-0.361103,0.429157,-0.430720,0.415323,0.188486,-0.838857,0.297151,-0.285569,0.371084,-0.573309,0.507830,0.120050,-0.794058,0.311717,-0.128275,0.127338,-0.285115,0.367059,0.085150,-0.916473,0.134513,-0.073964,0.059502,-0.416325,0.596111,0.084057,-0.798237,0.020087,0.123257,0.474878,-0.223315,0.484278,0.001221,-0.874643,0.021763,0.073981,0.641492,-0.258706,0.375851,0.260533,-0.756224,0.467956,-0.015515,0.692646,-0.320136,0.375851,0.260533,-0.756224,0.467956,-0.127387,0.756588,-0.396923,0.375851,0.260533,-0.756224,0.467956,-0.003583,0.685825,-0.311945,0.401934,0.387137,-0.732645,0.389621,-0.003583,0.685825,-0.311945,0.335352,0.112192,-0.772424,0.527554,-0.195947,0.722533,-0.242473,0.230565,-0.104966,-0.964956,-0.068421,0.004126,0.712751,-0.512912,0.657641,0.061790,-0.742201,-0.113264,-0.285936,0.440404,-0.296760,0.429601,0.034750,-0.882085,-0.190162,-0.050359,0.427209,-0.592864,0.520130,-0.169778,-0.836208,-0.037366,-0.326034,0.224373,-0.383973,0.429403,0.003013,-0.856203,-0.287262,-0.134627,0.206721,-0.579921,0.493977,-0.266452,-0.820519,-0.108349,0.000000,0.000000,0.000000,15.428206,0.756502,500.838989,-24.847488,-0.815392,-250.753616,-123.767403,0.358582,32.224152,63.718033,-0.349045,-221.829666,-3.001920,0.009775,111.799492,4.228931,0.491977,-35.654560,131.211670,0.446320,153.943100,30.785160,-0.046253,-527.325439,-17.602617,-0.039101,-153.102371,71.960205,-0.413895,-76.670395,1.409651,0.021189,-11.981710,7.762410,0.314951,587.190430,141.838409,0.270844,410.431305,22.817299,-0.204563,-355.638947,-7.069054,-0.204444,138.739227,20.113825,-0.371456,-707.983948,64.145897,-0.501633,-280.907288,5.262689,0.013947,244.026123,-13.182758,0.550747,346.528870,15.850624,-0.777960,369.758972,-60.708469,-0.399590,317.862152,1.688760,0.076324,1254.249146,-11.963333,0.631332,541.436096,-0.115823,-0.731904,-167.584183,-1.977422,0.171185,155.768906,31.217575,-1.545429,-864.524597,-0.903205,-0.669360,-198.614441,-2.192044,-0.229836,48.082127,31.278862,-1.565933,-872.210449,-1.341145,-0.401855,-166.295380,-2.539285,-0.549674,-65.268661,31.268187,-1.569748,-877.430542,-4.325255,0.190973,88.418785,5.599102,-0.008941,-194.168411,-5.973294,-0.280619,-426.992004,5.915905,0.030041,-1021.717651,-16.876024,0.251293,295.519836,-9.772228,0.211716,593.034851,67.943420,-0.219345,-803.018860,-9.956943,-0.266552,-391.966431,-2.894515,0.145733,-284.826294,73.035118,-0.082016,-1118.835693,1,1
90,897,0.013047,0.452386,-0.287586,0.481533,-0.126258,-0.839935,-0.216088,0.013047,0.452386,-0.287586,0.481533,-0.126258,-0.839935,-0.216088,-0.016451,0.356766,-0.214899,0.268808,-0.422875,-0.576954,-0.645014,0.061485,0.356150,-0.348324,0.348042,-0.321895,-0.596166,-0.647948,-0.361103,0.429157,-0.430720,0.415323,0.188486,-0.838857,0.297151,-0.285569,0.371084,-0.573309,0.507830,0.120050,-0.794058,0.311717,-0.128275,0.127338,-0.285115,0.367059,0.085150,-0.916473,0.134513,-0.073964,0.059502,-0.416325,0.596111,0.084057,-0.798237,0.020087,0.123257,0.474878,-0.223315,0.484278,0.001221,-0.874643,0.021763,0.073981,0.641492,-0.258706,0.375851,0.260533,-0.756224,0.467956,-0.015515,0.692646,-0.320136,0.375851,0.260533,-0.756224,0.467956,-0.127387,0.756588,-0.396923,0.375851,0.260533,-0.756224,0.467956,-0.003583,0.685825,-0.311945,0.401934,0.387137,-0.732645,0.389621,-0.003583,0.685825,-0.311945,0.335352,0.112192,-0.772424,0.527554,-0.195947,0.722533,-0.242473,0.230565,-0.104966,-0.964956,-0.068421,0.004126,0.712751,-0.512912,0.657641,0.061790,-0.742201,-0.113264,-0.285936,0.440404,-0.296760,0.429601,0.034750,-0.882085,-0.190162,-0.050359,0.427209,-0.592864,0.520130,-0.169778,-0.836208,-0.037366,-0.326034,0.224373,-0.383973,0.429403,0.003013,-0.856203,-0.287262,-0.134627,0.206721,-0.579921,0.493977,-0.266452,-0.820519,-0.108349,0.000000,0.000000,0.000000,15.428206,0.000000,-63.041843,-24.847488,0.000000,67.949295,-123.767403,0.000000,-29.881796,63.718033,0.000000,29.087067,-3.001920,0.000000,-0.814597,4.228931,0.000000,-40.998062,131.211670,0.000000,-37.193298,30.785160,0.000000,3.854434,-17.602617,0.000000,3.258387,71.960205,0.000000,34.491222,1.409651,0.000000,-1.765788,7.762410,0.000000,-26.245911,141.838409,0.000000,-22.570292,22.817299,0.000000,17.046928,-7.069054,0.000000,17.036995,20.113825,0.000000,30.954679,64.145897,0.000000,41.802723,5.262689,0.000000,-1.162291,-13.182758,0.000000,-45.895580,15.850624,0.000000,64.829987,-60.708469,0.000000,33.299129,1.688760,0.000000,-6.360312,-11.963333,0.000000,-52.611034,-0.115823,0.000000,60.992004,-1.977422,0.000000,-14.265378,31.217575,0.000000,128.785767,-0.903205,0.000000,55.780014,-2.192044,0.000000,19.152960,31.278862,0.000000,130.494431,-1.341145,0.000000,33.487877,-2.539285,0.000000,45.806168,31.268187,0.000000,130.812332,-4.325255,0.000000,-15.914440,5.599102,0.000000,0.745058,-5.973294,0.000000,23.384888,5.915905,0.000000,-2.503395,-16.876024,0.000000,-20.941099,-9.772228,0.000000,-17.642975,67.943420,0.000000,18.278757,-9.956943,0.000000,22.212664,-2.894515,0.000000,-12.144446,73.035118,0.000000,6.834666,1,1
91,904,0.013047,0.452386,-0.287586,0.481533,-0.126258,-0.839935,-0.216088,0.013047,0.452386,-0.287586,0.481533,-0.126258,-0.839935,-0.216088,-0.016451,0.356766,-0.214899,0.268808,-0.422875,-0.576954,-0.645014,0.061485,0.356150,-0.348324,0.348042,-0.321895,-0.596166,-0.647948,-0.361103,0.429157,-0.430720,0.415323,0.188486,-0.838857,0.297151,-0.285569,0.371084,-0.573309,0.507830,0.120050,-0.794058,0.311717,-0.128275,0.127338,-0.285115,0.367059,0.085150,-0.916473,0.134513,-0.073964,0.059502,-0.416325,0.596111,0.084057,-0.798237,0.020087,0.123257,0.474878,-0.223315,0.484278,0.001221,-0.874643,0.021763,0.073981,0.641492,-0.258706,0.375851,0.260533,-0.756224,0.467956,-0.015515,0.692646,-0.320136,0.375851,0.260533,-0.756224,0.467956,-0.127387,0.756588,-0.396923,0.375851,0.260533,-0.756224,0.467956,-0.003583,0.685825,-0.311945,0.401934,0.387137,-0.732645,0.389621,-0.003583,0.685825,-0.311945,0.335352,0.112192,-0.772424,0.527554,-0.195947,0.722533,-0.242473,0.230565,-0.104966,-0.964956,-0.068421,0.004126,0.712751,-0.512912,0.657641,0.061790,-0.742201,-0.113264,-0.285936,0.440404,-0.296760,0.429601,0.034750,-0.882085,-0.190162,-0.050359,0.427209,-0.592864,0.520130,-0.169778,-0.836208,-0.037366,-0.326034,0.224373,-0.383973,0.429403,0.003013,-0.856203,-0.287262,-0.134627,0.206721,-0.579921,0.493977,-0.266452,-0.820519,-0.108349,0.000000,0.000000,0.000000,15.428206,0.000000,0.000000,-24.847488,0.000000,0.000000,-123.767403,0.000000,0.000000,63.718033,0.000000,0.000000,-3.001920,0.000000,0.000000,4.228931,0.000000,0.000000,131.211670,0.000000,0.000000,30.785160,0.000000,0.000000,-17.602617,0.000000,0.000000,71.960205,0.000000,0.000000,1.409651,0.000000,0.000000,7.762410,0.000000,0.000000,141.838409,0.000000,0.000000,22.817299,0.000000,0.000000,-7.069054,0.000000,0.000000,20.113825,0.000000,0.000000,64.145897,0.000000,0.000000,5.262689,0.000000,0.000000,-13.182758,0.000000,0.000000,15.850624,0.000000,0.000000,-60.708469,0.000000,0.000000,1.688760,0.000000,0.000000,-11.963333,0.000000,0.000000,-0.115823,0.000000,0.000000,-1.977422,0.000000,0.000000,31.217575,0.000000,0.000000,-0.903205,0.000000,0.000000,-2.192044,0.000000,0.000000,31.278862,0.000000,0.000000,-1.341145,0.000000,0.000000,-2.539285,0.000000,0.000000,31.268187,0.000000,0.000000,-4.325255,0.000000,0.000000,5.599102,0.000000,0.000000,-5.973294,0.000000,0.000000,5.915905,0.000000,0.000000,-16.876024,0.000000,0.000000,-9.772228,0.000000,0.000000,67.943420,0.000000,0.000000,-9.956943,0.000000,0.000000,-2.894515,0.000000,0.000000,73.035118,0.000000,0.000000,1,1
92,912,0.013047,0.452336,-0.287586,0.481578,-0.126392,-0.839879,-0.216129,0.013047,0.452336,-0.287586,0.481578,-0.126392,-0.839879,-0.216129,-0.016462,0.356726,-0.214891,0.268754,-0.422949,-0.576999,-0.644948,0.061449,0.356086,-0.348330,0.348098,-0.321876,-0.596111,-0.647978,-0.361123,0.429096,-0.430705,0.415380,0.188451,-0.838798,0.297262,-0.285618,0.371039,-0.573291,0.507801,0.120164,-0.794024,0.311810,-0.128276,0.127322,-0.285038,0.367102,0.085037,-0.916434,0.134735,-0.073913,0.059528,-0.416300,0.596115,0.084131,-0.798224,0.020164,0.123274,0.474801,-0.223335,0.484332,0.001202,-0.874619,0.021502,0.074047,0.641461,-0.258610,0.375757,0.260663,-0.756586,0.467375,-0.015433,0.692729,-0.319969,0.375757,0.260663,-0.756586,0.467375,-0.127283,0.756814,-0.396668,0.375757,0.260663,-0.756586,0.467375,-0.003503,0.685893,-0.311788,0.401833,0.387196,-0.732929,0.389133,-0.003503,0.685893,-0.311788,0.334969,0.112274,-0.772959,0.526996,-0.195850,0.722628,-0.242270,0.230604,-0.105078,-0.964911,-0.068760,0.004415,0.713077,-0.512670,0.656924,0.062401,-0.742845,-0.112867,-0.285944,0.440547,-0.296724,0.429572,0.034617,-0.882128,-0.190052,-0.049599,0.427489,-0.592730,0.519990,-0.169750,-0.836316,-0.037025,-0.326072,0.224494,-0.383868,0.429358,0.003054,-0.856349,-0.286895,-0.133776,0.206972,-0.579676,0.493878,-0.266416,-0.820669,-0.107749,0.000000,0.000000,0.000000,15.424109,-0.512123,-64.015388,-24.864477,-2.123594,-265.449280,-123.760902,0.812531,101.566315,63.709488,-1.068115,-133.514404,-3.007803,-0.735372,-91.921539,4.246774,2.230406,278.800720,131.230713,2.380371,297.546387,30.789999,0.604868,75.608490,-17.600731,0.235796,29.474497,71.945694,-1.813889,-226.736069,1.416907,0.907063,113.382935,7.765696,0.410676,51.334499,141.845093,0.835419,104.427338,22.811747,-0.694036,-86.754562,-7.079846,-1.348972,-168.621536,20.165300,6.434441,804.305054,64.218765,9.108543,1138.567871,5.280045,2.169490,271.186218,-13.154919,3.479958,434.994690,15.794621,-7.000327,-875.040894,-60.725304,-2.104282,-263.035309,1.692652,0.486523,60.815365,-11.926463,4.608750,576.093811,-0.136214,-2.548932,-318.616516,-1.969828,0.949204,118.650497,31.202814,-1.845121,-230.640167,-0.924154,-2.618685,-327.335663,-2.196095,-0.506371,-63.296406,31.263371,-1.936436,-242.054459,-1.356451,-1.913249,-239.156189,-2.553684,-1.799822,-224.977737,31.252365,-1.977682,-247.210266,-4.296361,3.611803,451.475372,5.558989,-5.014062,-626.757751,-5.978646,-0.668943,-83.617867,5.898253,-2.206564,-275.820496,-16.828808,5.902052,737.756470,-9.740783,3.930688,491.335999,67.858688,-10.591507,-1323.938354,-9.961154,-0.526428,-65.803528,-2.895140,-0.078201,-9.775162,73.011444,-2.959251,-369.906433,1,1
93,924,0.013047,0.451781,-0.287586,0.479600,-0.123683,-0.841008,-0.217697,0.013047,0.451781,-0.287586,0.479600,-0.123683,-0.841008,-0.217697,-0.016658,0.355789,-0.215476,0.268969,-0.422643,-0.577091,-0.644976,0.062050,0.355909,-0.348447,0.347914,-0.321710,-0.596027,-0.648237,-0.361322,0.427977,-0.431347,0.415161,0.188755,-0.838821,0.297308,-0.284891,0.371051,-0.573590,0.507582,0.120103,-0.794220,0.311691,-0.128306,0.126319,-0.285710,0.367037,0.083315,-0.916811,0.133418,-0.073313,0.059465,-0.416576,0.596092,0.083862,-0.798274,0.020029,0.122832,0.474243,-0.222582,0.482018,0.002848,-0.875914,0.020637,0.073438,0.640890,-0.257645,0.373872,0.260521,-0.757334,0.467754,-0.015885,0.692091,-0.319288,0.373872,0.260521,-0.757334,0.467754,-0.127540,0.756091,-0.396342,0.373872,0.260521,-0.757334,0.467754,-0.003976,0.685264,-0.311069,0.400923,0.386948,-0.733053,0.390083,-0.003976,0.685264,-0.311069,0.333704,0.112063,-0.773525,0.527012,-0.196376,0.722158,-0.241864,0.230770,-0.106673,-0.964791,-0.067405,0.004274,0.712499,-0.511976,0.656952,0.062329,-0.742876,-0.112534,-0.287186,0.440097,-0.295344,0.429626,0.034500,-0.882162,-0.189795,-0.049649,0.426865,-0.591866,0.520008,-0.169891,-0.836277,-0.037010,-0.327315,0.223992,-0.382361,0.429334,0.003518,-0.856340,-0.286953,-0.133876,0.206371,-0.578768,0.493899,-0.266154,-0.820696,-0.108097,0.000000,0.000000,0.000000,15.802398,31.524023,2669.678955,-24.635962,19.042969,1763.880249,-124.082222,-26.776632,-2299.096924,63.718922,0.786146,154.521729,-2.709387,24.868052,2133.618652,3.962635,-23.678263,-2159.055664,131.241364,0.887553,-124.401512,30.812338,1.861572,104.725365,-17.592997,0.644525,34.060741,71.910110,-2.965291,-95.950226,1.140218,-23.057402,-1997.038940,8.072694,25.583189,2097.709229,141.843552,-0.128428,-80.320572,23.061691,20.828724,1793.563354,-7.225336,-12.124181,-897.934021,20.192759,2.288182,-345.521515,64.227776,0.750860,-696.473694,5.217698,-5.195618,-613.758972,-13.165332,-0.867764,-362.310150,15.927827,11.100451,1508.398315,-60.667915,4.782359,573.886780,1.769322,6.389151,491.885651,-11.930210,-0.312249,-410.083252,-0.060533,6.306778,737.975891,-1.962973,0.571261,-31.495256,31.217920,1.258850,258.664276,-0.863371,5.065312,640.333069,-2.151013,3.756821,355.266083,31.280146,1.397928,277.863617,-1.328405,2.337108,354.196442,-2.483519,5.847057,637.239929,31.268795,1.369158,278.903351,-4.343518,-3.929734,-628.461426,5.619534,5.045374,838.286377,-5.947249,2.616405,273.779022,5.769911,-10.695140,-707.381348,-16.873358,-3.712495,-801.212219,-9.675434,5.445719,126.252571,67.885292,2.216975,1067.373535,-9.938197,1.913071,203.291580,-3.042876,-12.311299,-1019.424805,72.974640,-3.067017,-8.980433,1,1
94,937,0.013047,0.451581,-0.287586,0.479516,-0.123954,-0.841002,-0.217753,0.013047,0.451581,-0.287586,0.479516,-0.123954,-0.841002,-0.217753,-0.016713,0.355618,-0.215459,0.268851,-0.422673,-0.576997,-0.645090,0.061999,0.355671,-0.348428,0.347526,-0.322972,-0.595666,-0.648149,-0.361321,0.427948,-0.431369,0.415131,0.188673,-0.838874,0.297253,-0.285242,0.371399,-0.573069,0.508587,0.119233,-0.793889,0.311229,-0.128379,0.126237,-0.285724,0.366795,0.083523,-0.916903,0.133324,-0.074176,0.059400,-0.416186,0.596464,0.083546,-0.798033,0.019878,0.122842,0.473994,-0.222583,0.481958,0.002620,-0.875938,0.021039,0.073412,0.640560,-0.257877,0.373783,0.260378,-0.756705,0.468921,-0.015941,0.691516,-0.319680,0.373783,0.260378,-0.756705,0.468921,-0.127632,0.755211,-0.396933,0.373783,0.260378,-0.756705,0.468921,-0.004027,0.684721,-0.311439,0.400707,0.386898,-0.732641,0.391128,-0.004027,0.684721,-0.311439,0.333426,0.112020,-0.772889,0.528130,-0.196573,0.721401,-0.242507,0.229948,-0.105648,-0.965136,-0.066887,0.004275,0.711616,-0.512412,0.656865,0.062479,-0.742973,-0.112323,-0.286702,0.439156,-0.295903,0.429513,0.034730,-0.882240,-0.189643,-0.049504,0.425976,-0.592276,0.520112,-0.169948,-0.836189,-0.037275,-0.326694,0.223023,-0.382915,0.429290,0.003172,-0.856301,-0.287139,-0.133815,0.205509,-0.579257,0.493972,-0.266367,-0.820548,-0.108360,0.000000,0.000000,0.000000,15.796578,-0.447640,-2459.358643,-24.665693,-2.287058,-1640.771362,-124.093498,-0.867403,1993.017578,63.778713,4.599351,293.323517,-2.626565,6.370856,-1422.861206,3.882168,-6.189805,1345.266113,131.225525,-1.218356,-161.992981,30.719572,-7.135831,-692.108032,-17.616026,-1.771487,-185.847031,71.909058,-0.080989,221.869415,1.142301,0.160181,1785.967896,8.049661,-1.771780,-2104.228271,141.852768,0.708947,64.413460,23.050356,-0.871952,-1669.282715,-7.210203,1.164106,1022.175903,20.235134,3.259659,74.728951,64.256630,2.219567,112.977486,5.231534,1.064374,481.537811,-13.176627,-0.868871,-0.085115,15.978797,3.920775,-552.282776,-60.616310,3.969633,-62.517387,1.725688,-3.356457,-749.662109,-11.995842,-5.048605,-364.335114,-0.047089,1.034129,-405.588440,-1.978396,-1.186417,-135.205963,31.266138,3.709059,188.477646,-0.845286,1.391150,-282.627869,-2.157346,-0.487163,-326.460297,31.329111,3.766573,182.203522,-1.311227,1.321371,-78.133621,-2.479343,0.321223,-425.064117,31.318377,3.813964,188.061935,-4.350562,-0.541834,260.607727,5.618502,-0.079375,-394.211487,-5.953664,-0.493453,-239.219879,5.817175,3.635700,1102.372314,-16.898785,-1.955913,135.121719,-9.744150,-5.285850,-825.505310,67.946335,4.695599,190.663391,-9.942923,-0.363497,-175.120544,-3.000682,3.245665,1196.689575,72.999847,1.939040,385.081268,1,1
95,945,0.013047,0.451685,-0.287586,0.479404,-0.123775,-0.841068,-0.217846,0.013047,0.451685,-0.287586,0.479404,-0.123775,-0.841068,-0.217846,-0.016722,0.355697,-0.215496,0.268809,-0.422852,-0.576997,-0.644990,0.062038,0.355800,-0.348437,0.347499,-0.322829,-0.595700,-0.648203,-0.361373,0.428045,-0.431332,0.415301,0.188543,-0.838820,0.297252,-0.285143,0.371510,-0.573173,0.508463,0.119250,-0.793980,0.311194,-0.128484,0.126294,-0.285684,0.366967,0.083363,-0.916838,0.133395,-0.074105,0.059496,-0.416282,0.596084,0.084062,-0.798258,0.020058,0.122815,0.474100,-0.222538,0.481899,0.002720,-0.875972,0.020945,0.073376,0.640675,-0.257785,0.373896,0.260459,-0.756720,0.468762,-0.015991,0.691657,-0.319546,0.373896,0.260459,-0.756720,0.468762,-0.127700,0.755384,-0.396747,0.373896,0.260459,-0.756720,0.468762,-0.004075,0.684859,-0.311311,0.400747,0.386859,-0.732692,0.391030,-0.004075,0.684859,-0.311311,0.333453,0.112160,-0.772956,0.527985,-0.196643,0.721549,-0.242399,0.229654,-0.105483,-0.965228,-0.066833,0.004256,0.712020,-0.512264,0.656549,0.063464,-0.742929,-0.113896,-0.286638,0.439250,-0.295832,0.429123,0.035087,-0.882508,-0.189215,-0.049694,0.426673,-0.593162,0.520575,-0.169527,-0.835950,-0.038091,-0.326356,0.223039,-0.382774,0.428967,0.003221,-0.856506,-0.287009,-0.134038,0.206197,-0.580519,0.494375,-0.267738,-0.819929,-0.107821,0.000000,0.000000,0.000000,15.819785,2.578523,336.240387,-24.650248,1.716190,444.805267,-124.111855,-2.039592,-130.243103,63.776253,-0.273387,-541.415283,-2.622720,0.427246,-660.401123,3.871908,-1.139985,561.091064,131.220215,-0.590007,69.816566,30.666546,-5.891800,138.225708,-17.620213,-0.465181,145.145081,71.912163,0.345018,47.334126,1.114354,-3.105190,-362.818970,8.092565,4.767100,726.542236,141.846802,-0.662910,-152.428497,23.045732,-0.513713,39.804352,-7.210026,0.019603,-127.167007,20.227617,-0.835207,-454.985077,64.284058,3.047519,91.994713,5.483408,27.985943,2991.285645,-13.161145,1.720217,287.676361,15.950779,-3.113111,-781.542847,-60.637844,-2.392663,-706.921692,1.703795,-2.432505,102.661270,-12.043366,-5.280495,-25.765526,-0.038019,1.007785,-2.927065,-1.968749,1.071983,250.933273,31.261730,-0.489765,-466.536011,-0.842405,0.320130,-119.002182,-2.144376,1.441055,214.246384,31.324623,-0.498666,-473.915466,-1.315362,-0.459366,-197.859680,-2.466786,1.395305,119.342438,31.313425,-0.550164,-484.903046,-4.348565,0.221835,84.852112,5.603330,-1.685725,-178.483368,-5.970971,-1.923031,-158.842026,5.814795,-0.264486,-433.353943,-16.921965,-2.575557,-68.849312,-9.851298,-11.905353,-735.500244,68.022072,8.415222,413.291443,-9.957668,-1.638412,-141.657303,-2.979171,2.390173,-95.054733,72.976723,-2.569411,-500.938965,1,1
96,953,0.013047,0.451183,-0.287586,0.479380,-0.123744,-0.841034,-0.218045,0.013047,0.451183,-0.287586,0.479380,-0.123744,-0.841034,-0.218045,-0.016742,0.355174,-0.215534,0.268842,-0.422851,-0.576968,-0.645003,0.062027,0.355314,-0.348469,0.346952,-0.322803,-0.595361,-0.648820,-0.361403,0.427535,-0.431349,0.415306,0.188593,-0.838809,0.297241,-0.284939,0.371664,-0.573484,0.508160,0.118960,-0.794275,0.311046,-0.128484,0.125793,-0.285729,0.366953,0.083442,-0.916835,0.133402,-0.074200,0.059515,-0.416460,0.596001,0.084044,-0.798319,0.020167,0.122814,0.473557,-0.222522,0.482376,0.002811,-0.875711,0.020863,0.073271,0.640122,-0.257636,0.375083,0.261413,-0.756012,0.468424,-0.016328,0.691060,-0.319096,0.375083,0.261413,-0.756012,0.468424,-0.128326,0.754733,-0.395921,0.375083,0.261413,-0.756012,0.468424,-0.004381,0.684269,-0.310902,0.401671,0.387574,-0.732074,0.390530,-0.004381,0.684269,-0.310902,0.334383,0.112812,-0.772434,0.528022,-0.196879,0.720902,-0.241566,0.229894,-0.105502,-0.965171,-0.066803,0.003577,0.711337,-0.511822,0.656727,0.063181,-0.742793,-0.113914,-0.286892,0.438598,-0.294967,0.429079,0.035139,-0.882545,-0.189130,-0.050510,0.425974,-0.592613,0.520566,-0.169376,-0.835987,-0.038048,-0.326567,0.222371,-0.381890,0.428930,0.003255,-0.856532,-0.286987,-0.134786,0.205470,-0.579992,0.494279,-0.267794,-0.819935,-0.108079,0.000000,0.000000,0.000000,15.844077,3.470285,127.394470,-24.657881,-1.090459,-400.949738,-124.118813,-0.994001,149.370071,63.846973,10.102953,1482.334229,-2.667786,-6.438016,-980.751831,3.862966,-1.277413,-19.632492,131.280685,8.638655,1318.380127,30.633133,-4.773276,159.789078,-17.638624,-2.630234,-309.293243,71.895020,-2.449036,-399.150543,1.109854,-0.642845,351.763641,8.103005,1.491547,-467.936188,141.850769,0.566755,175.666367,23.042181,-0.507355,0.908264,-7.209632,0.056335,5.247372,20.181986,-6.518773,-811.937988,64.273064,-1.570565,-659.726379,5.486053,0.377859,-3944.011963,-13.204088,-6.134715,-1122.132935,15.944930,-0.835555,325.365143,-60.669834,-4.570007,-311.049164,1.704467,0.095998,361.214691,-12.050867,-1.071521,601.281921,-0.005238,4.683024,525.034119,-1.911227,8.217300,1020.759644,31.277102,2.195903,383.666840,-0.844675,-0.324377,-92.072426,-2.078241,9.447915,1143.837280,31.338928,2.043588,363.179047,-1.352148,-5.255222,-685.122253,-2.411441,7.906437,930.161682,31.324865,1.634325,312.069885,-4.289916,8.378506,1165.238647,5.602757,-0.081880,229.120804,-5.999793,-4.117352,-313.474426,5.836013,3.031118,470.800476,-16.870865,7.299968,1410.789185,-9.881589,-4.327229,1082.589111,68.043304,3.033229,-768.856079,-10.020355,-8.955275,-1045.265991,-2.960745,2.632277,34.586361,72.992828,2.300807,695.745483,1,1
97,967,0.013047,0.451091,-0.287586,0.479304,-0.123658,-0.841098,-0.218016,0.013047,0.451091,-0.287586,0.479304,-0.123658,-0.841098,-0.218016,-0.016743,0.355077,-0.215539,0.268778,-0.422784,-0.577011,-0.645035,0.062055,0.355228,-0.348457,0.346945,-0.322827,-0.595284,-0.648883,-0.361360,0.427427,-0.431430,0.415225,0.188506,-0.838877,0.297217,-0.284916,0.371657,-0.573457,0.508163,0.118983,-0.794273,0.311038,-0.128518,0.125646,-0.285767,0.366842,0.083360,-0.916897,0.133333,-0.074165,0.059508,-0.416447,0.596118,0.084084,-0.798229,0.020100,0.122797,0.473483,-0.222498,0.482270,0.002901,-0.875766,0.021008,0.073200,0.640015,-0.257666,0.374902,0.261482,-0.755876,0.468751,-0.016412,0.690871,-0.319175,0.374902,0.261482,-0.755876,0.468751,-0.128427,0.754441,-0.396061,0.374902,0.261482,-0.755876,0.468751,-0.004464,0.684090,-0.310974,0.401456,0.387705,-0.731970,0.390817,-0.004464,0.684090,-0.310974,0.334194,0.112850,-0.772301,0.528328,-0.197005,0.720639,-0.241708,0.229765,-0.105520,-0.965193,-0.066897,0.003497,0.710953,-0.511911,0.656860,0.062761,-0.742884,-0.112778,-0.287036,0.438354,-0.295163,0.429122,0.035075,-0.882497,-0.189271,-0.050347,0.425394,-0.592055,0.520675,-0.169306,-0.835953,-0.037620,-0.326770,0.222154,-0.382125,0.428967,0.003096,-0.856429,-0.287241,-0.134496,0.204851,-0.579270,0.494305,-0.267767,-0.819942,-0.107974,0.000000,0.000000,0.000000,15.847796,0.286102,-244.937103,-24.645855,0.925064,155.040192,-124.129387,-0.813411,13.891560,63.865936,1.458682,-664.943970,-2.653225,1.120090,581.392822,3.862102,-0.066445,93.151321,131.292068,0.875620,-597.156494,30.638296,0.397169,397.726532,-17.652294,-1.051536,121.438286,71.901154,0.471849,224.683411,1.110395,0.041613,52.650600,8.108405,0.415362,-82.783440,141.840698,-0.774677,-103.187080,23.046312,0.317794,63.472946,-7.210083,-0.034699,-7.002614,20.178188,-0.292118,478.973450,64.326683,4.124568,438.087189,5.469726,-1.255952,-125.677826,-13.239241,-2.704033,263.898560,15.948785,0.296519,87.082642,-60.648811,1.617138,475.934235,1.701220,-0.249762,-26.596872,-12.068243,-1.336611,-20.391548,-0.003152,0.160513,-347.885529,-1.913605,-0.182922,-646.170959,31.288752,0.896160,-99.980225,-0.841987,0.206764,40.856995,-2.079219,-0.075249,-732.551086,31.350683,0.904230,-87.642914,-1.349706,0.187901,418.701843,-2.410821,0.047665,-604.520874,31.336702,0.910539,-55.675877,-4.289389,0.040531,-641.382690,5.610140,0.567913,49.984062,-5.997793,0.153835,328.552887,5.851322,1.177604,-142.577942,-16.857264,1.046254,-481.054901,-9.826085,4.269526,661.288940,68.003136,-3.089905,-471.010315,-10.021573,-0.093680,681.661072,-2.979686,-1.457049,-314.563568,73.032455,3.048237,57.494549,1,1
98,986,0.013047,0.451091,-0.287586,0.479304,-0.123658,-0.841098,-0.218016,0.013047,0.451091,-0.287586,0.479304,-0.123658,-0.841098,-0.218016,-0.016743,0.355077,-0.215539,0.268778,-0.422784,-0.577011,-0.645035,0.062055,0.355228,-0.348457,0.346945,-0.322827,-0.595284,-0.648883,-0.361360,0.427427,-0.431430,0.415225,0.188506,-0.838877,0.297217,-0.284916,0.371657,-0.573457,0.508163,0.118983,-0.794273,0.311038,-0.128518,0.125646,-0.285767,0.366842,0.083360,-0.916897,0.133333,-0.074165,0.059508,-0.416447,0.596118,0.084084,-0.798229,0.020100,0.122797,0.473483,-0.222498,0.482270,0.002901,-0.875766,0.021008,0.073200,0.640015,-0.257666,0.374902,0.261482,-0.755876,0.468751,-0.016412,0.690871,-0.319175,0.374902,0.261482,-0.755876,0.468751,-0.128427,0.754441,-0.396061,0.374902,0.261482,-0.755876,0.468751,-0.004464,0.684090,-0.310974,0.401456,0.387705,-0.731970,0.390817,-0.004464,0.684090,-0.310974,0.334194,0.112850,-0.772301,0.528328,-0.197005,0.720639,-0.241708,0.229765,-0.105520,-0.965193,-0.066897,0.003497,0.710953,-0.511911,0.656860,0.062761,-0.742884,-0.112778,-0.287036,0.438354,-0.295163,0.429122,0.035075,-0.882497,-0.189271,-0.050347,0.425394,-0.592055,0.520675,-0.169306,-0.835953,-0.037620,-0.326770,0.222154,-0.382125,0.428967,0.003096,-0.856429,-0.287241,-0.134496,0.204851,-0.579270,0.494305,-0.267767,-0.819942,-0.107974,0.000000,0.000000,0.000000,15.847796,0.000000,-14.305115,-24.645855,0.000000,-46.253204,-124.129387,0.000000,40.670540,63.865936,0.000000,-72.934082,-2.653225,0.000000,-56.004524,3.862102,0.000000,3.322271,131.292068,0.000000,-43.780987,30.638296,0.000000,-19.858433,-17.652294,0.000000,52.576801,71.901154,0.000000,-23.592434,1.110395,0.000000,-2.080661,8.108405,0.000000,-20.768093,141.840698,0.000000,38.733849,23.046312,0.000000,-15.889682,-7.210083,0.000000,1.734954,20.178188,0.000000,14.605888,64.326683,0.000000,-206.228394,5.469726,0.000000,62.797619,-13.239241,0.000000,135.201675,15.948785,0.000000,-14.825968,-60.648811,0.000000,-80.856911,1.701220,0.000000,12.488091,-12.068243,0.000000,66.830566,-0.003152,0.000000,-8.025651,-1.913605,0.000000,9.146103,31.288752,0.000000,-44.808022,-0.841987,0.000000,-10.338196,-2.079219,0.000000,3.762428,31.350683,0.000000,-45.211498,-1.349706,0.000000,-9.395067,-2.410821,0.000000,-2.383269,31.336702,0.000000,-45.526947,-4.289389,0.000000,-2.026558,5.610140,0.000000,-28.395655,-5.997793,0.000000,-7.691750,5.851322,0.000000,-58.880226,-16.857264,0.000000,-52.312702,-9.826085,0.000000,-213.476318,68.003136,0.000000,154.495239,-10.021573,0.000000,4.684008,-2.979686,0.000000,72.852463,73.032455,0.000000,-152.411835,1,1
99,990,0.013047,0.450993,-0.287586,0.479191,-0.123688,-0.841110,-0.218202,0.013047,0.450993,-0.287586,0.479191,-0.123688,-0.841110,-0.218202,-0.016786,0.354970,-0.215570,0.268185,-0.422717,-0.576632,-0.645664,0.062043,0.355132,-0.348470,0.346973,-0.322901,-0.595198,-0.648910,-0.361064,0.427934,-0.431782,0.414848,0.188356,-0.839096,0.297221,-0.284963,0.371625,-0.573408,0.508196,0.119048,-0.794203,0.311136,-0.128386,0.126108,-0.285951,0.366776,0.083490,-0.916900,0.133415,-0.074128,0.059541,-0.416384,0.596223,0.084139,-0.798142,0.020209,0.122787,0.473338,-0.222467,0.482214,0.002856,-0.875801,0.020811,0.073236,0.639896,-0.257581,0.374935,0.261481,-0.755992,0.468538,-0.016368,0.690800,-0.319063,0.374935,0.261481,-0.755992,0.468538,-0.128373,0.754429,-0.395914,0.374935,0.261481,-0.755992,0.468538,-0.004421,0.684012,-0.310865,0.401489,0.387672,-0.732067,0.390634,-0.004421,0.684012,-0.310865,0.334251,0.112793,-0.772416,0.528137,-0.196953,0.720595,-0.241580,0.229736,-0.105555,-0.965193,-0.066949,0.003551,0.710912,-0.511787,0.656812,0.062623,-0.742940,-0.112765,-0.287006,0.438306,-0.295060,0.429162,0.035194,-0.882513,-0.189085,-0.050342,0.425359,-0.591883,0.520681,-0.169235,-0.835951,-0.037896,-0.326657,0.222071,-0.381971,0.429020,0.003268,-0.856490,-0.286977,-0.134529,0.204823,-0.579225,0.494321,-0.267849,-0.819885,-0.108131,0.000000,0.000000,0.000000,15.870109,5.578041,1394.510254,-24.657436,-2.895355,-723.838806,-124.148422,-4.758835,-1189.708740,63.854141,-2.948761,-737.190247,-2.630111,5.778551,1444.637817,3.858390,-0.928104,-232.025986,131.315582,5.878448,1469.612061,30.637627,-0.167370,-41.842461,-17.657269,-1.243591,-310.897827,71.968575,16.855240,4213.810059,1.160337,12.485504,3121.375977,8.105543,-0.715494,-178.873535,141.920731,20.008087,5002.021973,23.019711,-6.650448,-1662.611938,-7.171236,9.711862,2427.965332,20.166046,-3.035545,-758.886353,64.346672,4.997253,1249.313354,5.491825,5.524874,1381.218384,-13.237380,0.465155,116.288666,15.925590,-5.798817,-1449.704224,-60.641808,1.750946,437.736511,1.703031,0.452697,113.174316,-12.056571,2.918005,729.501221,-0.002795,0.071392,14.278450,-1.907069,1.307344,261.468903,31.287699,-0.210571,-42.114258,-0.845047,-0.611997,-122.399330,-2.073446,1.154661,230.932220,31.349436,-0.249481,-49.896240,-1.355286,-1.116109,-223.221771,-2.407491,0.665951,133.190155,31.335142,-0.312042,-62.408447,-4.283617,1.154423,230.884552,5.611775,0.327015,65.402985,-6.000000,-0.441456,-88.291168,5.844195,-1.425362,-285.072327,-16.847660,1.920700,384.140015,-9.810508,3.115463,623.092651,67.990768,-2.473450,-494.689941,-10.025756,-0.836563,-167.312622,-2.973683,1.200581,240.116119,73.017059,-3.079224,-615.844727,1,1
100,1005,0.013047,0.450953,-0.287586,0.479121,-0.123601,-0.841144,-0.218273,0.013047,0.450953,-0.287586,0.479121,-0.123601,-0.841144,-0.218273,-0.016795,0.354915,-0.215593,0.268150,-0.422719,-0.576613,-0.645694,0.062061,0.355105,-0.348476,0.346862,-0.322506,-0.595090,-0.649265,-0.361055,0.427911,-0.431820,0.414830,0.188369,-0.839091,0.297254,-0.284767,0.371771,-0.573679,0.507883,0.119056,-0.794580,0.310682,-0.128364,0.126106,-0.285970,0.366824,0.083471,-0.916879,0.133437,-0.074159,0.059451,-0.416818,0.595874,0.084248,-0.798402,0.019762,0.122773,0.473293,-0.222440,0.482148,0.002902,-0.875839,0.020785,0.073215,0.639848,-0.257551,0.374915,0.261480,-0.755977,0.468578,-0.016389,0.690744,-0.319040,0.374915,0.261480,-0.755977,0.468578,-0.128394,0.754362,-0.395900,0.374915,0.261480,-0.755977,0.468578,-0.004442,0.683958,-0.310841,0.401488,0.387674,-0.732044,0.390676,-0.004442,0.683958,-0.310841,0.334235,0.112798,-0.772398,0.528171,-0.196976,0.720540,-0.241561,0.229728,-0.105574,-0.965196,-0.066900,0.003527,0.710837,-0.511767,0.656843,0.062590,-0.742931,-0.112665,-0.287033,0.438248,-0.295012,0.429158,0.035149,-0.882522,-0.189059,-0.050346,0.425265,-0.591805,0.520708,-0.169220,-0.835941,-0.037816,-0.326697,0.222007,-0.381904,0.429012,0.003210,-0.856494,-0.286979,-0.134508,0.204722,-0.579115,0.494343,-0.267866,-0.819880,-0.108023,0.000000,0.000000,0.000000,15.884650,1.038688,-324.239532,-24.650993,0.460216,239.683670,-124.159904,-0.820160,281.333923,63.875366,1.516070,318.916473,-2.662715,-2.328873,-579.101685,3.888003,2.115250,217.382401,131.289978,-1.828875,-550.523071,30.637989,0.025885,13.803949,-17.650574,0.478200,122.985054,71.970886,0.165122,-1192.151367,1.153828,-0.464908,-925.029419,8.118038,0.892503,114.856934,141.929672,0.638689,-1383.528442,23.022348,0.188419,488.490479,-7.170156,0.077145,-688.193970,20.163794,-0.160898,205.331924,64.350517,0.274658,-337.328217,5.496233,0.314815,-372.147064,-13.236772,0.043460,-30.121023,15.927043,0.103814,421.616486,-60.642086,-0.019891,-126.488350,1.702912,-0.008489,-32.941906,-12.060185,-0.258173,-226.869873,0.002083,0.348396,19.785986,-1.906185,0.063138,-88.871864,31.289976,0.162670,26.660063,-0.841401,0.260468,62.318905,-2.070162,0.234570,-65.720810,31.351795,0.168528,29.857790,-1.353951,0.095342,86.532204,-2.402778,0.336647,-23.521696,31.337444,0.164441,34.034496,-4.284941,-0.094584,-89.214775,5.612518,0.053099,-19.565409,-5.998832,0.083412,37.490593,5.843067,-0.080551,96.057877,-16.847872,-0.015123,-138.273041,-9.805670,0.345571,-197.849457,67.987518,-0.232152,160.092728,-10.026405,-0.046389,56.440975,-2.975813,-0.152145,-96.623268,73.017593,0.038147,222.669327,1,1
101,1009,0.013047,0.451083,-0.287586,0.479159,-0.123670,-0.841134,-0.218190,0.013047,0.451083,-0.287586,0.479159,-0.123670,-0.841134,-0.218190,-0.016789,0.355061,-0.215570,0.268142,-0.422787,-0.576582,-0.645682,0.062051,0.355223,-0.348464,0.346942,-0.322497,-0.595134,-0.649186,-0.361063,0.428089,-0.431763,0.414887,0.188377,-0.839052,0.297278,-0.284804,0.371801,-0.573632,0.507919,0.119102,-0.794547,0.310688,-0.128349,0.126298,-0.285918,0.366913,0.083454,-0.916851,0.133396,-0.074158,0.059494,-0.416798,0.596051,0.084169,-0.798272,0.019990,0.122781,0.473434,-0.222458,0.482275,0.002568,-0.875767,0.020874,0.073334,0.640010,-0.257653,0.375622,0.260867,-0.755808,0.468626,-0.016232,0.690971,-0.319142,0.375622,0.260867,-0.755808,0.468626,-0.128189,0.754673,-0.396003,0.375622,0.260867,-0.755808,0.468626,-0.004290,0.684177,-0.310944,0.402029,0.387158,-0.732090,0.390544,-0.004290,0.684177,-0.310944,0.334694,0.112326,-0.772193,0.528281,-0.196762,0.720974,-0.241620,0.229744,-0.105748,-0.965169,-0.066960,0.003667,0.710903,-0.511884,0.656774,0.062168,-0.743058,-0.112466,-0.286922,0.438713,-0.295083,0.429108,0.035161,-0.882521,-0.189173,-0.050289,0.425259,-0.591693,0.520277,-0.169516,-0.836176,-0.037229,-0.326599,0.222495,-0.382024,0.428954,0.003297,-0.856476,-0.287116,-0.134425,0.204721,-0.578746,0.493859,-0.267922,-0.820198,-0.107684,0.000000,0.000000,0.000000,15.870665,-3.496408,-1133.774048,-24.654224,-0.807762,-316.994537,-124.152763,1.785278,651.359558,63.867950,-1.853943,-842.503113,-2.663239,-0.131071,549.450500,3.899364,2.840102,181.213028,131.280533,-2.361298,-133.105698,30.626547,-2.860546,-721.607849,-17.640802,2.442837,491.159332,71.980339,2.363205,549.520813,1.153761,-0.016779,112.032249,8.111805,-1.558304,-612.701660,141.937637,1.991272,338.145660,23.030865,2.129078,485.164795,-7.167550,0.651479,143.583328,20.139660,-6.033421,-1468.130493,64.314346,-9.042740,-2329.349609,5.464877,-7.838964,-2038.444702,-13.243552,-1.695156,-434.654083,15.934688,1.911163,451.837280,-60.640881,0.301361,80.313004,1.711469,2.139151,536.910095,-12.059291,0.223637,120.452469,0.031577,7.373423,1756.256592,-1.912298,-1.528293,-397.857819,31.274759,-3.804207,-991.719116,-0.812573,7.206812,1736.586060,-2.060018,2.535999,575.357239,31.337481,-3.578663,-936.797668,-1.334152,4.949718,1213.594238,-2.379180,5.899429,1390.695557,31.323412,-3.508091,-918.132874,-4.281392,0.887156,245.434891,5.582642,-7.469177,-1880.569092,-5.995443,0.847340,190.981796,5.871323,7.063866,1786.104370,-16.836956,2.728939,686.015442,-9.805217,0.113249,-58.080471,67.946632,-10.221481,-2497.332275,-10.020938,1.366854,353.310791,-2.941795,8.504629,2164.193604,73.023621,1.506805,367.164612,1,1
102,1014,0.013047,0.451239,-0.287586,0.479084,-0.123734,-0.841184,-0.218124,0.013047,0.451239,-0.287586,0.479084,-0.123734,-0.841184,-0.218124,-0.016804,0.355233,-0.215554,0.267960,-0.423285,-0.576503,-0.645501,0.062053,0.355362,-0.348437,0.346996,-0.322289,-0.595156,-0.649240,-0.361159,0.428421,-0.431570,0.415334,0.187865,-0.839016,0.297079,-0.284750,0.371889,-0.573691,0.507804,0.119176,-0.794677,0.310517,-0.128750,0.126374,-0.285767,0.367051,0.083246,-0.916827,0.133315,-0.074145,0.059507,-0.416952,0.596048,0.084231,-0.798268,0.020014,0.122774,0.473596,-0.222449,0.481800,0.002180,-0.876031,0.020828,0.073569,0.640225,-0.257797,0.374994,0.259345,-0.756521,0.468823,-0.015713,0.691331,-0.319578,0.374994,0.259345,-0.756521,0.468823,-0.127314,0.755215,-0.396805,0.374994,0.259345,-0.756521,0.468823,-0.003808,0.684517,-0.311340,0.401675,0.386085,-0.732771,0.390696,-0.003808,0.684517,-0.311340,0.334178,0.111351,-0.772677,0.528106,-0.196276,0.721554,-0.242330,0.229605,-0.105758,-0.965199,-0.066986,0.004513,0.711482,-0.512324,0.656469,0.062930,-0.743059,-0.113805,-0.286439,0.439288,-0.295807,0.429257,0.035224,-0.882473,-0.189049,-0.049574,0.426037,-0.593030,0.519952,-0.168302,-0.836608,-0.037569,-0.326080,0.223045,-0.382703,0.429114,0.003297,-0.856435,-0.287000,-0.133328,0.205327,-0.580555,0.493844,-0.266246,-0.820734,-0.107827,0.000000,0.000000,0.000000,15.862236,-1.685715,362.138733,-24.655710,-0.297165,102.119446,-124.161819,-1.811218,-719.299316,63.864120,-0.765991,217.590332,-2.668757,-1.103592,-194.504257,3.931333,6.393957,710.771118,131.257767,-4.553223,-438.385010,30.613363,-2.636719,44.765472,-17.633373,1.485825,-191.402435,72.005569,5.046082,536.575317,1.118030,-7.146168,-1425.877686,8.155787,8.796310,2070.922852,141.905594,-6.408691,-1679.992554,23.005571,-5.058670,-1437.549561,-7.146167,4.276562,725.016602,20.011461,-25.639725,-3921.260986,64.275284,-7.812500,246.047974,5.435333,-5.908775,386.037811,-13.186978,11.314774,2601.985840,15.919936,-2.950287,-972.290039,-60.608521,6.472015,1234.130859,1.707279,-0.837970,-595.424194,-12.062789,-0.699615,-184.650421,0.024861,-1.343044,-1743.293335,-1.971602,-11.860800,-2066.501465,31.245056,-5.940628,-427.284241,-0.786678,5.179060,-405.550598,-2.114097,-10.815811,-2670.362061,31.309511,-5.593872,-403.041840,-1.283028,10.224843,1055.024902,-2.412012,-6.566238,-2493.133545,31.298365,-5.009460,-300.273895,-4.352949,-14.311409,-3039.712891,5.551566,-6.215096,250.816360,-5.937171,11.654377,2161.407471,5.860767,-2.111149,-1835.002930,-16.916037,-15.816116,-3709.010986,-9.859575,-10.871696,-2196.989014,67.960236,2.720642,2588.424561,-9.959013,12.384987,2203.626465,-2.918948,4.569387,-787.048340,72.982567,-8.210754,-1943.511963,1,1
103,1023,0.013047,0.451239,-0.287586,0.479084,-0.123734,-0.841184,-0.218124,0.013047,0.451239,-0.287586,0.479084,-0.123734,-0.841184,-0.218124,-0.016804,0.355233,-0.215554,0.267960,-0.423285,-0.576503,-0.645501,0.062053,0.355362,-0.348437,0.346996,-0.322289,-0.595156,-0.649240,-0.361159,0.428421,-0.431570,0.415334,0.187865,-0.839016,0.297079,-0.284750,0.371889,-0.573691,0.507804,0.119176,-0.794677,0.310517,-0.128750,0.126374,-0.285767,0.367051,0.083246,-0.916827,0.133315,-0.074145,0.059507,-0.416952,0.596048,0.084231,-0.798268,0.020014,0.122774,0.473596,-0.222449,0.481800,0.002180,-0.876031,0.020828,0.073569,0.640225,-0.257797,0.374994,0.259345,-0.756521,0.468823,-0.015713,0.691331,-0.319578,0.374994,0.259345,-0.756521,0.468823,-0.127314,0.755215,-0.396805,0.374994,0.259345,-0.756521,0.468823,-0.003808,0.684517,-0.311340,0.401675,0.386085,-0.732771,0.390696,-0.003808,0.684517,-0.311340,0.334178,0.111351,-0.772677,0.528106,-0.196276,0.721554,-0.242330,0.229605,-0.105758,-0.965199,-0.066986,0.004513,0.711482,-0.512324,0.656469,0.062930,-0.743059,-0.113805,-0.286439,0.439288,-0.295807,0.429257,0.035224,-0.882473,-0.189049,-0.049574,0.426037,-0.593030,0.519952,-0.168302,-0.836608,-0.037569,-0.326080,0.223045,-0.382703,0.429114,0.003297,-0.856435,-0.287000,-0.133328,0.205327,-0.580555,0.493844,-0.266246,-0.820734,-0.107827,0.000000,0.000000,0.000000,15.862236,0.000000,187.301636,-24.655710,0.000000,33.018326,-124.161819,0.000000,201.246475,63.864120,0.000000,85.110138,-2.668757,0.000000,122.621323,3.931333,0.000000,-710.439697,131.257767,0.000000,505.913635,30.613363,0.000000,292.968750,-17.633373,0.000000,-165.091614,72.005569,0.000000,-560.675720,1.118030,0.000000,794.018677,8.155787,0.000000,-977.367859,141.905594,0.000000,712.076843,23.005571,0.000000,562.074463,-7.146167,0.000000,-475.173492,20.011461,0.000000,2848.858398,64.275284,0.000000,868.055542,5.435333,0.000000,656.530579,-13.186978,0.000000,-1257.197021,15.919936,0.000000,295.028687,-60.608521,0.000000,-647.201538,1.707279,0.000000,83.796982,-12.062789,0.000000,69.961548,0.024861,0.000000,134.304428,-1.971602,0.000000,1186.079956,31.245056,0.000000,594.062805,-0.786678,0.000000,-517.905945,-2.114097,0.000000,1081.581177,31.309511,0.000000,559.387207,-1.283028,0.000000,-1022.484253,-2.412012,0.000000,656.623840,31.298365,0.000000,500.946045,-4.352949,0.000000,1431.140869,5.551566,0.000000,621.509583,-5.937171,0.000000,-1165.437744,5.860767,0.000000,211.114899,-16.916037,0.000000,1581.611572,-9.859575,0.000000,1087.169678,67.960236,0.000000,-272.064209,-9.959013,0.000000,-1238.498779,-2.918948,0.000000,-456.938721,72.982567,0.000000,821.075378,1,1
104,1034,0.013047,0.450156,-0.287586,0.479238,-0.123919,-0.840985,-0.218449,0.013047,0.450156,-0.287586,0.479238,-0.123919,-0.840985,-0.218449,-0.016830,0.354133,-0.215588,0.266905,-0.424470,-0.576074,-0.645543,0.061968,0.354280,-0.348507,0.347254,-0.322705,-0.593947,-0.650002,-0.361057,0.428169,-0.431489,0.416003,0.187332,-0.838544,0.297812,-0.285074,0.371830,-0.573303,0.508142,0.119660,-0.794589,0.310002,-0.128666,0.126327,-0.285236,0.366854,0.083486,-0.916870,0.133410,-0.074286,0.059277,-0.417152,0.596065,0.084238,-0.798281,0.018939,0.122817,0.472415,-0.222487,0.481997,0.002261,-0.875936,0.020241,0.073653,0.639115,-0.257577,0.374875,0.259850,-0.756995,0.467873,-0.015651,0.690372,-0.319201,0.374875,0.259850,-0.756995,0.467873,-0.127280,0.754444,-0.396231,0.374875,0.259850,-0.756995,0.467873,-0.003743,0.683538,-0.310985,0.401634,0.386336,-0.733043,0.389978,-0.003743,0.683538,-0.310985,0.334272,0.111708,-0.773202,0.527202,-0.196182,0.720560,-0.241847,0.229729,-0.105603,-0.965181,-0.067072,0.004451,0.710686,-0.511912,0.656849,0.062468,-0.742928,-0.112715,-0.286274,0.438284,-0.295389,0.429147,0.035194,-0.882543,-0.188975,-0.049445,0.425048,-0.591962,0.519976,-0.168337,-0.836608,-0.037088,-0.325901,0.222027,-0.382258,0.429014,0.003183,-0.856527,-0.286877,-0.133099,0.204311,-0.579287,0.493686,-0.266356,-0.820761,-0.108075,0.000000,0.000000,0.000000,15.883535,2.129936,212.993622,-24.696148,-4.043770,-404.376984,-124.144882,1.693726,169.372559,63.964039,9.991837,999.183716,-2.622851,4.590607,459.060638,3.995420,6.408715,640.871521,131.368698,11.093140,1109.313965,30.689171,7.580757,758.075745,-17.604694,2.867889,286.788940,72.084869,7.929993,792.999268,1.142575,2.454436,245.443573,8.297117,14.133072,1413.307251,142.073624,16.802979,1680.297852,23.045221,3.964996,396.499634,-7.094027,5.214024,521.402344,20.017473,0.601196,60.119629,64.276550,0.126648,12.664795,5.399325,-3.600740,-360.074036,-13.264528,-7.754993,-775.499390,15.899112,-2.082443,-208.244339,-60.646374,-3.785324,-378.532410,1.694353,-1.292598,-129.259827,-12.061683,0.110626,11.062622,-0.005673,-3.053450,-305.345032,-1.955110,1.649153,164.915314,31.235950,-0.910568,-91.056824,-0.821085,-3.440726,-344.072571,-2.115815,-0.171852,-17.185211,31.299164,-1.034737,-103.473656,-1.311220,-2.819157,-281.915680,-2.431405,-1.939344,-193.934433,31.287271,-1.109314,-110.931396,-4.344151,0.879812,87.981224,5.562563,1.099730,109.972946,-5.955348,-1.817703,-181.770325,5.813808,-4.695892,-469.589264,-16.873064,4.297256,429.725647,-9.721505,13.807010,1380.700928,67.850121,-11.011505,-1101.150513,-9.972429,-1.341629,-134.162903,-2.905138,1.380992,138.099197,72.904778,-7.778931,-777.893066,1,1
105,1043,0.013047,0.450023,-0.287586,0.479219,-0.123770,-0.841071,-0.218242,0.013047,0.450023,-0.287586,0.479219,-0.123770,-0.841071,-0.218242,-0.016795,0.354004,-0.215568,0.267060,-0.424338,-0.576127,-0.645518,0.062020,0.354155,-0.348477,0.347200,-0.322765,-0.593934,-0.650014,-0.361052,0.427920,-0.431460,0.415926,0.187593,-0.838482,0.297931,-0.285022,0.371749,-0.573268,0.508164,0.119603,-0.794576,0.310022,-0.128473,0.126218,-0.285217,0.366910,0.083564,-0.916846,0.133373,-0.074259,0.059195,-0.417087,0.596097,0.084093,-0.798279,0.018636,0.122798,0.472349,-0.222478,0.481946,0.002190,-0.875960,0.020414,0.073667,0.639050,-0.257646,0.375112,0.259419,-0.756967,0.467968,-0.015592,0.690340,-0.319308,0.375112,0.259419,-0.756967,0.467968,-0.127166,0.754452,-0.396385,0.375112,0.259419,-0.756967,0.467968,-0.003691,0.683501,-0.311086,0.401928,0.385940,-0.733057,0.390042,-0.003691,0.683501,-0.311086,0.334377,0.111458,-0.773149,0.527266,-0.196089,0.720687,-0.241952,0.229798,-0.105820,-0.965161,-0.066780,0.004529,0.710615,-0.512028,0.656818,0.062508,-0.742957,-0.112689,-0.286262,0.438404,-0.295310,0.429040,0.035461,-0.882551,-0.189132,-0.049337,0.424979,-0.592087,0.519993,-0.168201,-0.836618,-0.037217,-0.325801,0.222180,-0.382301,0.428770,0.004841,-0.856317,-0.287844,-0.132970,0.204229,-0.579495,0.493756,-0.266232,-0.820765,-0.108034,0.000000,0.000000,0.000000,15.869304,-1.581298,-412.359344,-24.668606,3.060235,789.333862,-124.144760,0.013563,-186.684692,64.000168,4.014333,-664.167053,-2.615007,0.871579,-413.225311,3.986845,-0.952774,-817.943176,131.374146,0.605265,-1165.319336,30.724192,3.891203,-409.950439,-17.616695,-1.333449,-466.815308,72.098083,1.468235,-717.973145,1.132109,-1.162887,-401.924713,8.283025,-1.565827,-1744.322144,142.086334,1.412286,-1710.076904,23.070866,2.849367,-123.958824,-7.103251,-1.024935,-693.217590,20.011726,-0.638538,-137.748230,64.288460,1.323276,132.958679,5.410264,1.215405,535.127258,-13.248096,1.825862,1064.539551,15.961202,6.898880,997.924805,-60.641205,0.574324,484.405334,1.879372,20.557669,2427.807617,-12.079825,-2.015856,-236.275742,0.011202,1.875007,547.606323,-1.963331,-0.913435,-284.731964,31.218849,-1.900143,-109.952766,-0.801884,2.133548,619.363770,-2.114030,0.198417,41.141037,31.282759,-1.822790,-87.561432,-1.295209,1.778973,510.903381,-2.419959,1.271804,356.794312,31.271299,-1.774682,-73.929779,-4.354349,-1.133124,-223.659576,5.539654,-2.545516,-405.027252,-5.948247,0.788954,289.628540,5.810317,-0.387881,478.668030,-16.879499,-0.715044,-556.922241,-9.727839,-0.703812,-1612.313477,67.825935,-2.687242,924.918091,-9.963814,0.957277,255.434006,-2.894544,1.177099,-22.654772,72.889069,-1.745436,670.388367,1,1
106,1053,0.013047,0.449461,-0.287586,0.479131,-0.123727,-0.841090,-0.218389,0.013047,0.449461,-0.287586,0.479131,-0.123727,-0.841090,-0.218389,-0.016820,0.353427,-0.215599,0.267036,-0.424445,-0.576038,-0.645537,0.062024,0.353603,-0.348491,0.346638,-0.322587,-0.593579,-0.650726,-0.361090,0.427434,-0.431438,0.416004,0.187634,-0.838420,0.297970,-0.284742,0.371859,-0.573648,0.507707,0.119390,-0.794947,0.309901,-0.128460,0.125764,-0.285210,0.367042,0.083510,-0.916786,0.133456,-0.074251,0.059199,-0.417310,0.595831,0.084157,-0.798470,0.018646,0.122786,0.471759,-0.222448,0.481862,0.002279,-0.876010,0.020250,0.073651,0.638472,-0.257551,0.374934,0.259581,-0.757107,0.467793,-0.015610,0.689780,-0.319194,0.374934,0.259581,-0.757107,0.467793,-0.127187,0.753917,-0.396247,0.374934,0.259581,-0.757107,0.467793,-0.003709,0.682939,-0.310975,0.401770,0.386059,-0.733138,0.389933,-0.003709,0.682939,-0.310975,0.334283,0.111553,-0.773299,0.527086,-0.196123,0.720071,-0.241850,0.229743,-0.105672,-0.965185,-0.066851,0.004521,0.710123,-0.511902,0.656819,0.062523,-0.742957,-0.112668,-0.286222,0.437775,-0.295266,0.429095,0.035356,-0.882559,-0.188990,-0.049333,0.424486,-0.591956,0.520012,-0.168274,-0.836593,-0.037205,-0.325781,0.221523,-0.382176,0.428810,0.004750,-0.856312,-0.287802,-0.132990,0.203747,-0.579338,0.493759,-0.266400,-0.820721,-0.107935,0.000000,0.000000,0.000000,15.890435,2.113152,369.444946,-24.670816,-0.221062,-328.129669,-124.159927,-1.516724,-153.028702,64.080399,8.023071,400.873810,-2.665801,-5.079389,-595.096741,3.996189,0.934362,188.713593,131.445007,7.086182,648.091675,30.705153,-1.903915,-579.511841,-17.633669,-1.697350,-36.390091,72.098572,0.048828,-141.940643,1.114433,-1.767599,-60.471283,8.300671,1.764584,333.041077,142.106674,2.033997,62.171089,23.071951,0.108528,-274.083893,-7.109228,-0.597715,42.721962,20.022585,1.085854,172.439148,64.288315,-0.014496,-133.777191,5.424576,1.431179,21.577406,-13.245947,0.214863,-161.099960,15.932528,-2.867317,-976.619751,-60.642452,-0.124741,-69.906448,1.886428,0.705564,-1985.210327,-12.089416,-0.959015,105.684067,0.004315,-0.688668,-256.367493,-1.957581,0.575018,148.845245,31.220613,0.176430,207.657303,-0.810809,-0.892544,-302.609192,-2.112692,0.133801,-6.461674,31.284174,0.141525,196.431488,-1.303582,-0.837255,-261.622803,-2.423448,-0.348949,-162.075363,31.272438,0.113869,188.855072,-4.352232,0.211763,134.488739,5.547886,0.823212,336.872742,-5.951639,-0.339127,-112.808006,5.800607,-0.970984,-58.310295,-16.875055,0.444412,115.945602,-9.711786,1.605320,230.913162,67.822357,-0.357819,232.942352,-9.966352,-0.253868,-121.114517,-2.892778,0.176597,-100.050232,72.874016,-1.505280,24.015642,1,1
107,1063,0.013047,0.449168,-0.287586,0.479193,-0.123658,-0.841076,-0.218345,0.013047,0.449168,-0.287586,0.479193,-0.123658,-0.841076,-0.218345,-0.016796,0.353127,-0.215598,0.266963,-0.424436,-0.575947,-0.645654,0.062035,0.353320,-0.348497,0.346577,-0.322735,-0.593412,-0.650837,-0.361015,0.427251,-0.431471,0.415942,0.187703,-0.838416,0.298025,-0.284757,0.371767,-0.573591,0.507713,0.119440,-0.794841,0.310144,-0.128336,0.125629,-0.285221,0.366759,0.083668,-0.916708,0.134659,-0.074142,0.059243,-0.417147,0.596037,0.084155,-0.798313,0.018833,0.122789,0.471485,-0.222459,0.481906,0.002375,-0.875988,0.020144,0.073650,0.638219,-0.257487,0.374916,0.259696,-0.757297,0.467438,-0.015610,0.689593,-0.319077,0.374916,0.259696,-0.757297,0.467438,-0.127185,0.753811,-0.396064,0.374916,0.259696,-0.757297,0.467438,-0.003709,0.682743,-0.310865,0.401717,0.386086,-0.733302,0.389652,-0.003709,0.682743,-0.310865,0.333841,0.111578,-0.773693,0.526783,-0.196130,0.719872,-0.241732,0.229607,-0.105530,-0.965224,-0.066979,0.004815,0.710199,-0.511703,0.655704,0.063545,-0.743791,-0.113091,-0.286132,0.437537,-0.295281,0.428436,0.035506,-0.883042,-0.188200,-0.048649,0.424621,-0.592406,0.519040,-0.168685,-0.837152,-0.036317,-0.325401,0.221136,-0.381956,0.428315,0.003989,-0.857126,-0.286119,-0.132253,0.203881,-0.579442,0.492617,-0.267449,-0.821222,-0.106742,0.000000,0.000000,0.000000,15.887389,-0.304604,-241.775513,-24.662344,0.847244,106.830589,-124.150772,0.915527,243.225098,64.116325,3.592682,-443.038971,-2.662494,0.330663,541.005127,3.987419,-0.876999,-181.136139,131.502274,5.726624,-135.955811,30.714806,0.965309,286.922455,-17.648241,-1.457214,24.013519,72.123962,2.539062,249.023438,1.128849,1.441622,320.922150,8.300796,0.012493,-175.209045,142.134140,2.746582,71.258545,22.949329,-12.262154,-1237.068115,-7.154172,-4.494381,-389.666565,20.091484,6.889915,580.406189,64.241425,-4.689026,-467.453033,5.522845,9.826946,839.576782,-13.252005,-0.605774,-82.063675,15.835221,-9.730721,-686.340332,-60.734596,-9.214401,-908.966003,1.735823,-15.060425,-1576.598877,-12.037588,5.182743,614.175781,-0.003489,-0.780436,-9.176797,-1.952772,0.480962,-9.405613,31.206995,-1.361847,-153.827667,-0.819577,-0.876844,1.569986,-2.112575,0.011683,-12.211800,31.270233,-1.394081,-153.560638,-1.310694,-0.711238,12.601614,-2.427947,-0.449848,-10.089874,31.258301,-1.413727,-152.759552,-4.311504,4.072714,386.095032,5.502213,-4.567289,-539.050110,-5.961981,-1.034212,-69.508553,5.790843,-0.976419,-0.543594,-16.836355,3.870010,342.559814,-9.761501,-4.971504,-657.682434,67.802315,-2.004242,-164.642334,-9.974302,-0.794983,-54.111481,-2.877498,1.528001,135.140411,72.846176,-2.783966,-127.868652,1,1
108,1073,0.013047,0.449185,-0.287586,0.479168,-0.123520,-0.841127,-0.218279,0.013047,0.449185,-0.287586,0.479168,-0.123520,-0.841127,-0.218279,-0.016777,0.353135,-0.215601,0.267104,-0.424087,-0.576121,-0.645670,0.062072,0.353351,-0.348489,0.346614,-0.322655,-0.593432,-0.650839,-0.360964,0.427029,-0.431602,0.415650,0.188059,-0.838392,0.298275,-0.284706,0.371757,-0.573609,0.507663,0.119495,-0.794867,0.310138,-0.128039,0.125641,-0.285261,0.366536,0.084088,-0.916725,0.134892,-0.074070,0.059241,-0.417179,0.596016,0.084212,-0.798323,0.018790,0.122773,0.471534,-0.222444,0.481860,0.002451,-0.876012,0.020220,0.073610,0.638258,-0.257490,0.374919,0.259670,-0.757260,0.467508,-0.015650,0.689620,-0.319090,0.374919,0.259670,-0.757260,0.467508,-0.127225,0.753822,-0.396091,0.374919,0.259670,-0.757260,0.467508,-0.003749,0.682772,-0.310877,0.401731,0.386070,-0.733270,0.389715,-0.003749,0.682772,-0.310877,0.333850,0.111567,-0.773646,0.526848,-0.196171,0.719901,-0.241751,0.229609,-0.105521,-0.965229,-0.066919,0.004767,0.710203,-0.511723,0.655741,0.063522,-0.743759,-0.113094,-0.286160,0.437556,-0.295269,0.428428,0.035522,-0.883053,-0.188161,-0.048714,0.424626,-0.592412,0.519106,-0.168731,-0.837102,-0.036315,-0.325413,0.221148,-0.381932,0.428311,0.003989,-0.857137,-0.286094,-0.132335,0.203894,-0.579429,0.492668,-0.267484,-0.821173,-0.106798,0.000000,0.000000,0.000000,15.888289,0.090027,39.463043,-24.643852,1.849174,100.193024,-124.153885,-0.311279,-122.680664,64.125046,0.872040,-272.064209,-2.659149,0.334501,0.383854,3.986091,-0.132799,74.419975,131.498718,-0.355530,-608.215332,30.719448,0.464249,-50.106049,-17.650417,-0.217628,123.958595,72.106407,-1.755524,-429.458588,1.139881,1.103246,-33.837559,8.280489,-2.030659,-204.315186,142.151138,1.699829,-104.675293,22.947121,-0.220871,1204.128174,-7.155066,-0.089359,440.502136,20.095144,0.366020,-652.389526,64.243858,0.243378,493.240326,5.517140,-0.570536,-1039.748169,-13.257714,-0.570965,3.480911,15.838234,0.301266,1003.198608,-60.735809,-0.121307,909.309387,1.734670,-0.115335,1494.508911,-12.039809,-0.222111,-540.485413,0.002084,0.557302,133.773819,-1.953532,-0.076079,-55.704113,31.204138,-0.285721,107.612610,-0.814331,0.524688,140.153168,-2.110327,0.224805,21.312237,31.267538,-0.269508,112.457275,-1.307288,0.340569,105.180740,-2.423311,0.463557,91.340538,31.255646,-0.265503,114.822388,-4.313976,-0.247145,-431.985840,5.503445,0.123167,469.045654,-5.960793,0.118828,115.303993,5.791724,0.088120,106.453896,-16.840002,-0.364685,-423.469543,-9.764749,-0.324726,464.677826,67.807114,0.479889,248.413086,-9.973171,0.113106,90.808868,-2.877520,-0.002170,-153.017044,72.847343,0.116730,290.069580,1,1
109,1085,0.013047,0.449079,-0.287586,0.479217,-0.123521,-0.841062,-0.218425,0.013047,0.449079,-0.287586,0.479217,-0.123521,-0.841062,-0.218425,-0.016782,0.353013,-0.215625,0.267195,-0.424100,-0.575826,-0.645887,0.062052,0.353255,-0.348522,0.346624,-0.322731,-0.593279,-0.650935,-0.360971,0.427150,-0.431542,0.415671,0.188036,-0.838544,0.297833,-0.284756,0.371806,-0.573583,0.507747,0.119489,-0.794885,0.309956,-0.128180,0.125534,-0.285458,0.366591,0.083975,-0.916781,0.134433,-0.074174,0.059194,-0.417271,0.596078,0.084181,-0.798285,0.018584,0.122783,0.471395,-0.222450,0.481893,0.002453,-0.875996,0.020100,0.073635,0.638128,-0.257465,0.374928,0.259658,-0.757282,0.467474,-0.015622,0.689499,-0.319062,0.374928,0.259658,-0.757282,0.467474,-0.127193,0.753713,-0.396059,0.374928,0.259658,-0.757282,0.467474,-0.003721,0.682650,-0.310849,0.401731,0.386065,-0.733294,0.389675,-0.003721,0.682650,-0.310849,0.333849,0.111556,-0.773671,0.526814,-0.196140,0.719782,-0.241719,0.229620,-0.105522,-0.965223,-0.066966,0.004804,0.710098,-0.511691,0.655708,0.063555,-0.743779,-0.113138,-0.286136,0.437444,-0.295263,0.428418,0.035549,-0.883045,-0.188214,-0.048676,0.424530,-0.592415,0.519074,-0.168713,-0.837124,-0.036351,-0.325388,0.221047,-0.381953,0.428304,0.004008,-0.857122,-0.286150,-0.132299,0.203797,-0.579454,0.492638,-0.267447,-0.821193,-0.106872,0.000000,0.000000,0.000000,15.902854,1.120347,79.255417,-24.653105,-0.711734,-196.992996,-124.149605,0.329238,49.270535,64.129501,0.342736,-40.715683,-2.656785,0.181877,-11.740352,3.981953,-0.318289,-14.268435,131.498062,-0.050471,23.466032,30.721853,0.185013,-21.479679,-17.650818,-0.030811,14.370575,72.125168,1.443129,246.050232,1.137555,-0.178933,-98.629181,8.263873,-1.278144,57.885777,142.137466,-1.051683,-211.654755,22.949514,0.184133,31.154114,-7.157463,-0.184389,-7.309999,20.094616,-0.040641,-31.281645,64.242592,-0.097421,-26.215322,5.513493,-0.280564,22.305540,-13.260031,-0.178190,30.213419,15.839581,0.103657,-15.200665,-60.736496,-0.052819,5.268345,1.733957,-0.054882,4.650220,-12.040687,-0.067491,11.893843,0.003608,0.117200,-33.854019,-1.956691,-0.242967,-12.837501,31.207502,0.258813,41.887184,-0.811488,0.218630,-23.542917,-2.112250,-0.147930,-28.671879,31.271032,0.268789,41.407524,-1.303969,0.255319,-6.557710,-2.423466,-0.011903,-36.573833,31.259281,0.279647,41.934578,-4.313193,0.060228,23.644070,5.501633,-0.139346,-20.193348,-5.960193,0.046106,-5.593948,5.792415,0.053149,-2.690039,-16.839182,0.063089,32.905716,-9.766260,-0.116275,16.034708,67.805977,-0.087445,-43.641037,-9.972508,0.050985,-4.778529,-2.876595,0.071159,5.640645,72.847366,0.001761,-8.843777,1,1
110,1104,0.013047,0.449008,-0.287586,0.479193,-0.123689,-0.841055,-0.218406,0.013047,0.449008,-0.287586,0.479193,-0.123689,-0.841055,-0.218406,-0.016806,0.352965,-0.215605,0.266904,-0.424783,-0.574851,-0.646427,0.062023,0.353159,-0.348505,0.346514,-0.322739,-0.593332,-0.650941,-0.360951,0.428146,-0.431213,0.416093,0.187936,-0.838527,0.297354,-0.284746,0.371718,-0.573624,0.507664,0.119438,-0.794863,0.310167,-0.128282,0.126261,-0.285491,0.366722,0.083854,-0.916664,0.134945,-0.074134,0.059206,-0.417153,0.596020,0.084170,-0.798328,0.018651,0.122793,0.471306,-0.222459,0.481894,0.002259,-0.875993,0.020222,0.073678,0.638027,-0.257561,0.375018,0.259436,-0.757126,0.467776,-0.015566,0.689358,-0.319211,0.375018,0.259436,-0.757126,0.467776,-0.127121,0.753522,-0.396273,0.375018,0.259436,-0.757126,0.467776,-0.003667,0.682514,-0.310991,0.401837,0.385943,-0.733186,0.389889,-0.003667,0.682514,-0.310991,0.333855,0.111449,-0.773496,0.527090,-0.196074,0.719667,-0.241873,0.229716,-0.105512,-0.965210,-0.066841,0.004866,0.709876,-0.511858,0.655720,0.063616,-0.743765,-0.113127,-0.286052,0.437311,-0.295346,0.428406,0.035674,-0.883047,-0.188214,-0.048589,0.424300,-0.592589,0.519150,-0.168805,-0.837068,-0.036129,-0.325252,0.220915,-0.382061,0.428317,0.003968,-0.857097,-0.286204,-0.132194,0.203568,-0.579510,0.492654,-0.267386,-0.821183,-0.107028,0.000000,0.000000,0.000000,15.892498,-0.575330,-94.204315,-24.668991,-0.882573,-9.491007,-124.151649,-0.113593,-24.601719,64.124039,-0.303480,-35.900902,-2.668155,-0.631690,-45.198151,3.989924,0.442810,42.283241,131.520828,1.264784,73.069748,30.733740,0.660366,26.408537,-17.661371,-0.586298,-30.860374,72.266800,7.868449,356.962219,1.103317,-1.902103,-95.731682,8.256792,-0.393391,49.152943,142.231964,5.249871,350.086304,22.847713,-5.655607,-324.429962,-7.197474,-2.222882,-113.249603,20.103542,0.495911,29.808434,64.243210,0.034332,7.319654,5.474707,-2.154748,-104.121338,-13.288533,-1.583470,-78.071106,15.857615,1.001888,49.901707,-60.743122,-0.368118,-17.516632,1.719648,-0.794947,-41.114727,-12.055037,-0.797219,-40.540440,0.009437,0.323837,11.479861,-1.963316,-0.368045,-6.948810,31.216162,0.481076,12.347953,-0.803320,0.453793,13.064638,-2.114923,-0.148508,-0.032151,31.280027,0.499725,12.829772,-1.295879,0.449446,10.784818,-2.421474,0.110639,6.807892,31.268570,0.516044,13.133173,-4.321654,-0.470082,-29.461678,5.492161,-0.526216,-21.492765,-5.949092,0.616736,31.701633,5.803928,0.639598,32.580479,-16.850725,-0.641293,-39.132343,-9.786180,-1.106633,-55.019897,67.811951,0.331879,23.295738,-9.961976,0.585132,29.674849,-2.875158,0.079817,0.481026,72.861275,0.772688,42.829308,1,1
111,1115,0.013047,0.449027,-0.287586,0.479191,-0.123689,-0.841063,-0.218382,0.013047,0.449027,-0.287586,0.479191,-0.123689,-0.841063,-0.218382,-0.016804,0.352986,-0.215601,0.266914,-0.424786,-0.574857,-0.646416,0.062025,0.353176,-0.348501,0.346556,-0.322770,-0.593341,-0.650895,-0.360955,0.428158,-0.431202,0.416099,0.187950,-0.838516,0.297367,-0.284770,0.371702,-0.573581,0.507700,0.119468,-0.794817,0.310216,-0.128272,0.126284,-0.285480,0.366742,0.083857,-0.916658,0.134934,-0.074114,0.059221,-0.417107,0.596084,0.084180,-0.798278,0.018708,0.122792,0.471331,-0.222460,0.481830,0.002201,-0.876029,0.020182,0.073724,0.638068,-0.257568,0.374944,0.259190,-0.757298,0.467694,-0.015470,0.689448,-0.319248,0.374944,0.259190,-0.757298,0.467694,-0.126963,0.753673,-0.396349,0.374944,0.259190,-0.757298,0.467694,-0.003578,0.682598,-0.311024,0.401573,0.385574,-0.733507,0.389922,-0.003578,0.682598,-0.311024,0.333827,0.111299,-0.773625,0.526949,-0.196072,0.719907,-0.242131,0.228771,-0.106169,-0.965342,-0.067132,0.004988,0.710012,-0.511895,0.655759,0.063644,-0.743716,-0.113209,-0.286376,0.437703,-0.295787,0.427320,0.034922,-0.883519,-0.188606,-0.048492,0.424446,-0.592664,0.519244,-0.168754,-0.837022,-0.036091,-0.325857,0.221385,-0.382570,0.427162,0.003239,-0.857522,-0.286667,-0.132068,0.203704,-0.579572,0.492768,-0.267307,-0.821152,-0.106937,0.000000,0.000000,0.000000,15.889829,-0.242667,30.242157,-24.667624,0.124324,91.536102,-124.151505,0.013178,11.524659,64.122002,-0.185186,10.754014,-2.661360,0.617786,113.588722,3.989708,-0.019615,-42.038624,131.522980,0.195590,-97.199471,30.733681,-0.005375,-60.521976,-17.662556,-0.107679,43.510841,72.268005,0.109586,-705.351135,1.101573,-0.158581,158.502060,8.255529,-0.114788,25.327543,142.232956,0.090166,-469.064148,22.850897,0.289397,540.454834,-7.197011,0.042092,205.906723,20.095343,-0.745427,-112.848831,64.246849,0.330838,26.955091,5.473658,-0.095411,187.212448,-13.281696,0.621536,200.455063,15.858702,0.098749,-82.103561,-60.764786,-1.969424,-145.573257,1.711024,-0.783942,1.000469,-12.064354,-0.847036,-4.528859,0.007199,-0.203424,-47.932877,-1.971363,-0.731566,-33.047298,31.206333,-0.893506,-124.961983,-0.800776,0.231309,-20.225813,-2.122928,-0.727740,-52.657455,31.270411,-0.874259,-124.907692,-1.289243,0.603242,13.981530,-2.427026,-0.504645,-55.934986,31.259365,-0.836806,-122.986336,-4.334881,-1.202410,-66.575264,5.487220,-0.449224,6.999300,-5.978743,-2.695560,-301.117859,5.813004,0.825058,16.860067,-16.860321,-0.872352,-21.005354,-9.776609,0.870011,179.694931,67.797852,-1.281738,-146.692444,-9.993956,-2.907233,-317.487732,-2.888665,-1.227921,-118.885262,72.889168,2.535733,160.276825,1,1
112,1121,0.013047,0.449028,-0.287586,0.479182,-0.123566,-0.841159,-0.218101,0.013047,0.449028,-0.287586,0.479182,-0.123566,-0.841159,-0.218101,-0.016763,0.353001,-0.215566,0.266880,-0.424752,-0.574881,-0.646430,0.062078,0.353178,-0.348458,0.346565,-0.322803,-0.593355,-0.650862,-0.360892,0.428165,-0.431205,0.416055,0.187936,-0.838531,0.297395,-0.284732,0.371687,-0.573518,0.507745,0.119442,-0.794804,0.310185,-0.128218,0.126300,-0.285449,0.366749,0.083711,-0.916696,0.134747,-0.074094,0.059184,-0.417061,0.596121,0.084094,-0.798262,0.018586,0.122775,0.471412,-0.222458,0.481749,0.002355,-0.876066,0.020511,0.073609,0.638101,-0.257653,0.374694,0.259315,-0.757147,0.468069,-0.015604,0.689381,-0.319389,0.374694,0.259315,-0.757147,0.468069,-0.127121,0.753481,-0.396558,0.374694,0.259315,-0.757147,0.468069,-0.003709,0.682544,-0.311157,0.401434,0.385503,-0.733326,0.390476,-0.003709,0.682544,-0.311157,0.333555,0.111255,-0.773486,0.527336,-0.196335,0.719863,-0.242479,0.227716,-0.106217,-0.965641,-0.066337,0.004973,0.709852,-0.512029,0.655425,0.063642,-0.743988,-0.113357,-0.286503,0.437593,-0.295774,0.427231,0.035359,-0.883405,-0.189260,-0.048586,0.424373,-0.592840,0.520032,-0.169537,-0.836342,-0.036821,-0.325927,0.221405,-0.382906,0.427176,0.003046,-0.857361,-0.287130,-0.132633,0.203809,-0.579753,0.494041,-0.266947,-0.820611,-0.106116,0.000000,0.000000,0.000000,15.865843,-3.997644,-625.829529,-24.638842,4.796982,778.776306,-124.148544,0.493368,80.031578,64.155792,5.631765,969.491882,-2.652310,1.508315,148.421600,3.990760,0.175238,32.475502,131.515671,-1.218160,-235.624985,30.745108,1.904488,318.310486,-17.663725,-0.194867,-14.531490,72.302963,5.826314,952.788086,1.101588,0.002484,26.844069,8.251424,-0.684261,-94.912270,142.233673,0.119527,4.893602,22.880100,4.867236,762.973145,-7.200143,-0.521978,-94.011574,20.197552,17.034849,2963.379150,64.378174,21.887461,3592.770264,5.439443,-5.702496,-934.514160,-13.060028,36.944706,6053.861328,16.049091,31.731606,5272.142578,-60.609306,25.913239,4647.110352,1.636145,-12.479842,-1949.316772,-12.077599,-2.207438,-226.733688,0.003564,-0.605817,-67.065468,-1.974773,-0.568370,27.199278,31.211853,0.919978,302.247345,-0.802283,-0.251174,-80.413887,-2.127748,-0.803232,-12.581994,31.275938,0.921249,299.251434,-1.288205,0.173012,-71.704979,-2.431905,-0.813246,-51.433395,31.265043,0.946363,297.194794,-4.320083,2.466281,611.448547,5.502892,2.612114,510.222992,-6.000000,-3.542821,-141.210037,5.793628,-3.229300,-675.726379,-16.858931,0.231743,184.015793,-9.813402,-6.132126,-1167.022827,67.850708,8.809407,1681.857544,-10.043859,-8.317311,-901.679749,-2.885267,0.566284,299.034088,72.862373,-4.465739,-1166.911987,1,1
113,1126,0.013047,0.448949,-0.287586,0.479171,-0.123500,-0.841189,-0.218046,0.013047,0.448949,-0.287586,0.479171,-0.123500,-0.841189,-0.218046,-0.016751,0.352920,-0.215563,0.266828,-0.424730,-0.574786,-0.646551,0.062098,0.353104,-0.348451,0.346508,-0.322732,-0.593307,-0.650972,-0.360835,0.428195,-0.431233,0.415992,0.187982,-0.838555,0.297386,-0.284665,0.371691,-0.573575,0.507650,0.119449,-0.794872,0.310164,-0.128145,0.126339,-0.285482,0.366693,0.083721,-0.916727,0.134678,-0.074050,0.059179,-0.417106,0.596024,0.084162,-0.798329,0.018530,0.122767,0.471354,-0.222453,0.481816,0.002473,-0.876041,0.019959,0.073686,0.638157,-0.257350,0.374808,0.259592,-0.757981,0.466472,-0.015499,0.689761,-0.318857,0.374808,0.259592,-0.757981,0.466472,-0.126980,0.754265,-0.395741,0.374808,0.259592,-0.757981,0.466472,-0.003607,0.682880,-0.310656,0.402060,0.385828,-0.733624,0.388947,-0.003607,0.682880,-0.310656,0.333896,0.112095,-0.774393,0.525608,-0.196140,0.720376,-0.241604,0.227711,-0.106416,-0.965638,-0.066086,0.004709,0.710932,-0.511482,0.656499,0.064804,-0.742938,-0.113369,-0.286346,0.438067,-0.294793,0.426335,0.036090,-0.883891,-0.188873,-0.048429,0.425461,-0.592673,0.519244,-0.170588,-0.836663,-0.035774,-0.325300,0.221814,-0.381976,0.426432,0.003594,-0.858144,-0.285888,-0.132629,0.204991,-0.578998,0.493467,-0.265185,-0.821494,-0.106365,0.000000,0.000000,0.000000,15.863531,-0.462341,707.060486,-24.628698,2.028656,-553.665161,-124.149475,-0.186157,-135.904953,64.176353,4.112244,-303.904236,-2.659826,-1.503181,-602.299438,3.995930,1.034069,171.766281,131.525055,1.876831,618.998230,30.746326,0.243759,-332.145691,-17.666895,-0.634003,-87.827049,72.328514,5.110168,-143.229202,1.105418,0.766015,152.706299,8.247270,-0.830841,-29.315948,142.252029,3.671265,710.347534,22.887735,1.527023,-668.042480,-7.202933,-0.557995,-7.203424,20.430317,46.553040,5903.637695,64.013802,-72.874451,-18952.380859,5.094613,-68.965912,-12652.683594,-13.003270,11.351585,-5118.624023,16.063564,2.894592,-5767.402832,-60.695496,-17.237854,-8630.218750,1.561088,-12.509445,-4.933834,-11.994477,13.853550,2676.831299,-0.024447,-4.668565,-677.124695,-1.944298,5.079210,941.263245,31.154589,-9.544055,-1744.005493,-0.840381,-6.349683,-1016.418213,-2.115996,1.958529,460.293549,31.217155,-9.797096,-1786.390991,-1.325038,-6.138802,-1051.968994,-2.441864,-1.659870,-141.104065,31.204983,-10.010083,-1826.074219,-4.377759,-9.612639,-2013.153320,5.455156,-7.956108,-1761.370239,-5.946435,8.927424,2078.374268,5.702413,-15.202522,-1995.536987,-16.876860,-2.988179,-536.653748,-9.704907,18.082460,4035.764404,67.693947,-26.126862,-5822.711426,-10.113872,-11.668682,-558.561829,-2.842579,7.114728,1091.407471,72.699577,-27.132669,-3777.822021,1,1
114,1132,0.013047,0.448949,-0.287586,0.479171,-0.123500,-0.841189,-0.218046,0.013047,0.448949,-0.287586,0.479171,-0.123500,-0.841189,-0.218046,-0.016751,0.352920,-0.215563,0.266828,-0.424730,-0.574786,-0.646551,0.062098,0.353104,-0.348451,0.346508,-0.322732,-0.593307,-0.650972,-0.360835,0.428195,-0.431233,0.415992,0.187982,-0.838555,0.297386,-0.284665,0.371691,-0.573575,0.507650,0.119449,-0.794872,0.310164,-0.128145,0.126339,-0.285482,0.366693,0.083721,-0.916727,0.134678,-0.074050,0.059179,-0.417106,0.596024,0.084162,-0.798329,0.018530,0.122767,0.471354,-0.222453,0.481816,0.002473,-0.876041,0.019959,0.073686,0.638157,-0.257350,0.374808,0.259592,-0.757981,0.466472,-0.015499,0.689761,-0.318857,0.374808,0.259592,-0.757981,0.466472,-0.126980,0.754265,-0.395741,0.374808,0.259592,-0.757981,0.466472,-0.003607,0.682880,-0.310656,0.402060,0.385828,-0.733624,0.388947,-0.003607,0.682880,-0.310656,0.333896,0.112095,-0.774393,0.525608,-0.196140,0.720376,-0.241604,0.227711,-0.106416,-0.965638,-0.066086,0.004709,0.710932,-0.511482,0.656499,0.064804,-0.742938,-0.113369,-0.286346,0.438067,-0.294793,0.426335,0.036090,-0.883891,-0.188873,-0.048429,0.425461,-0.592673,0.519244,-0.170588,-0.836663,-0.035774,-0.325300,0.221814,-0.381976,0.426432,0.003594,-0.858144,-0.285888,-0.132629,0.204991,-0.578998,0.493467,-0.265185,-0.821494,-0.106365,0.000000,0.000000,0.000000,15.863531,0.000000,92.468262,-24.628698,0.000000,-405.731201,-124.149475,0.000000,37.231445,64.176353,0.000000,-822.448730,-2.659826,0.000000,300.636292,3.995930,0.000000,-206.813812,131.525055,0.000000,-375.366211,30.746326,0.000000,-48.751831,-17.666895,0.000000,126.800537,72.328514,0.000000,-1022.033691,1.105418,0.000000,-153.203018,8.247270,0.000000,166.168213,142.252029,0.000000,-734.252930,22.887735,0.000000,-305.404663,-7.202933,0.000000,111.598976,20.430317,0.000000,-9310.607422,64.013802,0.000000,14574.890625,5.094613,0.000000,13793.182617,-13.003270,0.000000,-2270.316895,16.063564,0.000000,-578.918457,-60.695496,0.000000,3447.570801,1.561088,0.000000,2501.889160,-11.994477,0.000000,-2770.709961,-0.024447,0.000000,933.713074,-1.944298,0.000000,-1015.841980,31.154589,0.000000,1908.810913,-0.840381,0.000000,1269.936646,-2.115996,0.000000,-391.705841,31.217155,0.000000,1959.419312,-1.325038,0.000000,1227.760376,-2.441864,0.000000,331.974030,31.204983,0.000000,2002.016602,-4.377759,0.000000,1922.527954,5.455156,0.000000,1591.221436,-5.946435,0.000000,-1785.484985,5.702413,0.000000,3040.504395,-16.876860,0.000000,597.635864,-9.704907,0.000000,-3616.492188,67.693947,0.000000,5225.372070,-10.113872,0.000000,2333.736328,-2.842579,0.000000,-1422.945679,72.699577,0.000000,5426.534180,1,1
115,1145,0.013047,0.448919,-0.287586,0.479340,-0.123581,-0.841128,-0.217864,0.013047,0.448919,-0.287586,0.479340,-0.123581,-0.841128,-0.217864,-0.016711,0.352910,-0.215520,0.267280,-0.424904,-0.574929,-0.646123,0.062082,0.353060,-0.348441,0.346505,-0.323177,-0.593427,-0.650642,-0.361074,0.427853,-0.430866,0.416370,0.188194,-0.838313,0.297408,-0.284835,0.371528,-0.573335,0.507965,0.119317,-0.794519,0.310605,-0.128174,0.126075,-0.285293,0.366953,0.083809,-0.916612,0.134703,-0.074075,0.059220,-0.416656,0.596218,0.083956,-0.798199,0.018822,0.122792,0.471356,-0.222506,0.481977,0.002409,-0.875950,0.020102,0.073704,0.638150,-0.257441,0.374975,0.259542,-0.757876,0.466535,-0.015490,0.689746,-0.318942,0.374975,0.259542,-0.757876,0.466535,-0.126982,0.754241,-0.395819,0.374975,0.259542,-0.757876,0.466535,-0.003597,0.682866,-0.310742,0.402197,0.385781,-0.733561,0.388972,-0.003597,0.682866,-0.310742,0.333989,0.112064,-0.774297,0.525697,-0.196119,0.720385,-0.241668,0.227736,-0.106411,-0.965636,-0.066028,0.004704,0.710878,-0.511571,0.656475,0.064784,-0.742963,-0.113355,-0.286317,0.438064,-0.294820,0.426420,0.036116,-0.883866,-0.188794,-0.048436,0.425407,-0.592751,0.519251,-0.170626,-0.836650,-0.035803,-0.325253,0.221796,-0.381972,0.426516,0.003664,-0.858144,-0.285762,-0.132657,0.204945,-0.579077,0.493514,-0.265177,-0.821488,-0.106219,0.000000,0.000000,0.000000,15.834116,-2.262702,-174.054031,-24.629953,-0.096541,-7.426245,-124.122139,2.102778,161.752182,64.174614,-0.133808,-10.292910,-2.645633,1.091737,83.979774,3.958819,-2.854714,-219.593369,131.550537,1.960168,150.782120,30.755737,0.723912,55.685551,-17.672009,-0.393354,-30.257998,72.295174,-2.564650,-197.280792,1.068198,-2.863050,-220.234589,8.239417,-0.604043,-46.464821,142.220184,-2.449623,-188.432510,22.896585,0.680777,52.367439,-7.218027,-1.161025,-89.309624,20.433851,0.271871,20.913118,64.018768,0.382057,29.388968,5.100368,0.442652,34.050125,-12.983011,1.558377,119.875168,16.061623,-0.149360,-11.489237,-60.688690,0.523494,40.268757,1.564394,0.254283,19.560200,-11.986836,0.587757,45.212063,-0.023909,0.041381,3.183117,-1.948333,-0.310357,-23.873598,31.150808,-0.290797,-22.369022,-0.837722,0.204526,15.732804,-2.119160,-0.243389,-18.722206,31.213520,-0.279647,-21.511282,-1.321007,0.310063,23.851027,-2.443207,-0.103290,-7.945405,31.201553,-0.263801,-20.292381,-4.374531,0.248322,19.101702,5.448756,-0.492279,-37.867641,-5.947382,-0.072846,-5.603542,5.708595,0.475553,36.581028,-16.874472,0.183692,14.130181,-9.713923,-0.693468,-53.343689,67.693184,-0.058688,-4.514434,-10.114514,-0.049444,-3.803411,-2.836297,0.483238,37.172134,72.702156,0.198364,15.258789,1,1
116,1154,0.013047,0.449107,-0.287586,0.479238,-0.123306,-0.841246,-0.217788,0.013047,0.449107,-0.287586,0.479238,-0.123306,-0.841246,-0.217788,-0.016689,0.353078,-0.215537,0.267660,-0.424381,-0.575235,-0.646037,0.062155,0.353276,-0.348428,0.346503,-0.322558,-0.593806,-0.650605,-0.361086,0.427563,-0.430988,0.416015,0.188741,-0.838273,0.297670,-0.284545,0.371376,-0.573688,0.507450,0.119460,-0.794761,0.310771,-0.127823,0.126084,-0.285375,0.366759,0.083886,-0.916660,0.134856,-0.073739,0.059182,-0.416843,0.595954,0.084099,-0.798386,0.018589,0.122755,0.471597,-0.222462,0.481801,0.002598,-0.876044,0.020189,0.073619,0.638375,-0.257413,0.374775,0.259530,-0.757918,0.466635,-0.015562,0.689950,-0.318951,0.374775,0.259530,-0.757918,0.466635,-0.127037,0.754419,-0.395872,0.374775,0.259530,-0.757918,0.466635,-0.003671,0.683073,-0.310746,0.402017,0.385831,-0.733585,0.389063,-0.003671,0.683073,-0.310746,0.333406,0.111563,-0.774469,0.525920,-0.196209,0.720552,-0.241713,0.227728,-0.106445,-0.965627,-0.066140,0.005088,0.710906,-0.511495,0.655069,0.064346,-0.744364,-0.112544,-0.286444,0.438257,-0.294919,0.426456,0.036006,-0.883823,-0.188931,-0.047830,0.425325,-0.592252,0.518825,-0.172025,-0.836643,-0.035455,-0.325456,0.222014,-0.382101,0.426542,0.003540,-0.858102,-0.285849,-0.132501,0.205064,-0.578139,0.493070,-0.266328,-0.821500,-0.105308,0.000000,0.000000,0.000000,15.843492,1.041730,367.159210,-24.595240,3.857083,439.291565,-124.136650,-1.612345,-412.791504,64.146286,-3.147549,-334.860138,-2.683086,-4.161464,-583.688965,3.966697,0.875420,414.459351,131.525711,-2.758450,-524.290833,30.805460,5.524741,533.425476,-17.693300,-2.365748,-219.154922,72.253860,-4.590353,-225.078033,1.059455,-0.971489,210.173340,8.212448,-2.996551,-265.834229,142.217819,-0.262790,242.981384,22.932001,3.935072,361.588379,-7.263900,-5.097071,-437.338470,20.544136,12.253867,1331.332886,64.173241,17.163595,1864.615234,5.116090,1.746972,144.924530,-12.912916,7.788340,692.218079,16.060600,-0.113593,3.974097,-60.683342,0.594245,7.861250,1.560944,-0.383311,-70.843719,-11.982471,0.485102,-11.406054,-0.020305,0.400469,39.898708,-1.950574,-0.249094,6.806930,31.146612,-0.466241,-19.493719,-0.833350,0.485738,31.245741,-2.119198,-0.004133,26.584011,31.209492,-0.447591,-18.660500,-1.317118,0.432187,13.569256,-2.440984,0.247002,38.921322,31.197645,-0.434240,-18.937637,-4.301643,8.098655,872.259155,5.442067,-0.743230,-27.883423,-5.940793,0.732210,89.450661,5.711464,0.318792,-17.417915,-16.795826,8.738412,950.524414,-9.700077,1.538383,247.983398,67.665482,-3.078037,-335.483246,-10.109594,0.546667,66.234627,-2.849491,-1.466009,-216.583008,72.718468,1.812405,179.337875,1,1
117,1162,0.013047,0.449135,-0.287586,0.479293,-0.123438,-0.841170,-0.217884,0.013047,0.449135,-0.287586,0.479293,-0.123438,-0.841170,-0.217884,-0.016704,0.353110,-0.215539,0.267637,-0.424385,-0.575183,-0.646090,0.062113,0.353295,-0.348446,0.346599,-0.322633,-0.593819,-0.650505,-0.361085,0.427654,-0.430995,0.416001,0.188745,-0.838288,0.297644,-0.284649,0.371325,-0.573615,0.507526,0.119542,-0.794645,0.310911,-0.127829,0.126163,-0.285395,0.366699,0.083716,-0.916708,0.134797,-0.073724,0.059221,-0.416752,0.596152,0.084141,-0.798231,0.018726,0.122775,0.471586,-0.222483,0.481995,0.002490,-0.875940,0.020111,0.073658,0.638375,-0.257401,0.375176,0.259650,-0.757758,0.466506,-0.015567,0.689964,-0.318861,0.375176,0.259650,-0.757758,0.466506,-0.127099,0.754450,-0.395686,0.375176,0.259650,-0.757758,0.466506,-0.003671,0.683086,-0.310666,0.402273,0.385853,-0.733516,0.388906,-0.003671,0.683086,-0.310666,0.333670,0.111552,-0.774359,0.525917,-0.196196,0.720593,-0.241564,0.227647,-0.106413,-0.965647,-0.066180,0.005050,0.710845,-0.511397,0.654939,0.064045,-0.744536,-0.112337,-0.286406,0.438295,-0.294813,0.426283,0.036148,-0.883899,-0.188941,-0.047890,0.425213,-0.591983,0.518129,-0.172666,-0.836958,-0.035067,-0.325345,0.222056,-0.382037,0.426378,0.003790,-0.858188,-0.285832,-0.132715,0.205026,-0.577634,0.492043,-0.266665,-0.821846,-0.106545,0.000000,0.000000,0.000000,15.845336,0.230551,-101.397438,-24.615408,-2.521038,-797.265137,-124.129791,0.857353,308.712311,64.119514,-3.346443,-24.861753,-2.679082,0.500560,582.752930,3.968690,0.249088,-78.291527,131.535675,1.245499,500.493591,30.807484,0.252962,-658.972412,-17.702089,-1.098633,158.389420,72.244804,-1.132011,432.292633,1.071439,1.497984,308.684174,8.202759,-1.211166,223.173019,142.223953,0.766754,128.693039,22.944921,1.615047,-290.003082,-7.282473,-2.321541,346.941223,20.580370,4.529238,-965.578674,64.096909,-9.541512,-3338.138428,4.999534,-14.569521,-2039.561768,-13.053837,-17.615080,-3175.427490,16.062988,0.298500,51.511662,-60.692413,-1.133919,-216.020477,1.568564,0.952423,166.966675,-11.974420,1.006365,65.157814,-0.012503,0.975237,71.845963,-1.939487,1.385942,204.379562,31.150053,0.430107,112.043488,-0.832503,0.105903,-47.479446,-2.105682,1.689494,211.703293,31.212763,0.408888,107.059883,-1.323499,-0.797644,-153.728867,-2.428974,1.501203,156.775116,31.200365,0.339985,96.778076,-4.276124,3.189862,-613.599121,5.437451,-0.576973,20.782150,-5.957434,-2.080202,-351.551514,5.722227,1.345396,128.325485,-16.767687,3.517389,-652.627808,-9.695015,0.632763,-113.202469,67.652489,-1.624107,181.741180,-10.125032,-1.715342,-251.334396,-2.832067,1.936038,378.005280,72.717690,-0.086466,-210.985733,1,1
118,1173,0.013047,0.449319,-0.287586,0.478687,-0.122972,-0.841707,-0.217408,0.013047,0.449319,-0.287586,0.478687,-0.122972,-0.841707,-0.217408,-0.016715,0.353314,-0.215517,0.268132,-0.424487,-0.575135,-0.645861,0.062318,0.353489,-0.348295,0.346575,-0.322413,-0.594059,-0.650407,-0.361337,0.427683,-0.430642,0.416272,0.189262,-0.838009,0.297722,-0.284360,0.371300,-0.573616,0.507368,0.119505,-0.794744,0.310932,-0.127677,0.126392,-0.285276,0.366873,0.083770,-0.916641,0.134745,-0.073483,0.059200,-0.416682,0.596141,0.084134,-0.798242,0.018631,0.122645,0.471940,-0.222321,0.480899,0.002545,-0.876532,0.020545,0.073597,0.638705,-0.257511,0.373775,0.258369,-0.758473,0.467180,-0.015344,0.690302,-0.319376,0.373775,0.258369,-0.758473,0.467180,-0.126519,0.754799,-0.396708,0.373775,0.258369,-0.758473,0.467180,-0.003485,0.683423,-0.311128,0.401315,0.385119,-0.734067,0.389584,-0.003485,0.683423,-0.311128,0.332583,0.110635,-0.774809,0.526136,-0.196081,0.720972,-0.242471,0.227488,-0.106411,-0.965686,-0.066160,0.005690,0.711182,-0.511918,0.654743,0.064220,-0.744685,-0.112386,-0.286285,0.438669,-0.295707,0.426493,0.036109,-0.883806,-0.188910,-0.047186,0.425555,-0.592586,0.518243,-0.172835,-0.836865,-0.034770,-0.325254,0.222422,-0.382899,0.426586,0.003688,-0.858086,-0.285832,-0.132005,0.205377,-0.578065,0.492149,-0.266667,-0.821813,-0.106307,0.000000,0.000000,0.000000,15.836069,-0.926685,-115.723610,-24.528973,8.643532,1116.457031,-124.208969,-7.917786,-877.513855,64.164810,4.529572,787.601440,-2.610204,6.887794,638.723389,3.967633,-0.105739,-35.482643,131.505463,-3.021240,-426.673889,30.820644,1.316071,106.310837,-17.717222,-1.513290,-41.465759,72.296196,5.139160,627.117126,0.922915,-14.852368,-1635.035400,8.202130,-0.062847,114.831924,142.241455,1.750183,98.342896,22.985292,4.037094,242.204666,-7.330318,-4.784536,-246.299515,20.598324,1.795387,-273.385071,64.122711,2.580261,1212.177246,4.977982,-2.155256,1241.426514,-13.049837,0.399971,1801.505127,16.060728,-0.226021,-52.452087,-60.650627,4.178619,531.253784,1.566302,-0.226164,-117.858643,-11.980565,-0.614548,-162.091263,-0.024016,-1.151280,-212.651642,-1.989591,-5.010390,-639.633179,31.121157,-2.889633,-331.974030,-0.815647,1.685560,157.965729,-2.154451,-4.876924,-656.641724,31.185213,-2.754974,-316.386230,-1.282966,4.053259,485.090271,-2.462090,-3.311539,-481.274109,31.175316,-2.504921,-284.490570,-4.349561,-7.343721,-1053.358276,5.444692,0.724030,130.100250,-5.884364,7.307005,938.720703,5.706161,-1.606655,-295.205139,-16.838230,-7.054329,-1057.171753,-9.675770,1.924515,129.175186,67.651123,-0.136566,148.754120,-10.053640,7.139206,885.454895,-2.858715,-2.664828,-460.086670,72.716118,-0.157166,-7.069906,1,1
119,1190,0.013047,0.449306,-0.287586,0.479068,-0.122352,-0.841782,-0.216627,0.013047,0.449306,-0.287586,0.479068,-0.122352,-0.841782,-0.216627,-0.016490,0.353290,-0.215439,0.268429,-0.424480,-0.575272,-0.645619,0.062477,0.353532,-0.348256,0.346746,-0.322350,-0.594200,-0.650219,-0.361262,0.427402,-0.430421,0.416415,0.189330,-0.837955,0.297629,-0.284246,0.371117,-0.573533,0.507488,0.119507,-0.794772,0.310662,-0.127558,0.126086,-0.285177,0.366964,0.083438,-0.916838,0.133357,-0.073443,0.058876,-0.416778,0.596041,0.084116,-0.798351,0.017146,0.122632,0.472186,-0.222391,0.481188,0.003094,-0.876355,0.021195,0.073324,0.638872,-0.257636,0.374088,0.258826,-0.758038,0.467382,-0.015726,0.690367,-0.319428,0.374088,0.258826,-0.758038,0.467382,-0.127038,0.754736,-0.396669,0.374088,0.258826,-0.758038,0.467382,-0.003852,0.683501,-0.311189,0.401443,0.385324,-0.733756,0.389836,-0.003852,0.683501,-0.311189,0.332744,0.111120,-0.774477,0.526421,-0.196526,0.720920,-0.242567,0.226876,-0.105722,-0.965933,-0.065752,0.005153,0.711214,-0.511989,0.654925,0.064557,-0.744512,-0.112285,-0.286239,0.438567,-0.295788,0.425111,0.035918,-0.884251,-0.189973,-0.047527,0.425564,-0.592762,0.517959,-0.171847,-0.837240,-0.034864,-0.325364,0.222534,-0.383440,0.425261,0.002809,-0.858420,-0.286810,-0.131993,0.205229,-0.578555,0.491786,-0.266481,-0.822061,-0.106539,0.000000,0.000000,0.000000,15.771776,-3.781936,-167.955902,-24.427774,5.952835,-158.276276,-124.145226,3.749623,686.318176,64.247513,4.864861,19.722912,-2.631473,-1.251109,-478.758942,3.946092,-1.267125,-68.316826,131.442291,-3.715964,-40.866096,30.930010,6.433262,301.011292,-17.766035,-2.871345,-79.885567,72.375328,4.654828,-28.490124,0.927779,0.286113,890.498901,8.217921,0.928879,58.336823,142.198563,-2.523086,-251.368744,23.141245,9.173674,302.151733,-7.328116,0.129531,289.062805,20.534031,-3.781936,-328.077820,64.079491,-2.542383,-301.332031,5.054164,4.481316,390.386566,-13.110805,-3.586320,-234.487732,16.228651,9.877822,594.343689,-60.746639,-5.647771,-578.023010,1.473665,-5.449246,-307.240112,-12.011118,-1.797227,-69.569389,-0.009226,0.869987,118.898071,-1.984086,0.323807,313.776367,31.100334,-1.224854,97.928162,-0.805201,0.614510,-63.002937,-2.142013,0.731622,329.914490,31.164629,-1.210830,90.832039,-1.279806,0.185882,-227.492737,-2.446115,0.939706,250.073212,31.154531,-1.222610,75.430031,-4.340495,0.533328,463.355835,5.436004,-0.511057,-72.652161,-5.924100,-2.337428,-567.319580,5.719977,0.812727,142.316589,-16.835123,0.182769,425.711639,-9.706393,-1.801379,-219.170212,67.666260,0.890395,60.409489,-10.089448,-2.106330,-543.855042,-2.814802,2.583097,308.701508,72.695557,-1.209483,-61.901051,1,1
120,1210,0.013047,0.449000,-0.287586,0.479163,-0.122049,-0.841763,-0.216663,0.013047,0.449000,-0.287586,0.479163,-0.122049,-0.841763,-0.216663,-0.016438,0.352941,-0.215474,0.269280,-0.423676,-0.575101,-0.645946,0.062524,0.353275,-0.348295,0.346467,-0.322509,-0.594103,-0.650377,-0.361280,0.426834,-0.430408,0.415859,0.190680,-0.837924,0.297632,-0.284149,0.371111,-0.573625,0.507469,0.119286,-0.794788,0.310739,-0.126807,0.125938,-0.285535,0.367922,0.083803,-0.916389,0.133575,-0.073460,0.058866,-0.416724,0.595988,0.083862,-0.798416,0.017254,0.122623,0.471911,-0.222386,0.481161,0.003062,-0.876377,0.020922,0.073445,0.638669,-0.257558,0.374380,0.258137,-0.758470,0.466827,-0.015490,0.690374,-0.319342,0.374380,0.258137,-0.758470,0.466827,-0.126658,0.755006,-0.396572,0.374380,0.258137,-0.758470,0.466827,-0.003632,0.683480,-0.311104,0.401597,0.384393,-0.734344,0.389488,-0.003632,0.683480,-0.311104,0.333444,0.110540,-0.774662,0.525827,-0.196318,0.721375,-0.242665,0.225941,-0.107017,-0.966004,-0.065838,0.005243,0.711281,-0.511935,0.655517,0.063772,-0.743911,-0.113257,-0.286691,0.439165,-0.295835,0.424853,0.035903,-0.884401,-0.189855,-0.048168,0.425713,-0.592799,0.517759,-0.171412,-0.837454,-0.034841,-0.325772,0.223112,-0.383454,0.424968,0.003709,-0.858962,-0.285608,-0.132463,0.205306,-0.578714,0.491885,-0.265034,-0.822486,-0.106411,0.000000,0.000000,0.000000,15.789160,0.914925,247.203201,-24.400133,1.454805,-236.738434,-124.134201,0.580236,-166.809875,64.295341,2.517299,-123.555908,-2.645676,-0.747555,26.502808,3.892912,-2.798946,-80.622185,131.475632,1.754761,287.932861,30.929199,-0.042664,-340.838257,-17.760546,0.288913,166.329391,72.358307,-0.895852,-292.141022,0.923761,-0.211502,-26.190271,8.114430,-5.446886,-335.566528,142.256683,3.058986,293.793213,23.159243,0.947250,-432.969666,-7.356748,-1.506956,-86.130913,20.361460,-9.082694,-278.987274,63.978333,-5.324113,-146.406815,4.962499,-4.824463,-489.777802,-13.031204,4.189491,409.253235,16.221212,-0.391508,-540.491028,-60.630615,6.106527,618.647278,1.509217,1.871153,385.284149,-11.847442,8.614540,547.987732,0.007696,0.890646,1.087305,-1.999623,-0.817744,-60.081676,31.057581,-2.250170,-53.963951,-0.781410,1.252143,33.559639,-2.146395,-0.230639,-50.645321,31.122854,-2.198671,-51.991650,-1.255833,1.261736,56.623894,-2.437662,0.444889,-26.042984,31.113619,-2.153296,-48.983459,-4.375816,-1.766062,-114.969505,5.458414,1.120496,81.577652,-5.961212,-1.855564,24.093174,5.702832,-0.857234,-83.498039,-16.870583,-1.772976,-97.787239,-9.685851,1.027107,141.424301,67.680908,0.732422,-7.898667,-10.125855,-1.820374,14.297819,-2.817297,-0.124741,-135.391891,72.676605,-0.947571,13.095630,1,1
121,1215,0.013047,0.450184,-0.287586,0.478632,-0.121268,-0.842480,-0.215483,0.013047,0.450184,-0.287586,0.478632,-0.121268,-0.842480,-0.215483,-0.016326,0.354176,-0.215361,0.269186,-0.423319,-0.575260,-0.646078,0.062852,0.354476,-0.348053,0.346860,-0.322721,-0.595406,-0.648869,-0.361029,0.427959,-0.430555,0.415475,0.190765,-0.838036,0.297800,-0.284049,0.370830,-0.573164,0.507998,0.118976,-0.794288,0.311270,-0.126523,0.127173,-0.285506,0.368248,0.083156,-0.916310,0.133623,-0.073250,0.058802,-0.415982,0.596064,0.084040,-0.798349,0.016845,0.122461,0.473466,-0.222246,0.480610,0.003729,-0.876664,0.021454,0.073088,0.640210,-0.257380,0.373859,0.258663,-0.759086,0.465952,-0.015843,0.692045,-0.319059,0.373859,0.258663,-0.759086,0.465952,-0.127008,0.756840,-0.396157,0.373859,0.258663,-0.759086,0.465952,-0.003986,0.685134,-0.310835,0.401254,0.384518,-0.734702,0.389043,-0.003986,0.685134,-0.310835,0.333311,0.110820,-0.775278,0.524944,-0.196714,0.723058,-0.242440,0.225544,-0.107192,-0.966092,-0.065620,0.004874,0.713241,-0.511608,0.655653,0.063677,-0.743774,-0.113424,-0.287115,0.440821,-0.295518,0.424441,0.036243,-0.884651,-0.189549,-0.048652,0.427690,-0.592495,0.517755,-0.171494,-0.837443,-0.034775,-0.325951,0.224712,-0.383111,0.424652,0.003476,-0.859185,-0.285413,-0.132963,0.207292,-0.578364,0.491875,-0.265117,-0.822478,-0.106310,0.000000,0.000000,0.000000,15.716816,-14.468765,-3076.737793,-24.242931,31.440353,5997.109863,-124.192162,-11.592102,-2434.467529,64.253464,-8.375549,-2178.569580,-2.510530,27.029230,5555.356934,3.794683,-19.645691,-3369.348877,131.308044,-33.517456,-7054.443848,30.965067,7.173538,1443.240479,-17.836384,-15.167618,-3091.306152,72.509964,30.331421,6245.454102,0.870475,-10.657156,-2089.130859,8.098610,-3.164101,456.556976,142.264206,1.504517,-310.893829,23.207739,9.699249,1750.400024,-7.384136,-5.477524,-794.113525,20.352833,-1.725388,1471.461304,63.952221,-5.222321,20.358467,4.964774,0.454998,1055.892212,-13.027862,0.668526,-704.193115,16.229052,1.567841,391.869781,-60.625027,1.117706,-997.764160,1.449803,-11.882687,-2750.768066,-11.888104,-8.132553,-3349.418701,-0.021262,-5.791692,-1336.467651,-1.955405,8.843684,1932.285767,30.982332,-15.049744,-2559.914795,-0.826803,-9.078657,-2066.159912,-2.123139,4.651260,976.379761,31.045639,-15.443039,-2648.873535,-1.304265,-9.686351,-2189.617432,-2.441431,-0.753880,-239.753708,31.034485,-15.826797,-2734.700195,-4.371353,0.892639,531.740173,5.492376,6.792545,1134.409912,-5.995314,-6.820393,-992.965698,5.632534,-14.059735,-2640.500244,-16.856852,2.746201,903.835266,-9.620580,13.054276,2405.433594,67.667435,-2.694702,-685.424805,-10.156317,-6.092262,-854.377747,-2.824745,-1.489592,-272.970184,72.588501,-17.620850,-3334.655762,1,1
122,1223,0.013047,0.450067,-0.287586,0.478546,-0.121171,-0.842605,-0.215240,0.013047,0.450067,-0.287586,0.478546,-0.121171,-0.842605,-0.215240,-0.016306,0.354076,-0.215331,0.268799,-0.423175,-0.575796,-0.645856,0.062904,0.354355,-0.348003,0.346986,-0.323129,-0.595353,-0.648647,-0.360871,0.427525,-0.430867,0.415271,0.190289,-0.838115,0.298168,-0.284185,0.370685,-0.572821,0.508306,0.119041,-0.793925,0.311669,-0.126606,0.126774,-0.285357,0.367852,0.081683,-0.916563,0.133884,-0.073134,0.058877,-0.415538,0.594807,0.084786,-0.799206,0.016879,0.122436,0.473418,-0.222228,0.480599,0.003713,-0.876666,0.021635,0.073053,0.640156,-0.257403,0.374132,0.258595,-0.759000,0.465911,-0.015888,0.692009,-0.319054,0.374132,0.258595,-0.759000,0.465911,-0.127063,0.756826,-0.396117,0.374132,0.258595,-0.759000,0.465911,-0.004029,0.685096,-0.310834,0.401501,0.384407,-0.734655,0.388986,-0.004029,0.685096,-0.310834,0.333480,0.110741,-0.775208,0.524957,-0.196733,0.723080,-0.242394,0.225573,-0.107171,-0.966098,-0.065467,0.004823,0.713179,-0.511601,0.655550,0.063617,-0.743856,-0.113510,-0.287099,0.440820,-0.295396,0.424377,0.036475,-0.884664,-0.189590,-0.048742,0.427682,-0.592545,0.517337,-0.171641,-0.837635,-0.035626,-0.325842,0.224722,-0.383055,0.424616,0.003625,-0.859162,-0.285532,-0.133310,0.207360,-0.578760,0.491636,-0.264973,-0.822622,-0.106666,0.000000,0.000000,0.000000,15.697772,-2.380490,1511.034424,-24.217577,3.169298,-3533.881836,-124.200394,-1.029015,1320.385986,64.281715,3.531456,1488.375610,-2.448184,7.793278,-2404.494141,3.773712,-2.621353,2128.042236,131.352066,5.502701,4877.519531,30.930885,-4.272699,-1430.779663,-17.795401,5.122900,2536.314697,72.493073,-2.111435,-4055.356934,0.906332,4.482128,1892.410522,8.136610,4.750013,989.264221,142.223099,-5.138397,-830.364258,23.277544,8.725643,-121.700760,-7.485957,-12.727678,-906.269287,20.391056,4.777908,812.911987,63.915646,-4.571915,81.300735,4.970869,0.761867,38.358570,-12.958260,8.700252,1003.965759,16.259289,3.779650,276.476135,-60.625717,-0.086308,-150.501724,1.444579,-0.653014,1403.709229,-11.901010,-1.613140,814.926636,-0.010965,1.287226,884.864746,-1.946284,1.140133,-962.943970,30.968687,-1.705647,1668.012085,-0.822265,0.567347,1205.750488,-2.109976,1.645356,-375.738007,31.031969,-1.708746,1716.786621,-1.306728,-0.307903,1172.306030,-2.427869,1.695335,306.151794,31.020399,-1.760721,1758.259521,-4.361934,1.177371,35.591423,5.483622,-1.094282,-985.853394,-6.000000,-0.585794,779.324768,5.632868,0.041842,1762.697266,-16.848476,1.046896,-212.413071,-9.632594,-1.501799,-1819.509277,67.665703,-0.216484,309.777252,-10.159251,-0.366807,715.681885,-2.808708,2.004594,436.773163,72.573807,-1.836777,1973.009155,1,1
123,1228,0.013047,0.451261,-0.287586,0.479002,-0.120509,-0.842982,-0.213109,0.013047,0.451261,-0.287586,0.479002,-0.120509,-0.842982,-0.213109,-0.015930,0.355388,-0.215023,0.269778,-0.421908,-0.577404,-0.644840,0.063195,0.355540,-0.347747,0.347248,-0.323653,-0.596786,-0.646927,-0.360733,0.426903,-0.430875,0.414684,0.190401,-0.838340,0.298278,-0.284180,0.370335,-0.572249,0.509051,0.118456,-0.793266,0.312354,-0.126472,0.126240,-0.285177,0.367803,0.081511,-0.916663,0.133440,-0.073089,0.058772,-0.414538,0.594719,0.084423,-0.799316,0.016607,0.122396,0.475185,-0.222369,0.480716,0.004308,-0.876561,0.023104,0.072688,0.641810,-0.257790,0.373928,0.258727,-0.758978,0.466036,-0.016264,0.693619,-0.319462,0.373928,0.258727,-0.758978,0.466036,-0.127454,0.758380,-0.396551,0.373928,0.258727,-0.758978,0.466036,-0.004404,0.686711,-0.311239,0.401395,0.384681,-0.734543,0.389037,-0.004404,0.686711,-0.311239,0.333345,0.110412,-0.775161,0.525182,-0.197134,0.724603,-0.242784,0.225519,-0.107134,-0.966112,-0.065506,0.004614,0.714569,-0.511984,0.655083,0.062693,-0.744393,-0.113202,-0.287484,0.442403,-0.295835,0.423729,0.035172,-0.884972,-0.189846,-0.049197,0.429019,-0.592485,0.517251,-0.172136,-0.837577,-0.035859,-0.326751,0.226350,-0.383372,0.424006,0.000865,-0.859595,-0.285158,-0.134008,0.208792,-0.578678,0.491661,-0.264979,-0.822610,-0.106622,0.000000,0.000000,0.000000,15.485804,-42.393684,-8002.639160,-24.037436,36.028290,6571.798340,-124.103691,19.340515,4073.905762,64.324455,8.547974,1003.303528,-2.426243,4.388189,-681.017700,3.671683,-20.405960,-3556.921387,131.179825,-34.448242,-7990.188477,30.977831,9.389114,2732.362793,-17.830168,-6.953430,-2415.266113,72.473595,-3.895569,-356.826782,0.952540,9.241676,951.909790,8.028346,-21.652794,-5280.561523,141.959747,-52.670288,-9506.377930,23.345177,13.526535,960.178406,-7.473301,2.531147,3051.765137,20.364487,-5.313873,-2018.356201,64.014366,19.744110,4863.205078,4.939533,-6.267262,-1405.825562,-12.900213,11.609268,581.803345,16.242813,-3.295135,-1414.957031,-60.736717,-22.200012,-4422.741211,1.251821,-38.551617,-7579.720215,-11.906796,-1.157379,91.152191,-0.034698,-4.746683,-1206.781860,-1.952802,-1.303625,-488.751526,30.890507,-15.636063,-2786.083252,-0.836987,-2.944577,-702.384705,-2.127513,-3.507328,-1030.536865,30.953529,-15.687943,-2795.839355,-1.307833,-0.220966,17.387272,-2.450748,-4.575872,-1254.241455,30.942471,-15.585709,-2764.997559,-4.322018,7.983208,1361.167358,5.522617,7.798958,1778.648071,-5.977785,4.442978,1005.754517,5.634075,0.241375,39.906502,-16.813173,7.060623,1202.745361,-9.615539,3.411102,982.580200,67.699417,6.742859,1391.868530,-10.170979,-2.345467,-395.731934,-2.820894,-2.437115,-888.341675,72.587936,2.825928,932.540894,1,1
124,1237,0.013047,0.451746,-0.287586,0.478606,-0.119919,-0.843527,-0.212174,0.013047,0.451746,-0.287586,0.478606,-0.119919,-0.843527,-0.212174,-0.015841,0.355916,-0.214930,0.269765,-0.421881,-0.577586,-0.644700,0.063445,0.356037,-0.347558,0.347325,-0.322748,-0.597399,-0.646772,-0.360657,0.427270,-0.430823,0.414702,0.190147,-0.838424,0.298179,-0.283645,0.370197,-0.572555,0.508484,0.118528,-0.793728,0.312075,-0.126584,0.126479,-0.285088,0.367989,0.081520,-0.916550,0.133698,-0.072728,0.058501,-0.414871,0.594621,0.084692,-0.799389,0.015207,0.122272,0.475960,-0.222268,0.480426,0.004570,-0.876701,0.023783,0.072443,0.642544,-0.257811,0.374239,0.258712,-0.758896,0.465928,-0.016526,0.694379,-0.319436,0.374239,0.258712,-0.758896,0.465928,-0.127737,0.759172,-0.396467,0.374239,0.258712,-0.758896,0.465928,-0.004663,0.687468,-0.311219,0.401613,0.384689,-0.734521,0.388845,-0.004663,0.687468,-0.311219,0.333567,0.110249,-0.775092,0.525177,-0.197356,0.725386,-0.242675,0.225688,-0.107142,-0.966060,-0.065677,0.004364,0.715244,-0.511949,0.654893,0.062290,-0.744606,-0.113125,-0.287726,0.443234,-0.295844,0.423305,0.035893,-0.884933,-0.190837,-0.049522,0.429655,-0.592348,0.515598,-0.172915,-0.838448,-0.035558,-0.326853,0.227382,-0.383939,0.423737,0.001066,-0.859673,-0.285323,-0.134560,0.209524,-0.578411,0.489705,-0.266399,-0.823313,-0.106660,0.000000,0.000000,0.000000,15.426379,-6.602711,3976.774658,-23.916519,13.435152,-2510.348633,-124.146263,-4.730225,-2674.526611,64.365242,4.531860,-446.234802,-2.434906,-0.962575,-594.529419,3.718317,5.181551,2843.056885,131.063171,-12.961493,2387.416504,31.084156,11.813906,269.421265,-17.921621,-10.161506,-356.452820,72.580498,11.878119,1752.632080,0.886060,-7.386744,-1847.602173,8.041726,1.486672,2571.051758,141.908554,-5.688138,5220.239258,23.292807,-5.818897,-2149.492432,-7.444457,3.204928,74.864594,20.402525,4.226473,1060.038452,63.816132,-22.026062,-4641.130371,5.009029,7.721848,1554.345459,-12.969508,-7.699437,-2145.411621,16.360533,13.079961,1819.455078,-60.757145,-2.269745,2214.474121,1.152063,-11.084187,3051.936523,-11.846642,6.683879,871.250916,-0.016247,2.050086,755.196533,-1.924116,3.187365,498.998901,30.842546,-5.328920,1145.238037,-0.834446,0.282413,358.554474,-2.093286,3.803041,812.263306,30.905182,-5.371942,1146.222290,-1.321691,-1.539734,-146.529709,-2.420268,3.386630,884.722473,30.892857,-5.512661,1119.227539,-4.299094,2.547105,-604.011475,5.523350,0.081486,-857.496826,-5.977666,0.013192,-492.198364,5.646291,1.357291,123.990616,-16.789473,2.633413,-491.912323,-9.612573,0.329547,-342.394989,67.695808,-0.400967,-793.758484,-10.170598,0.042280,265.305115,-2.811544,1.038922,386.226349,72.595856,0.879924,-216.222687,1,1
125,1253,0.013047,0.451625,-0.287586,0.478389,-0.119704,-0.843739,-0.211943,0.013047,0.451625,-0.287586,0.478389,-0.119704,-0.843739,-0.211943,-0.015832,0.355803,-0.214916,0.269670,-0.420882,-0.578203,-0.644839,0.063534,0.355924,-0.347496,0.347301,-0.323047,-0.597228,-0.646793,-0.360354,0.426608,-0.431458,0.413720,0.190498,-0.838614,0.298787,-0.283653,0.370266,-0.572331,0.508728,0.118428,-0.793623,0.311984,-0.126065,0.126228,-0.285223,0.367558,0.081940,-0.916665,0.133837,-0.072783,0.058503,-0.414718,0.594918,0.084507,-0.799186,0.015293,0.122219,0.475919,-0.222210,0.480123,0.004596,-0.876866,0.023822,0.072440,0.642528,-0.257771,0.374034,0.258322,-0.759283,0.465679,-0.016437,0.694467,-0.319441,0.374034,0.258322,-0.759283,0.465679,-0.127533,0.759391,-0.396530,0.374034,0.258322,-0.759283,0.465679,-0.004586,0.687542,-0.311219,0.401602,0.384496,-0.734777,0.388564,-0.004586,0.687542,-0.311219,0.333027,0.109942,-0.775581,0.524862,-0.197185,0.725626,-0.242598,0.226372,-0.108007,-0.965782,-0.066000,0.004811,0.715600,-0.511883,0.653842,0.063301,-0.745351,-0.113733,-0.288105,0.443620,-0.295794,0.423273,0.036248,-0.884824,-0.191346,-0.048820,0.430173,-0.592953,0.515778,-0.173777,-0.838152,-0.035725,-0.327183,0.227870,-0.384159,0.423612,0.002689,-0.859531,-0.285924,-0.134226,0.210194,-0.578849,0.489997,-0.266640,-0.823088,-0.106456,0.000000,0.000000,0.000000,15.418833,-0.443907,362.282562,-23.877327,2.305423,-654.689941,-124.173668,-1.612046,183.422256,64.426773,3.619474,-53.669762,-2.374458,3.555775,265.785309,3.701659,-0.979872,-362.436676,131.072937,0.574449,796.231934,31.069075,-0.887142,-747.120422,-17.919621,0.117695,604.658813,72.539604,-2.405503,-840.213135,0.949494,3.731451,654.011414,7.994296,-2.790030,-251.570740,141.916855,0.488281,363.318756,23.334047,2.425923,484.989380,-7.414248,1.777004,-83.995567,20.555155,8.978227,279.514923,63.900696,4.974365,1588.260498,4.966033,-2.529200,-603.002808,-12.896249,4.309374,706.400574,16.393660,1.948637,-654.783752,-60.783081,-1.525655,43.770020,1.289201,8.066900,1126.534424,-11.794888,3.044297,-214.093094,-0.018678,-0.142962,-129.002808,-1.927969,-0.226645,-200.824112,30.811947,-1.799976,207.584961,-0.833675,0.045345,-13.945195,-2.097751,-0.262695,-239.160965,30.874693,-1.793469,210.498413,-1.317780,0.230011,104.102615,-2.423836,-0.209850,-211.557678,30.862635,-1.777761,219.700027,-4.285161,0.819543,-101.621300,5.474472,-2.875216,-173.923645,-5.942770,2.052756,119.974319,5.627628,-1.097791,-144.416595,-16.776510,0.762491,-110.054230,-9.660660,-2.828654,-185.776550,67.672386,-1.377779,-57.459518,-10.140013,1.799135,103.344414,-2.862072,-2.972280,-235.953079,72.616348,1.205444,19.148283,1,1
126,1267,0.013047,0.452832,-0.287586,0.478426,-0.119486,-0.844171,-0.210253,0.013047,0.452832,-0.287586,0.478426,-0.119486,-0.844171,-0.210253,-0.015634,0.357155,-0.214648,0.270930,-0.420072,-0.579381,-0.643781,0.063737,0.357069,-0.347225,0.347451,-0.323281,-0.598624,-0.645303,-0.360599,0.426297,-0.431056,0.413622,0.190983,-0.838538,0.298824,-0.283590,0.369969,-0.571949,0.509161,0.117901,-0.793162,0.312647,-0.126004,0.126087,-0.284962,0.367842,0.081780,-0.916638,0.133336,-0.072716,0.058450,-0.413860,0.594739,0.084304,-0.799342,0.015185,0.122165,0.477540,-0.222275,0.480124,0.004813,-0.876828,0.025091,0.072159,0.644047,-0.258096,0.374041,0.258527,-0.759065,0.465916,-0.016763,0.695908,-0.319767,0.374041,0.258527,-0.759065,0.465916,-0.127916,0.760734,-0.396855,0.374041,0.258527,-0.759065,0.465916,-0.004907,0.688993,-0.311544,0.401547,0.384721,-0.734595,0.388742,-0.004907,0.688993,-0.311544,0.332968,0.110117,-0.775405,0.525123,-0.197527,0.726977,-0.242914,0.226379,-0.107900,-0.965788,-0.066060,0.004468,0.716992,-0.512215,0.653815,0.063446,-0.745370,-0.113688,-0.288393,0.444962,-0.296162,0.423194,0.036300,-0.884867,-0.191312,-0.049089,0.431569,-0.593316,0.515730,-0.174165,-0.838106,-0.035614,-0.327436,0.229206,-0.384529,0.423553,0.002544,-0.859530,-0.286016,-0.134616,0.211646,-0.579077,0.489952,-0.266455,-0.823140,-0.106724,0.000000,0.000000,0.000000,15.244370,-14.538526,-1174.551514,-23.760523,9.733677,619.021057,-124.141190,2.706528,359.881134,64.412468,-1.192093,-400.963959,-2.347145,2.276103,-106.639320,3.651815,-4.153629,-264.479767,130.915237,-13.141632,-1143.006714,31.100546,2.622604,292.478821,-17.959127,-3.292243,-284.161469,72.488495,-4.259109,-154.467178,0.884607,-5.407234,-761.557129,7.867296,-10.583282,-649.437561,141.710892,-17.163595,-1470.989746,23.421736,7.307371,406.787323,-7.441089,-2.236764,-334.480621,20.613012,4.821459,-346.397308,63.879486,-1.767476,-561.820129,4.886953,-6.590009,-338.400757,-12.898054,-0.150442,-371.651337,16.384102,-0.796477,-228.759506,-60.797962,-1.240095,23.796667,1.274170,-1.252582,-776.623474,-11.818348,-1.954953,-416.604126,-0.036447,-1.480742,-111.481712,-1.912656,1.276056,125.225067,30.763662,-4.023711,-185.311218,-0.855391,-1.809652,-154.583069,-2.093573,0.348171,50.905487,30.825583,-4.092535,-191.588821,-1.337029,-1.604031,-152.836792,-2.431607,-0.647644,-36.482815,30.812922,-4.142761,-197.083359,-4.278868,0.524481,-24.588476,5.475722,0.104229,248.287048,-5.944478,-0.142376,-182.927628,5.643450,1.318494,201.357132,-16.776318,0.016054,-62.203098,-9.682519,-1.821597,83.921379,67.693321,1.744588,260.197266,-10.143753,-0.311693,-175.902267,-2.871256,-0.765324,183.913040,72.647285,2.578099,114.387932,1,1
127,1273,0.013047,0.454236,-0.287586,0.478546,-0.118343,-0.844502,-0.209297,0.013047,0.454236,-0.287586,0.478546,-0.118343,-0.844502,-0.209297,-0.015376,0.358519,-0.214598,0.271607,-0.418919,-0.580328,-0.643394,0.064044,0.358586,-0.347146,0.348119,-0.322862,-0.600174,-0.643712,-0.360377,0.426473,-0.431352,0.412907,0.191284,-0.838826,0.298813,-0.283385,0.369601,-0.571842,0.509389,0.117860,-0.792942,0.312849,-0.125722,0.126350,-0.285177,0.366577,0.081888,-0.917138,0.133319,-0.072414,0.058180,-0.413688,0.594874,0.084453,-0.799251,0.013836,0.122067,0.479309,-0.222251,0.479975,0.005636,-0.876886,0.025740,0.071800,0.645752,-0.258113,0.373922,0.258664,-0.759095,0.465885,-0.017133,0.697602,-0.319776,0.373922,0.258664,-0.759095,0.465885,-0.128300,0.762415,-0.396856,0.373922,0.258664,-0.759095,0.465885,-0.005275,0.690689,-0.311555,0.401449,0.384853,-0.734585,0.388731,-0.005275,0.690689,-0.311555,0.332855,0.110235,-0.775462,0.525085,-0.197892,0.728667,-0.242905,0.226492,-0.108251,-0.965713,-0.066197,0.004114,0.718743,-0.512217,0.653758,0.063645,-0.745391,-0.113767,-0.288998,0.446775,-0.296156,0.423247,0.035111,-0.884753,-0.191942,-0.049383,0.433341,-0.593429,0.515669,-0.174316,-0.838112,-0.035608,-0.328664,0.231135,-0.384528,0.423416,0.002246,-0.859582,-0.286065,-0.134966,0.213442,-0.579157,0.489921,-0.266304,-0.823195,-0.106811,0.000000,0.000000,0.000000,15.197517,-6.693295,1120.747192,-23.590542,24.283001,2078.474854,-124.114532,3.808158,157.375717,64.308418,-14.864241,-1953.163940,-2.318442,4.100425,260.617432,3.539698,-16.016687,-1694.722534,130.667572,-35.380772,-3177.019775,31.222868,17.474583,2121.711182,-18.057474,-14.049530,-1536.755249,72.481758,-0.962394,470.959412,0.911193,3.797940,1315.024780,7.847443,-2.836227,1106.722046,141.556168,-22.103445,-705.692810,23.430124,1.198360,-872.715820,-7.513785,-10.385173,-1164.058350,20.645830,4.688263,-19.028049,63.862579,-2.415248,-92.538857,4.852150,-4.971845,231.166367,-12.887955,1.442773,227.602158,16.401432,2.475739,467.459381,-60.813492,-2.218519,-139.774918,1.337554,9.054849,1472.490112,-11.712103,15.177863,2447.545166,-0.021441,2.143693,517.776428,-1.914163,-0.215360,-213.059433,30.710894,-7.538387,-502.096588,-0.840216,2.167795,568.206726,-2.087065,0.929798,83.089699,30.773298,-7.469177,-482.377533,-1.325699,1.618522,460.364594,-2.418474,1.876184,360.546875,30.760843,-7.439750,-470.998352,-4.277112,0.250816,-39.094967,5.476416,0.099114,-0.730664,-5.943810,0.095436,33.973026,5.639987,-0.494821,-259.045013,-16.776310,0.001090,-2.137658,-9.688488,-0.852721,138.410904,67.699509,0.883920,-122.952629,-10.146308,-0.364985,-7.613173,-2.902072,-4.402194,-519.552979,72.672165,3.554208,139.444077,1,1
128,1277,0.013047,0.454481,-0.287586,0.478648,-0.118038,-0.844515,-0.209185,0.013047,0.454481,-0.287586,0.478648,-0.118038,-0.844515,-0.209185,-0.015308,0.358737,-0.214608,0.272155,-0.418794,-0.581409,-0.642267,0.064104,0.358873,-0.347160,0.348006,-0.322683,-0.600317,-0.643729,-0.360658,0.425430,-0.431230,0.413223,0.190938,-0.838703,0.298942,-0.283222,0.369818,-0.572025,0.509284,0.117686,-0.793146,0.312568,-0.126133,0.125264,-0.284934,0.366647,0.081731,-0.917140,0.133207,-0.072486,0.058215,-0.413915,0.594607,0.084752,-0.799417,0.013850,0.122054,0.479619,-0.222254,0.479980,0.005710,-0.876866,0.026305,0.071676,0.645961,-0.258361,0.374124,0.258339,-0.758319,0.467167,-0.017288,0.697565,-0.320188,0.374124,0.258339,-0.758319,0.467167,-0.128492,0.762069,-0.397471,0.374124,0.258339,-0.758319,0.467167,-0.005426,0.690684,-0.311944,0.401546,0.384813,-0.734039,0.389699,-0.005426,0.690684,-0.311944,0.332830,0.110099,-0.774644,0.526335,-0.198085,0.728550,-0.243394,0.226455,-0.107978,-0.965769,-0.065949,0.003939,0.718313,-0.512696,0.653852,0.063622,-0.745344,-0.113546,-0.289018,0.446624,-0.296541,0.423325,0.034781,-0.884674,-0.192194,-0.049497,0.432884,-0.593796,0.515727,-0.174518,-0.838035,-0.035587,-0.328879,0.231031,-0.384941,0.423422,0.002354,-0.859557,-0.286129,-0.135153,0.213018,-0.579459,0.489989,-0.266260,-0.823159,-0.106893,0.000000,0.000000,0.000000,15.198578,0.212097,1381.078369,-23.554497,7.209015,-3414.797363,-124.099960,2.914429,-178.745789,64.325974,3.511047,3675.057373,-2.350235,-6.358576,-2091.800293,3.514199,-5.099821,2183.373291,130.617233,-10.067749,5062.604492,31.165165,-11.540604,-5803.037109,-18.065639,-1.633072,2483.291504,72.329666,-30.418396,-5891.200684,0.878662,-6.506145,-2060.816895,7.916911,13.893603,3345.966309,141.363663,-38.500977,-3279.506348,23.449871,3.949356,550.199219,-7.494442,3.868675,2850.769531,20.680851,7.004166,463.180573,63.858891,-0.737762,335.497192,4.820536,-6.322765,-270.184143,-12.883209,0.949097,-98.735260,16.446276,8.968735,1298.599243,-60.809448,0.808716,605.446960,1.374463,7.381940,-334.581757,-11.670329,8.354759,-1364.620850,0.021770,8.642114,1299.684204,-1.939760,-5.119252,-980.778442,30.741714,6.164169,2740.511230,-0.790872,9.868800,1540.200928,-2.087099,-0.006866,-187.332977,30.805901,6.520462,2797.927979,-1.284283,8.283305,1332.956787,-2.393124,5.070019,638.766968,30.794586,6.748581,2837.666260,-4.290704,-2.718353,-593.833923,5.470150,-1.253128,-270.448425,-5.923654,4.031181,787.149109,5.701981,12.398911,2578.746338,-16.808344,-6.406784,-1281.574829,-9.762903,-14.883041,-2806.063965,67.759590,12.016296,2226.475342,-10.130408,3.179932,708.983276,-2.906140,-0.813580,717.723022,72.760696,17.706299,2830.418213,1,1
129,1291,0.013047,0.454436,-0.287586,0.478670,-0.118016,-0.844418,-0.209537,0.013047,0.454436,-0.287586,0.478670,-0.118016,-0.844418,-0.209537,-0.015335,0.358652,-0.214670,0.272180,-0.418744,-0.581427,-0.642273,0.064072,0.358851,-0.347226,0.347981,-0.322829,-0.600259,-0.643723,-0.360682,0.425319,-0.431308,0.413191,0.190916,-0.838746,0.298880,-0.283297,0.369868,-0.572021,0.509406,0.117608,-0.793103,0.312508,-0.126193,0.125115,-0.285031,0.366538,0.082052,-0.917110,0.133516,-0.072607,0.058220,-0.413940,0.594744,0.084643,-0.799326,0.013919,0.122065,0.479496,-0.222242,0.479950,0.005796,-0.876894,0.025902,0.071724,0.645878,-0.258214,0.373898,0.258443,-0.758626,0.466792,-0.017218,0.697554,-0.320012,0.373898,0.258443,-0.758626,0.466792,-0.128396,0.762147,-0.397258,0.373898,0.258443,-0.758626,0.466792,-0.005359,0.690664,-0.311772,0.400874,0.384872,-0.734555,0.389361,-0.005359,0.690664,-0.311772,0.332710,0.110090,-0.774956,0.525954,-0.198158,0.728448,-0.243451,0.225304,-0.107941,-0.965961,-0.067131,0.004088,0.718483,-0.512489,0.653620,0.063826,-0.745439,-0.114144,-0.289149,0.446632,-0.297325,0.423384,0.034908,-0.884644,-0.192178,-0.049465,0.433217,-0.593967,0.515542,-0.174376,-0.838115,-0.037055,-0.328961,0.231037,-0.385740,0.423525,0.002378,-0.859669,-0.285641,-0.135410,0.213424,-0.580266,0.490133,-0.266164,-0.823089,-0.107004,0.000000,0.000000,0.000000,15.237722,3.011117,215.309174,-23.572409,-1.377839,-660.527222,-124.102890,-0.225361,-241.522247,64.300056,-1.993619,-423.435913,-2.341990,0.634175,537.903931,3.480976,-2.555645,195.705826,130.616470,-0.058688,769.927795,31.152990,-0.936508,815.699646,-18.062984,0.204233,141.331146,72.290337,-3.025348,2107.157471,0.886847,0.629622,548.905151,7.934507,1.353594,-964.616150,141.351624,-0.926091,2890.375977,23.392479,-4.414779,-643.394958,-7.479266,1.167371,-207.792648,20.706236,1.952685,-388.575470,63.857216,-0.128819,46.841774,4.907228,6.668567,999.333313,-12.749992,10.247451,715.258057,16.318199,-9.852042,-1447.752075,-60.690220,9.171412,643.284302,1.340468,-2.615067,-769.000549,-11.624166,3.550970,-369.522278,0.011221,-0.811455,-727.197571,-1.941062,-0.100182,386.082367,30.741814,0.007629,-473.580017,-0.799280,-0.646765,-808.889648,-2.093612,-0.500991,-38.009567,30.805780,-0.009243,-502.285034,-1.288171,-0.299078,-660.183289,-2.403025,-0.761619,-448.587524,30.794525,-0.004695,-519.482788,-4.284390,0.485677,246.463867,5.478446,0.638155,145.483307,-5.957757,-2.623301,-511.883301,5.741614,3.048713,-719.245972,-16.806738,0.123538,502.332458,-9.773333,-0.802260,1083.136963,67.779633,1.541725,-805.736328,-10.166264,-2.758100,-456.771637,-2.897620,0.655358,112.995163,72.809830,3.779485,-1071.293457,1,1
130,1296,0.013047,0.457213,-0.287586,0.478682,-0.116886,-0.845313,-0.206510,0.013047,0.457213,-0.287586,0.478682,-0.116886,-0.845313,-0.206510,-0.014898,0.361610,-0.214266,0.272320,-0.418818,-0.581727,-0.641893,0.064588,0.361625,-0.346774,0.349060,-0.322577,-0.603014,-0.640683,-0.360375,0.427935,-0.430814,0.413400,0.190629,-0.838747,0.298770,-0.283082,0.369332,-0.571285,0.510048,0.117416,-0.792323,0.313509,-0.126063,0.127587,-0.284549,0.366747,0.082020,-0.917007,0.133666,-0.072006,0.058172,-0.412758,0.594455,0.084854,-0.799523,0.013604,0.121898,0.483109,-0.222289,0.479776,0.006551,-0.876917,0.028078,0.071127,0.649326,-0.258661,0.374040,0.258532,-0.758426,0.466953,-0.017849,0.700954,-0.320449,0.374040,0.258532,-0.758426,0.466953,-0.129070,0.765489,-0.397684,0.374040,0.258532,-0.758426,0.466953,-0.005986,0.694070,-0.312211,0.400609,0.385323,-0.734574,0.389152,-0.005986,0.694070,-0.312211,0.332851,0.110061,-0.774746,0.526179,-0.198818,0.731525,-0.243856,0.225352,-0.106792,-0.965994,-0.068316,0.003422,0.721748,-0.512938,0.653650,0.063452,-0.745462,-0.114023,-0.289329,0.449728,-0.298532,0.423301,0.034749,-0.884635,-0.192431,-0.050293,0.436522,-0.594190,0.516034,-0.175819,-0.837485,-0.037629,-0.329249,0.234182,-0.387019,0.423415,0.002323,-0.859652,-0.285853,-0.136921,0.217008,-0.580303,0.491001,-0.264977,-0.822850,-0.107811,0.000000,0.000000,0.000000,14.967145,-54.115486,-11425.320312,-23.285656,57.350536,11745.674805,-124.057053,9.167480,1878.568359,64.212624,-17.486572,-3098.590332,-2.252181,17.961884,3465.541748,3.400093,-16.176653,-2724.201660,130.248199,-73.654175,-14719.098633,31.220661,13.534164,2894.134521,-18.115353,-10.473633,-2135.573242,72.618301,65.592957,13723.661133,0.821815,-13.006449,-2727.214355,7.897493,-7.402802,-1751.279053,141.271011,-16.122437,-3039.269043,23.352627,-7.970428,-711.129944,-7.454933,4.866695,739.864929,20.864532,31.659317,5941.326660,63.898670,8.290863,1683.936523,4.622419,-56.961632,-12726.040039,-12.610481,27.902222,3530.953857,16.195404,-24.559021,-2941.395752,-60.765953,-15.146637,-4863.610352,1.348458,1.598001,842.613403,-11.615330,1.767349,-356.724060,0.007229,-0.798422,2.606595,-1.918734,4.465675,913.171387,30.624292,-23.504257,-4702.377441,-0.810716,-2.287269,-328.100647,-2.076143,3.493834,798.964905,30.687675,-23.620987,-4722.348633,-1.303226,-3.010964,-542.377319,-2.394403,1.724434,497.210602,30.675678,-23.769379,-4752.936523,-4.272940,2.289963,360.857147,5.491371,2.584839,389.336792,-5.938749,3.801632,1284.986694,5.821002,15.877627,2565.782715,-16.799288,1.490021,273.296631,-9.777143,-0.762177,8.016729,67.799431,3.959656,483.586243,-10.147475,3.757668,1303.153442,-2.854965,8.531046,1575.137573,72.877495,13.533020,1950.707031,1,1
131,1314,0.013047,0.458532,-0.287586,0.478652,-0.116558,-0.845506,-0.205975,0.013047,0.458532,-0.287586,0.478652,-0.116558,-0.845506,-0.205975,-0.014811,0.362948,-0.214208,0.272342,-0.418611,-0.581722,-0.642023,0.064707,0.362960,-0.346697,0.349312,-0.322424,-0.604435,-0.639282,-0.360226,0.429269,-0.430857,0.413204,0.190673,-0.838870,0.298670,-0.282993,0.369131,-0.571229,0.510245,0.117059,-0.792076,0.313947,-0.125950,0.128884,-0.284613,0.366539,0.082085,-0.917123,0.133401,-0.071937,0.058132,-0.412360,0.594696,0.084484,-0.799383,0.013612,0.121853,0.484592,-0.222280,0.479531,0.007255,-0.877036,0.028380,0.070816,0.650742,-0.258593,0.372846,0.259550,-0.758732,0.466846,-0.018221,0.702268,-0.320378,0.372846,0.259550,-0.758732,0.466846,-0.129518,0.766674,-0.397610,0.372846,0.259550,-0.758732,0.466846,-0.006350,0.695398,-0.312140,0.399729,0.386160,-0.734499,0.389369,-0.006350,0.695398,-0.312140,0.332065,0.110754,-0.775112,0.525992,-0.199281,0.732513,-0.243854,0.225358,-0.106552,-0.966032,-0.068137,0.003147,0.723382,-0.512828,0.653491,0.064290,-0.745380,-0.114997,-0.289641,0.450666,-0.298457,0.423369,0.034631,-0.884638,-0.192290,-0.050574,0.438336,-0.594803,0.516083,-0.175938,-0.837424,-0.037761,-0.329588,0.235092,-0.386861,0.423461,0.002210,-0.859596,-0.285954,-0.137278,0.218851,-0.580933,0.491091,-0.265205,-0.822756,-0.107559,0.000000,0.000000,0.000000,14.927254,-2.216180,2883.294922,-23.221188,3.581577,-2987.164551,-124.054138,0.161913,-500.309296,64.069588,-7.946438,530.007507,-2.239418,0.709044,-958.491089,3.312031,-4.892323,626.907227,130.061157,-10.391235,3514.607666,31.255341,1.926634,-644.862793,-18.151670,-2.017657,469.776428,72.691513,4.067315,-3418.091064,0.823923,0.117123,729.087280,7.876137,-1.186450,345.352844,141.262421,-0.477261,869.176453,23.366299,0.759549,484.998688,-7.452571,0.131183,-263.084015,20.914909,2.798716,-1603.366699,63.849827,-2.713521,-611.354675,4.655353,1.829651,3266.182373,-12.579908,1.698494,-1455.762695,16.194477,-0.051498,1361.529053,-60.772419,-0.359217,821.523254,1.361936,0.748793,-47.178177,-11.640784,-1.414140,-176.749420,-0.047462,-3.038374,-124.441788,-1.907394,0.629961,-213.095215,30.621283,-0.167211,1296.502441,-0.863497,-2.932277,-35.833794,-2.094236,-1.005173,-249.944794,30.683001,-0.259717,1297.848267,-1.339274,-2.002709,56.014168,-2.436920,-2.362039,-227.026306,30.670458,-0.290023,1304.408691,-4.269210,0.207212,-115.708359,5.545907,3.029770,24.718418,-5.944457,-0.317123,-228.819748,5.767381,-2.978987,-1047.589722,-16.819973,-1.149178,-146.622131,-9.819983,-2.380000,-89.879089,67.911232,6.211175,125.084404,-10.156347,-0.492891,-236.142151,-2.913282,-3.239830,-653.937561,72.859695,-0.988854,-806.770752,1,1
132,1320,0.013047,0.462517,-0.287586,0.477900,-0.114164,-0.846909,-0.203281,0.013047,0.462517,-0.287586,0.477900,-0.114164,-0.846909,-0.203281,-0.014394,0.366971,-0.214002,0.274283,-0.416706,-0.583707,-0.640633,0.065517,0.367114,-0.346254,0.349578,-0.321174,-0.607965,-0.636414,-0.360268,0.430556,-0.430803,0.412457,0.191376,-0.839145,0.298478,-0.281814,0.369674,-0.571490,0.510077,0.115949,-0.792349,0.313941,-0.125727,0.130292,-0.284733,0.366958,0.083398,-0.916837,0.133400,-0.071492,0.058457,-0.412076,0.595184,0.086189,-0.798830,0.014082,0.121483,0.489496,-0.222037,0.478632,0.008639,-0.877446,0.030412,0.069937,0.655474,-0.258690,0.373043,0.259508,-0.758557,0.466997,-0.019117,0.706970,-0.320474,0.373043,0.259508,-0.758557,0.466997,-0.130436,0.771341,-0.397705,0.373043,0.259508,-0.758557,0.466997,-0.007243,0.700104,-0.312236,0.399853,0.386128,-0.734400,0.389459,-0.007243,0.700104,-0.312236,0.332252,0.110693,-0.774912,0.526182,-0.200170,0.737251,-0.243937,0.225345,-0.106744,-0.966012,-0.068160,0.002213,0.728023,-0.512941,0.653515,0.064209,-0.745307,-0.115385,-0.290653,0.455399,-0.298489,0.423744,0.033638,-0.884757,-0.191090,-0.051692,0.443023,-0.595042,0.515995,-0.176173,-0.837436,-0.037591,-0.330806,0.239581,-0.386204,0.423575,0.002453,-0.859563,-0.285883,-0.138445,0.223565,-0.581056,0.491008,-0.264992,-0.822857,-0.107687,0.000000,0.000000,0.000000,14.782818,-24.072647,-3642.744385,-22.809523,68.610832,10838.209961,-124.127007,-12.144725,-2051.106201,63.970940,-16.441345,-1415.817871,-2.181789,9.604812,1482.628052,3.103210,-34.803391,-4985.178223,129.492813,-94.724022,-14055.464844,31.026482,-38.143158,-6678.298828,-18.417490,-44.303257,-7047.599609,72.713432,3.653208,-69.017769,0.646895,-29.504766,-4936.981445,7.816897,-9.873311,-1447.810181,140.890381,-62.006634,-10254.895508,23.300282,-11.002858,-1960.401001,-7.348218,17.392237,2876.842041,20.906101,-1.468023,-711.123108,63.814022,-5.967458,-542.322815,4.594298,-10.175784,-2000.905762,-12.580940,-0.171979,-311.745544,16.021673,-28.800646,-4791.524414,-60.785973,-2.258937,-316.619904,1.550062,31.354387,5100.932129,-11.697363,-9.429772,-1335.938843,0.007234,9.116027,2025.733398,-1.865569,6.970863,1056.816895,30.487892,-22.231737,-3677.420898,-0.833841,4.942775,1312.508545,-2.030168,10.677934,1947.184448,30.549807,-22.198996,-3656.546143,-1.342191,-0.486155,252.758987,-2.367334,11.597633,2326.612061,30.535603,-22.475878,-3697.642334,-4.266953,0.376225,28.168715,5.551047,0.856717,-362.175507,-5.947517,-0.510057,-32.155598,5.781270,2.314885,882.312195,-16.828434,-1.410166,-43.498138,-9.855547,-5.927245,-591.207458,67.950119,6.481171,44.999283,-10.161100,-0.792185,-49.882465,-2.920011,-1.121561,353.045013,72.885666,4.328410,886.210693,1,1
133,1325,0.013047,0.463575,-0.287586,0.478978,-0.113447,-0.846597,-0.202442,0.013047,0.463575,-0.287586,0.478978,-0.113447,-0.846597,-0.202442,-0.014018,0.367991,-0.213912,0.274107,-0.416458,-0.584580,-0.640073,0.065625,0.368276,-0.346326,0.350383,-0.320907,-0.609077,-0.635040,-0.359850,0.430823,-0.431015,0.412298,0.190874,-0.839190,0.298896,-0.281886,0.369269,-0.571311,0.510317,0.116293,-0.791915,0.314520,-0.125547,0.130611,-0.284457,0.367020,0.083458,-0.916811,0.133374,-0.071082,0.058423,-0.411810,0.595049,0.085930,-0.798958,0.014088,0.121550,0.490836,-0.222266,0.479141,0.009284,-0.877144,0.030918,0.069790,0.656760,-0.258939,0.372915,0.259407,-0.758574,0.467127,-0.019245,0.708240,-0.320766,0.372915,0.259407,-0.758574,0.467127,-0.130538,0.772590,-0.398050,0.372915,0.259407,-0.758574,0.467127,-0.007374,0.701376,-0.312522,0.399736,0.386122,-0.734422,0.389546,-0.007374,0.701376,-0.312522,0.332627,0.110696,-0.774721,0.526226,-0.200308,0.738496,-0.244258,0.225374,-0.106719,-0.966000,-0.068270,0.001790,0.729090,-0.513306,0.654731,0.063120,-0.744443,-0.114662,-0.290776,0.456677,-0.298910,0.423366,0.034601,-0.884668,-0.192164,-0.052363,0.443907,-0.594666,0.515849,-0.174604,-0.837847,-0.037769,-0.330710,0.241078,-0.387259,0.423441,0.002309,-0.859626,-0.285894,-0.138562,0.224201,-0.581156,0.490751,-0.265031,-0.823004,-0.107638,0.000000,0.000000,0.000000,14.700499,-13.719876,1725.461792,-22.706959,17.093977,-8586.141602,-123.967751,26.542664,6447.898438,63.876518,-15.736897,117.407959,-2.256048,-12.376468,-3663.546631,3.024056,-13.192375,3601.835938,129.352509,-23.384094,11889.988281,31.110123,13.940175,8680.555664,-18.372530,7.493337,8632.765625,72.733185,3.292084,-60.187458,0.809375,27.080000,9430.793945,7.898659,13.626973,3916.714111,140.792328,-16.342163,7610.744629,23.319113,3.138542,2356.900146,-7.265370,13.807933,-597.383972,20.686634,-36.577862,-5851.640137,63.745975,-11.341095,-895.606140,4.770669,29.395025,6595.134766,-12.656445,-12.584050,-2068.678467,16.164579,23.817698,8769.723633,-60.775040,1.822154,680.181702,1.378390,-28.612078,-9994.411133,-11.641099,9.377320,3134.515381,0.005672,-0.260358,-1562.730835,-1.916151,-8.430243,-2566.850830,30.447134,-6.793022,2573.119141,-0.808444,4.232715,-118.343353,-2.074480,-7.385334,-3010.544678,30.510582,-6.537437,2610.259766,-1.296651,7.589956,1346.018677,-2.392814,-4.246712,-2640.724121,30.498848,-6.125768,2725.018311,-4.313263,-7.718325,-1349.091553,5.597481,7.738987,1147.045044,-5.937574,1.657168,361.204132,5.788388,1.186371,-188.085754,-16.861965,-5.588531,-696.394226,-9.764882,15.110810,3506.342529,67.934799,-2.553304,-1505.745728,-10.152244,1.476129,378.052399,-2.926087,-1.012723,18.139681,72.900719,2.508799,-303.268402,1,1
134,1334,0.013047,0.463603,-0.287586,0.479128,-0.113153,-0.846633,-0.202104,0.013047,0.463603,-0.287586,0.479128,-0.113153,-0.846633,-0.202104,-0.013919,0.368015,-0.213881,0.275335,-0.415449,-0.585803,-0.639084,0.065699,0.368335,-0.346309,0.350351,-0.320866,-0.609125,-0.635033,-0.360095,0.429136,-0.430963,0.412015,0.191352,-0.839220,0.298896,-0.281785,0.369299,-0.571337,0.510279,0.116259,-0.791948,0.314512,-0.125535,0.129074,-0.284511,0.366950,0.083171,-0.916902,0.133119,-0.071013,0.058443,-0.411814,0.595111,0.086006,-0.798903,0.014128,0.121538,0.490978,-0.222293,0.479239,0.009482,-0.877079,0.031179,0.069693,0.656876,-0.258995,0.373095,0.259444,-0.758438,0.467184,-0.019365,0.708339,-0.320803,0.373095,0.259444,-0.758438,0.467184,-0.130688,0.772667,-0.398063,0.373095,0.259444,-0.758438,0.467184,-0.007491,0.701477,-0.312562,0.399889,0.386125,-0.734317,0.389582,-0.007491,0.701477,-0.312562,0.332720,0.110714,-0.774609,0.526327,-0.200415,0.738609,-0.244263,0.225401,-0.106716,-0.966003,-0.068155,0.001652,0.729143,-0.513346,0.654683,0.063086,-0.744496,-0.114609,-0.290868,0.456780,-0.298853,0.423342,0.034645,-0.884664,-0.192226,-0.052493,0.443952,-0.594672,0.515911,-0.174539,-0.837820,-0.037794,-0.330794,0.241193,-0.387237,0.423414,0.002409,-0.859606,-0.285994,-0.138673,0.224237,-0.581181,0.490807,-0.264991,-0.822974,-0.107711,0.000000,0.000000,0.000000,14.675437,-3.580230,1448.520874,-22.660265,6.670543,-1489.061890,-123.943077,3.524780,-3288.269043,63.923550,6.718772,3207.952881,-2.273416,-2.481086,1413.625977,3.009633,-2.060482,1590.270508,129.345917,-0.941685,3206.058594,31.099825,-1.471111,-2201.612061,-18.386116,-1.940863,-1347.742920,72.540039,-27.592251,-4412.047852,0.792711,-2.380541,-4208.648926,7.842415,-8.034910,-3094.554932,140.575912,-30.916487,-2082.046143,23.383408,9.184974,863.775940,-7.327091,-8.817196,-3232.161377,20.678074,-1.222883,5050.711426,63.767410,3.062112,2057.601074,4.769319,-0.168681,-3695.463135,-12.663137,-0.836611,1468.429932,16.186403,2.727985,-2636.214111,-60.776035,-0.124454,-243.326019,1.385978,0.948519,3695.074463,-11.642728,-0.203609,-1197.616211,0.015716,1.255459,189.477097,-1.916990,-0.104904,1040.667236,30.432661,-1.809120,622.987732,-0.798940,1.188040,-380.584351,-2.070071,0.551105,992.054749,30.496403,-1.772404,595.629211,-1.290256,0.799462,-848.811768,-2.384248,1.070797,664.688660,30.484753,-1.761913,545.481873,-4.305001,1.032710,1093.879395,5.592793,-0.585973,-1040.620117,-5.942083,-0.563562,-277.591217,5.791975,0.448346,-92.253090,-16.854940,0.878096,808.328369,-9.773904,-1.127720,-2029.816162,67.935913,0.139236,336.567566,-10.156470,-0.528336,-250.558075,-2.921404,0.585377,199.762482,72.901497,0.097275,-301.440552,1,1
135,1346,0.013047,0.467413,-0.287586,0.478512,-0.111056,-0.847950,-0.199182,0.013047,0.467413,-0.287586,0.478512,-0.111056,-0.847950,-0.199182,-0.013492,0.371920,-0.213603,0.276047,-0.413505,-0.587770,-0.638231,0.066455,0.372272,-0.345833,0.351738,-0.319627,-0.613091,-0.631061,-0.359555,0.430838,-0.431507,0.410679,0.191748,-0.839529,0.299611,-0.281022,0.368504,-0.570906,0.510507,0.116078,-0.791460,0.315435,-0.124787,0.131255,-0.284407,0.367114,0.083067,-0.916839,0.133170,-0.069971,0.058100,-0.410871,0.594597,0.084745,-0.799434,0.013321,0.121197,0.495717,-0.222124,0.478231,0.011179,-0.877516,0.033686,0.068600,0.661307,-0.259293,0.371897,0.260288,-0.758012,0.468360,-0.020556,0.712400,-0.321266,0.371897,0.260288,-0.758012,0.468360,-0.132001,0.776267,-0.398733,0.371897,0.260288,-0.758012,0.468360,-0.008668,0.705588,-0.313003,0.398919,0.387086,-0.733698,0.390788,-0.008668,0.705588,-0.313003,0.331370,0.111170,-0.774357,0.527453,-0.201738,0.742256,-0.244870,0.225459,-0.106691,-0.966006,-0.067956,0.000849,0.733139,-0.513770,0.653611,0.064155,-0.745298,-0.114928,-0.292186,0.460446,-0.299313,0.423984,0.034315,-0.884195,-0.193025,-0.052860,0.448054,-0.595724,0.515412,-0.174415,-0.838136,-0.038188,-0.332476,0.245011,-0.387902,0.423842,0.003210,-0.858784,-0.287816,-0.139085,0.228343,-0.582476,0.490330,-0.264221,-0.823351,-0.108887,0.000000,0.000000,0.000000,14.487507,-15.660843,-1006.717773,-22.269402,32.571949,2158.450439,-123.992653,-4.131317,-638.008118,63.676659,-20.574251,-2274.418457,-2.137737,11.306603,1148.974121,2.852502,-13.094246,-919.480286,128.769226,-48.057556,-3926.322510,31.318359,18.211206,1640.193237,-18.338121,3.999551,495.034546,72.647232,8.932750,3043.750000,0.758103,-2.884006,-41.955353,7.793868,-4.045606,332.442047,140.358963,-18.079123,1069.780396,23.470936,7.294019,-157.579544,-7.289177,3.159483,998.056580,20.748072,5.833149,588.002686,63.807270,3.321648,21.627962,4.665296,-8.668621,-708.328308,-12.696732,-2.799511,-163.575012,16.286411,8.334001,467.167938,-60.688534,7.291794,618.020691,1.565107,14.927457,1164.911499,-11.698484,-4.646381,-370.230957,0.014138,-0.131507,-115.580482,-1.891813,2.098044,183.578979,30.358925,-6.144682,-361.296844,-0.811035,-1.007905,-182.995361,-2.048871,1.766682,101.298096,30.421986,-6.201426,-369.085205,-1.309229,-1.581073,-198.377930,-2.372364,0.990331,-6.705523,30.409336,-6.284714,-376.900024,-4.267759,3.103534,172.568710,5.622179,2.448837,252.900864,-5.926003,1.339952,158.626175,5.798619,0.553687,8.778438,-16.857275,-0.194550,-89.387093,-9.896145,-10.186751,-754.919250,68.082497,12.215297,1006.338379,-10.153010,0.288328,68.055260,-3.027466,-8.838455,-785.319336,73.012009,9.209315,759.336670,1,1
136,1354,0.013047,0.469714,-0.287586,0.478396,-0.109623,-0.848552,-0.197687,0.013047,0.469714,-0.287586,0.478396,-0.109623,-0.848552,-0.197687,-0.013190,0.374223,-0.213493,0.276129,-0.413345,-0.587841,-0.638233,0.066889,0.374703,-0.345643,0.352251,-0.319102,-0.615135,-0.629049,-0.359242,0.433038,-0.431446,0.410573,0.191750,-0.839617,0.299508,-0.280546,0.368612,-0.570769,0.510786,0.115576,-0.791391,0.315342,-0.124521,0.133404,-0.284377,0.366993,0.083269,-0.916838,0.133380,-0.069786,0.058062,-0.410634,0.594589,0.084563,-0.799461,0.013253,0.121018,0.498539,-0.222055,0.477791,0.012658,-0.877694,0.034750,0.067873,0.663969,-0.259247,0.370783,0.261601,-0.758088,0.468388,-0.021404,0.714892,-0.321187,0.370783,0.261601,-0.758088,0.468388,-0.133000,0.778545,-0.398612,0.370783,0.261601,-0.758088,0.468388,-0.009501,0.708102,-0.312929,0.397960,0.388210,-0.733472,0.391075,-0.009501,0.708102,-0.312929,0.330700,0.111938,-0.774504,0.527495,-0.202693,0.744341,-0.244841,0.225396,-0.106589,-0.966022,-0.068091,0.000033,0.735743,-0.513661,0.653583,0.064289,-0.745275,-0.115155,-0.293104,0.462534,-0.299367,0.424107,0.034143,-0.884167,-0.192917,-0.053706,0.450685,-0.595751,0.515442,-0.174603,-0.838091,-0.037893,-0.333455,0.247076,-0.387872,0.423932,0.003211,-0.858795,-0.287650,-0.139934,0.230985,-0.582336,0.490350,-0.264128,-0.823383,-0.108784,0.000000,0.000000,0.000000,14.405458,-10.256052,675.598877,-22.035830,29.196501,-421.931030,-123.992294,0.044823,522.017456,63.581699,-11.869907,1088.042969,-2.089835,5.987734,-664.858704,2.711295,-17.650873,-569.578430,128.403091,-45.766830,286.340698,31.285570,-4.098654,-2788.732422,-18.355679,-2.194643,-774.274231,72.867645,27.551651,2327.362549,0.715081,-5.377732,-311.715851,7.834497,5.078673,1140.534912,140.333054,-3.238678,1855.055542,23.426119,-5.602121,-1612.017578,-7.283072,0.763118,-299.545624,20.759109,1.379728,-556.677551,63.791058,-2.026558,-668.525696,4.625586,-4.963696,463.115631,-12.698184,-0.181556,327.244415,16.251688,-4.340410,-1584.301392,-60.681187,0.918388,-796.675659,1.581370,2.032831,-1611.828247,-11.683021,1.932979,822.419922,-0.016469,-3.825859,-461.794067,-1.866905,3.113568,126.940521,30.313995,-5.616188,66.061798,-0.848777,-4.717767,-463.732849,-2.042681,0.773758,-124.115494,30.375652,-5.791664,51.220238,-1.343528,-4.287392,-338.289856,-2.386328,-1.745582,-341.989105,30.361937,-5.924940,44.971703,-4.244205,2.944291,-19.905478,5.699834,9.706855,907.252197,-5.941428,-1.928031,-408.497925,5.768883,-3.717005,-533.836609,-16.853319,0.494480,86.128708,-9.900354,-0.526190,1207.570190,68.188553,13.257027,130.216248,-10.175705,-2.836823,-390.643860,-3.107345,-9.984911,-143.306976,73.048943,4.616737,-574.072266,1,1
137,1363,0.013047,0.473652,-0.287586,0.478512,-0.108064,-0.849195,-0.195488,0.013047,0.473652,-0.287586,0.478512,-0.108064,-0.849195,-0.195488,-0.012760,0.378215,-0.213272,0.276163,-0.413435,-0.587815,-0.638184,0.067390,0.378764,-0.345379,0.353139,-0.318568,-0.618864,-0.625152,-0.358856,0.437041,-0.431155,0.410682,0.191677,-0.839615,0.299411,-0.280078,0.368425,-0.570351,0.511310,0.114852,-0.790682,0.316533,-0.124187,0.137336,-0.284146,0.367044,0.083268,-0.916808,0.133448,-0.069216,0.058367,-0.409399,0.594619,0.084605,-0.799409,0.014638,0.120837,0.503171,-0.222067,0.477586,0.013647,-0.877725,0.036382,0.067290,0.668450,-0.259537,0.370911,0.261507,-0.757873,0.468687,-0.021997,0.719317,-0.321507,0.370911,0.261507,-0.757873,0.468687,-0.133606,0.782901,-0.398970,0.370911,0.261507,-0.757873,0.468687,-0.010092,0.712535,-0.313244,0.397993,0.387936,-0.733392,0.391463,-0.010092,0.712535,-0.313244,0.330730,0.111915,-0.774291,0.527794,-0.203378,0.748773,-0.245345,0.224507,-0.105994,-0.966335,-0.067519,-0.000564,0.740109,-0.513997,0.653549,0.064457,-0.745259,-0.115363,-0.293340,0.466830,-0.299696,0.424055,0.034212,-0.884207,-0.192832,-0.054318,0.455091,-0.596224,0.515655,-0.174701,-0.837942,-0.037864,-0.333640,0.251355,-0.388184,0.423878,0.003253,-0.858740,-0.287893,-0.140576,0.235405,-0.582749,0.490241,-0.265665,-0.822960,-0.108731,0.000000,0.000000,0.000000,14.248250,-17.467604,-801.283508,-21.753981,31.316545,235.560516,-123.950012,4.698011,517.020935,63.296661,-31.670889,-2200.109131,-2.038579,5.695051,-32.520294,2.472381,-26.545950,-988.341919,127.897621,-56.163364,-1155.170410,31.195604,-9.996202,-655.283203,-18.395472,-4.421446,-247.422531,73.183907,35.140144,843.165894,0.677501,-4.175590,133.571350,7.870458,3.995631,-120.338097,140.319443,-1.512316,191.818054,23.405256,-2.318064,364.895203,-7.281589,0.164774,-66.482727,20.774464,1.706017,36.254341,63.804955,1.544105,396.740295,4.767726,15.793324,2306.335449,-12.791133,-10.327657,-1127.344482,16.313356,6.852044,1243.605957,-60.601936,8.805593,876.356018,1.594564,1.466023,-62.978733,-11.719839,-4.090945,-669.324829,0.010265,2.970470,755.147705,-1.866592,0.034703,-342.096069,30.217722,-10.697047,-564.539917,-0.823124,2.850347,840.901611,-2.028767,1.546012,85.806038,30.280151,-10.611217,-535.505798,-1.325451,2.008491,699.542542,-2.361905,2.713707,495.476501,30.266687,-10.583241,-517.589050,-4.246758,-0.283665,-358.661743,5.692505,-0.814279,-1169.014893,-5.971618,-3.354496,-158.496124,5.774166,0.586934,478.215454,-16.864630,-1.256731,-194.578995,-9.939144,-4.309972,-420.420288,68.213974,2.824571,-1159.161621,-10.200235,-2.725601,12.358029,-3.052696,6.072150,1784.117798,73.005920,-4.780240,-1044.108521,1,1
138,1373,0.013047,0.473837,-0.287586,0.478592,-0.107948,-0.849123,-0.195670,0.013047,0.473837,-0.287586,0.478592,-0.107948,-0.849123,-0.195670,-0.012747,0.378365,-0.213313,0.275993,-0.413349,-0.587614,-0.638498,0.067386,0.378978,-0.345429,0.353552,-0.318975,-0.618367,-0.625202,-0.358714,0.437460,-0.431322,0.410483,0.191729,-0.839713,0.299377,-0.280388,0.368911,-0.569945,0.511934,0.114995,-0.790551,0.315799,-0.124058,0.137752,-0.284297,0.366739,0.083469,-0.916919,0.133394,-0.069580,0.058493,-0.409618,0.594885,0.084639,-0.799198,0.015173,0.120844,0.503330,-0.222067,0.477556,0.013545,-0.877733,0.036615,0.067298,0.668555,-0.259717,0.371030,0.260960,-0.757379,0.469696,-0.021962,0.719263,-0.321856,0.371030,0.260960,-0.757379,0.469696,-0.133537,0.782649,-0.399530,0.371030,0.260960,-0.757379,0.469696,-0.010061,0.712502,-0.313571,0.397685,0.387652,-0.733321,0.392191,-0.010061,0.712502,-0.313571,0.330701,0.111600,-0.773712,0.528728,-0.203482,0.748682,-0.245984,0.223504,-0.105911,-0.966538,-0.068067,-0.000513,0.739738,-0.514403,0.653659,0.064343,-0.745203,-0.115165,-0.293406,0.466787,-0.300712,0.424076,0.034330,-0.884166,-0.192953,-0.054276,0.454733,-0.596482,0.516529,-0.174121,-0.837479,-0.038852,-0.333684,0.251337,-0.389270,0.423921,0.003318,-0.858729,-0.287861,-0.140545,0.235025,-0.583443,0.491287,-0.264583,-0.822527,-0.109921,0.000000,0.000000,0.000000,14.272017,2.376652,1984.425537,-21.753565,0.041580,-3127.496582,-123.942177,0.783539,-391.447266,63.321171,2.450943,3412.183105,-1.968964,6.961524,126.647278,2.471711,-0.067067,2647.888184,127.857887,-3.973389,5218.997559,31.072565,-12.303925,-230.772217,-18.312508,8.296394,1271.783936,73.209923,2.601624,-3253.852051,0.712267,3.476602,765.219177,7.876421,0.596333,-339.929779,140.357956,3.851318,536.363403,23.398035,-0.722122,159.594223,-7.278736,0.285292,12.051794,20.746962,-2.750206,-445.622375,63.947224,14.226913,1268.280884,4.691259,-7.646656,-2343.998047,-12.782187,0.894547,1122.220337,16.272985,-4.037094,-1088.913818,-60.491764,11.017227,221.163452,1.581814,-1.275003,-274.102539,-11.706160,1.367950,545.889526,0.047097,3.683181,71.271011,-1.897154,-3.056192,-309.089569,30.246914,2.919197,1361.624390,-0.776728,4.639644,178.929657,-2.036682,-0.791526,-233.753784,30.311104,3.095245,1370.646240,-1.282324,4.312730,230.423874,-2.345174,1.673102,-104.060440,30.299028,3.234100,1381.734131,-4.269041,-2.228308,-194.464264,5.683788,-0.871706,-5.742711,-5.976416,-0.479746,287.475067,5.863857,8.969116,838.218262,-16.897738,-3.310776,-205.404495,-9.986565,-4.742050,-43.207787,68.247047,3.307343,48.277115,-10.210062,-0.982666,174.293518,-3.046639,0.605702,-546.644775,73.124619,11.869812,1665.005127,1,1
139,1383,0.013047,0.475941,-0.287586,0.478668,-0.106421,-0.849658,-0.193991,0.013047,0.475941,-0.287586,0.478668,-0.106421,-0.849658,-0.193991,-0.012378,0.380475,-0.213178,0.276095,-0.413326,-0.587835,-0.638266,0.067834,0.381228,-0.345246,0.354075,-0.318235,-0.620320,-0.623346,-0.358409,0.439312,-0.431159,0.410541,0.191710,-0.839652,0.299479,-0.279805,0.368900,-0.569892,0.511977,0.114696,-0.790548,0.315844,-0.123727,0.139651,-0.284083,0.366869,0.083351,-0.916873,0.133433,-0.069158,0.058449,-0.409417,0.594738,0.084601,-0.799315,0.015005,0.120674,0.506006,-0.222047,0.477253,0.015129,-0.877824,0.037761,0.066540,0.671062,-0.259707,0.369983,0.262343,-0.757449,0.469638,-0.022853,0.721609,-0.321786,0.369983,0.262343,-0.757449,0.469638,-0.134594,0.784794,-0.399386,0.369983,0.262343,-0.757449,0.469638,-0.010934,0.714870,-0.313509,0.396767,0.388888,-0.733084,0.392339,-0.010934,0.714870,-0.313509,0.330563,0.112227,-0.773672,0.528739,-0.204479,0.750622,-0.245930,0.223362,-0.105964,-0.966543,-0.068378,-0.001563,0.742085,-0.514347,0.654239,0.063502,-0.744620,-0.116103,-0.294463,0.468772,-0.300831,0.424046,0.034186,-0.884180,-0.192983,-0.056059,0.457188,-0.596510,0.515558,-0.174837,-0.837921,-0.039000,-0.334804,0.253327,-0.389373,0.423865,0.003346,-0.858790,-0.287760,-0.142635,0.237602,-0.583461,0.490488,-0.264506,-0.823059,-0.109689,0.000000,0.000000,0.000000,14.170650,-10.136700,-1251.335205,-21.503479,25.008583,2496.700195,-123.913361,2.881622,209.808350,63.259491,-6.167984,-861.892700,-1.958329,1.063502,-589.802185,2.352832,-11.887908,-1182.084106,127.527237,-33.065033,-2909.164551,31.071264,-0.130081,1217.384399,-18.334644,-2.213669,-1051.006348,73.432739,22.281647,1968.002319,0.678517,-3.374952,-685.155396,7.942700,6.627893,603.156067,140.330414,-2.754211,-660.552979,23.411007,1.297188,201.931000,-7.280288,-0.155163,-44.045448,20.711777,-3.518486,-76.828003,63.713993,-23.323059,-3754.997314,4.649156,-4.210329,343.632690,-12.689920,9.226704,833.215698,16.236668,-3.631783,40.531158,-60.486427,0.533676,-1048.355103,1.592486,1.067173,234.217651,-11.683472,2.268791,90.084076,0.014485,-3.261184,-694.436462,-1.875418,2.173674,522.986694,30.192163,-5.475044,-839.424133,-0.814309,-3.758186,-839.782898,-2.034172,0.251079,104.260452,30.255026,-5.607796,-870.304077,-1.314330,-3.200543,-751.327271,-2.362243,-1.706862,-337.996490,30.242069,-5.695915,-893.001587,-4.255087,1.395369,362.367615,5.822190,13.840151,1471.185669,-5.986679,-1.026297,-54.655079,5.839333,-2.452421,-1142.153687,-16.918621,-2.088356,122.241966,-9.992476,-0.591183,415.086761,68.436989,18.994141,1568.679810,-10.247226,-3.716373,-273.370758,-3.132204,-8.556509,-916.221069,73.174927,5.030823,-683.898926,1,1
140,1395,0.013047,0.481298,-0.287586,0.479893,-0.104221,-0.850298,-0.189298,0.013047,0.481298,-0.287586,0.479893,-0.104221,-0.850298,-0.189298,-0.011414,0.386049,-0.212579,0.275990,-0.413607,-0.587500,-0.638437,0.068578,0.386736,-0.344780,0.355462,-0.316982,-0.624717,-0.618787,-0.357455,0.445256,-0.430440,0.410729,0.191634,-0.839642,0.299299,-0.278950,0.369180,-0.569328,0.512589,0.113911,-0.790282,0.315802,-0.122837,0.145480,-0.283494,0.366873,0.083526,-0.916825,0.133640,-0.068682,0.058558,-0.408688,0.596043,0.084218,-0.798371,0.015609,0.120508,0.512697,-0.222401,0.477620,0.016762,-0.877453,0.040922,0.065636,0.677487,-0.260539,0.370051,0.262275,-0.757355,0.469774,-0.023758,0.728013,-0.322634,0.370051,0.262275,-0.757355,0.469774,-0.135501,0.791170,-0.400253,0.370051,0.262275,-0.757355,0.469774,-0.011839,0.721276,-0.314355,0.396772,0.388868,-0.733051,0.392415,-0.011839,0.721276,-0.314355,0.330630,0.112245,-0.773559,0.528858,-0.205386,0.757048,-0.246786,0.223345,-0.106197,-0.966511,-0.068523,-0.002513,0.748472,-0.515212,0.654372,0.063596,-0.744471,-0.116258,-0.295515,0.475233,-0.301733,0.424094,0.034180,-0.884181,-0.192871,-0.057032,0.463597,-0.597472,0.515332,-0.175027,-0.838025,-0.038903,-0.335840,0.259766,-0.390228,0.423911,0.003383,-0.858825,-0.287589,-0.143657,0.244035,-0.584364,0.489988,-0.265007,-0.823083,-0.110534,0.000000,0.000000,0.000000,13.752589,-34.838360,-2058.471680,-21.034122,39.113045,1175.371826,-123.685860,18.958410,1339.732300,63.126194,-11.108081,-411.674713,-2.049000,-7.555882,-718.281982,2.192048,-13.398647,-125.894951,126.739311,-65.660477,-2716.286865,30.975592,-7.972717,-653.553040,-18.421185,-7.211685,-416.501373,74.092377,54.969788,2724.011719,0.754286,6.314089,807.420105,7.912005,-2.557914,-765.483887,140.359589,2.431234,432.120392,23.357641,-4.447142,-478.694183,-7.275507,0.398397,46.130020,20.735275,1.958211,456.391449,63.646664,-5.610784,1476.022949,4.627717,-1.786629,201.974991,-12.804352,-9.535949,-1563.554565,16.208305,-2.363523,105.688316,-60.475578,0.904083,30.867258,1.594275,0.149121,-76.504387,-11.674520,0.746012,-126.898285,0.005327,-0.763137,208.170609,-1.906217,-2.566646,-395.026642,29.992203,-16.663393,-932.362366,-0.801143,1.097187,404.614471,-2.064977,-2.567112,-234.849258,30.056070,-16.579628,-914.319336,-1.281363,2.747218,495.646729,-2.383282,-1.753291,-3.869007,30.045063,-16.417185,-893.439148,-4.264604,-0.793060,-182.369019,5.819838,-0.195980,-1169.677612,-5.985568,0.092586,93.240211,5.853310,1.164794,301.434601,-16.932301,-1.139959,79.033104,-10.009541,-1.422008,-69.235435,68.450096,1.092275,-1491.822144,-10.248540,-0.109514,300.571655,-3.146041,-1.153131,616.948120,73.207443,2.709707,-193.426346,1,1
141,1412,0.013047,0.482635,-0.287586,0.479271,-0.103093,-0.851115,-0.187817,0.013047,0.482635,-0.287586,0.479271,-0.103093,-0.851115,-0.187817,-0.011249,0.387447,-0.212448,0.284847,-0.403875,-0.600143,-0.628947,0.068999,0.388149,-0.344494,0.355636,-0.317275,-0.626083,-0.617154,-0.359119,0.430443,-0.431559,0.407250,0.192761,-0.841061,0.299344,-0.278645,0.369099,-0.568752,0.513013,0.113445,-0.789680,0.316786,-0.124396,0.131035,-0.284031,0.366817,0.083524,-0.916886,0.133375,-0.068210,0.058911,-0.407493,0.596167,0.084185,-0.798248,0.017257,0.120276,0.514508,-0.222250,0.476985,0.017417,-0.877733,0.042041,0.065150,0.679194,-0.260595,0.369971,0.262317,-0.757322,0.469867,-0.024249,0.729694,-0.322705,0.369971,0.262317,-0.757322,0.469867,-0.135998,0.792818,-0.400342,0.369971,0.262317,-0.757322,0.469867,-0.012329,0.722961,-0.314423,0.397230,0.388619,-0.732727,0.392803,-0.012329,0.722961,-0.314423,0.330525,0.112324,-0.773544,0.528930,-0.205847,0.758748,-0.246829,0.223523,-0.105079,-0.966730,-0.066553,-0.003003,0.750132,-0.515284,0.654411,0.063647,-0.744483,-0.115935,-0.295129,0.476544,-0.300820,0.424571,0.035372,-0.883970,-0.192576,-0.057374,0.465273,-0.597463,0.514908,-0.175442,-0.838152,-0.039896,-0.334952,0.261023,-0.389409,0.424620,0.002770,-0.858109,-0.288685,-0.144390,0.245845,-0.584692,0.489838,-0.264896,-0.823191,-0.110657,0.000000,0.000000,0.000000,13.669936,-4.861944,1763.318604,-20.825205,12.289271,-1577.868896,-123.755005,-4.067365,-1354.457397,63.132820,0.389772,676.344299,-1.895125,9.051449,976.901794,2.059923,-7.772067,330.975311,126.614326,-7.352044,3429.907959,30.870380,-6.188898,104.930573,-18.417856,0.195784,435.733459,71.996597,-123.281136,-10485.348633,0.640959,-6.666317,-763.553284,7.502189,-24.106812,-1267.582275,138.095901,-133.158066,-7975.840820,23.414669,3.354578,458.924683,-7.230135,2.668942,133.561417,20.848415,6.655300,276.299347,63.592239,-3.201429,141.726791,4.632187,0.262962,120.564178,-12.682948,7.141394,981.020081,16.434299,13.293771,921.017212,-60.417149,3.437042,148.997589,1.485259,-6.412731,-385.991272,-11.914886,-14.139175,-875.599243,0.023196,1.051106,106.720161,-1.876280,1.760995,254.567093,29.925076,-3.948660,747.925476,-0.798904,0.131719,-56.792244,-2.029922,2.062026,272.302277,29.988579,-3.970090,741.737549,-1.295080,-0.806900,-209.065735,-2.351959,1.842541,211.519485,29.976362,-4.041223,727.997681,-4.267486,-0.169530,36.678238,5.816467,-0.198308,-0.136946,-5.987020,-0.085410,-10.470344,5.770882,-4.848732,-353.736847,-16.930641,0.097611,72.798241,-9.996403,0.772813,129.107086,68.434029,-0.945147,-119.848373,-10.236480,0.709422,48.172653,-3.070180,4.462438,330.327637,73.020660,-10.987226,-805.701843,1,1
142,1423,0.013047,0.482911,-0.287586,0.479171,-0.103090,-0.851188,-0.187742,0.013047,0.482911,-0.287586,0.479171,-0.103090,-0.851188,-0.187742,-0.011261,0.387734,-0.212437,0.284877,-0.403924,-0.600313,-0.628740,0.069017,0.388418,-0.344465,0.355769,-0.316979,-0.626300,-0.617009,-0.359178,0.430549,-0.431510,0.407341,0.192699,-0.840989,0.299463,-0.278556,0.369070,-0.568812,0.512884,0.113555,-0.789776,0.316717,-0.124447,0.131182,-0.283914,0.367002,0.083359,-0.916838,0.133301,-0.068105,0.058865,-0.407604,0.596034,0.084259,-0.798345,0.017014,0.120260,0.514800,-0.222231,0.476944,0.017246,-0.877735,0.042518,0.065099,0.679407,-0.260811,0.370275,0.261985,-0.756630,0.470925,-0.024325,0.729709,-0.323046,0.370275,0.261985,-0.756630,0.470925,-0.136104,0.792587,-0.400838,0.370275,0.261985,-0.756630,0.470925,-0.012402,0.723002,-0.314748,0.397370,0.388886,-0.732246,0.393295,-0.012402,0.723002,-0.314748,0.330562,0.112158,-0.772831,0.529982,-0.205840,0.758709,-0.247009,0.224546,-0.105811,-0.966355,-0.067380,-0.003087,0.749805,-0.515678,0.654421,0.063623,-0.744510,-0.115717,-0.295702,0.476761,-0.301289,0.424779,0.035481,-0.883462,-0.194418,-0.057385,0.464915,-0.597762,0.514872,-0.175380,-0.838184,-0.039953,-0.335874,0.261603,-0.390602,0.424881,0.002887,-0.857905,-0.288906,-0.144389,0.245480,-0.585032,0.489825,-0.264746,-0.823235,-0.110748,0.000000,0.000000,0.000000,13.664525,-0.491923,397.274689,-20.819092,0.555732,-1066.685425,-123.767670,-1.151345,265.092712,63.098804,-3.092332,-316.554962,-1.897797,-0.242916,-844.942322,2.082239,2.028725,890.981201,126.570091,-4.021385,302.787170,30.891893,1.955726,740.420349,-18.417809,0.004335,-17.404442,71.979118,-1.588995,11062.921875,0.619506,-1.950269,428.731628,7.513821,1.057408,2287.656250,138.078506,-1.581365,11961.518555,23.441591,2.447475,-82.463852,-7.225145,0.453602,-201.394516,20.853151,0.430541,-565.887268,63.598278,0.548970,340.945282,4.621932,-0.932260,-108.656517,-12.680266,0.243794,-627.054504,16.548153,10.350314,-267.586945,-60.433388,-1.476288,-446.666382,1.408586,-6.970265,-50.684933,-11.743509,15.579657,2701.711914,0.059128,3.266550,201.404007,-1.885550,-0.842723,-236.701599,29.954712,2.694217,603.897888,-0.763960,3.176700,276.816406,-2.020097,0.893181,-106.258636,30.019297,2.792532,614.783813,-1.270643,2.221574,275.315735,-2.325829,2.375494,48.450306,30.007469,2.827904,624.466125,-4.274169,-0.607577,-39.822514,5.803265,-1.200199,-91.081001,-5.929954,5.187771,479.380157,5.858430,7.958976,1164.337158,-16.951889,-1.931624,-184.475937,-10.061643,-5.930901,-609.428467,68.475647,3.783486,429.875763,-10.193776,3.882148,288.429688,-3.151838,-7.423488,-1080.538696,73.215927,17.751520,2612.613281,1,1
143,1428,0.013047,0.487018,-0.287586,0.480120,-0.101521,-0.851704,-0.183788,0.013047,0.487018,-0.287586,0.480120,-0.101521,-0.851704,-0.183788,-0.010502,0.392070,-0.211908,0.285076,-0.403945,-0.600650,-0.628314,0.069595,0.392618,-0.344047,0.357342,-0.316295,-0.630484,-0.612172,-0.358546,0.434466,-0.430873,0.407528,0.192503,-0.840959,0.299418,-0.278087,0.368081,-0.567775,0.513675,0.113212,-0.788720,0.318186,-0.123919,0.135014,-0.283281,0.367022,0.083169,-0.916827,0.133436,-0.067129,0.058593,-0.405852,0.595527,0.082926,-0.798872,0.016576,0.120123,0.519990,-0.222545,0.477250,0.018608,-0.877407,0.045197,0.064299,0.684348,-0.261512,0.370051,0.262401,-0.756516,0.471054,-0.025179,0.734569,-0.323734,0.370051,0.262401,-0.756516,0.471054,-0.137026,0.797345,-0.401512,0.370051,0.262401,-0.756516,0.471054,-0.013248,0.727873,-0.315438,0.397110,0.389287,-0.732102,0.393429,-0.013248,0.727873,-0.315438,0.329978,0.112375,-0.772920,0.530171,-0.206721,0.763448,-0.247694,0.224566,-0.105992,-0.966315,-0.067608,-0.003697,0.754715,-0.516307,0.653528,0.064281,-0.745286,-0.115403,-0.296712,0.481551,-0.302074,0.424835,0.035672,-0.883360,-0.194724,-0.057516,0.469823,-0.598578,0.514518,-0.175527,-0.838363,-0.040113,-0.336872,0.266455,-0.391541,0.425015,0.002737,-0.857952,-0.288570,-0.144614,0.250421,-0.585915,0.489185,-0.265413,-0.823265,-0.111755,0.000000,0.000000,0.000000,13.302035,-60.414948,-9987.170898,-20.451380,61.285339,10121.600586,-123.588669,29.833475,5164.136719,62.862801,-39.333981,-6040.274902,-1.897205,0.098705,56.936886,1.919586,-27.108728,-4856.242188,125.980247,-98.307289,-15714.317383,31.102524,35.105068,5524.890137,-18.364222,8.931160,1487.804199,72.414131,72.502136,12348.522461,0.670172,8.444359,1732.438110,7.473997,-6.637335,-1282.457153,138.000259,-13.041179,-1909.968872,23.424212,-2.896627,-890.683655,-7.234733,-1.597881,-341.913940,20.941494,14.723778,2382.206055,63.661949,10.611852,1677.147095,4.628623,1.115243,341.250427,-12.798115,-19.641399,-3314.198975,16.563656,2.583822,-1294.415405,-60.410000,3.897985,895.712097,1.341597,-11.164804,-699.089783,-11.691802,8.617878,-1160.296509,0.027043,-5.347471,-1435.670288,-1.898996,-2.240876,-233.025589,29.804190,-25.087038,-4630.208984,-0.780840,-2.813240,-998.323242,-2.047325,-4.537860,-905.173523,29.868664,-25.105476,-4649.667969,-1.267056,0.597735,-270.639740,-2.358582,-5.458991,-1305.747437,29.857838,-24.938583,-4627.747559,-4.230590,7.263184,1311.793457,5.781964,-3.550132,-391.655487,-5.934556,-0.767072,-992.473938,5.865981,1.258373,-1116.767212,-16.910727,6.860415,1465.339844,-10.090726,-4.847208,180.615341,68.469063,-1.097361,-813.474609,-10.203320,-1.590570,-912.119629,-3.191085,-6.541093,147.065720,73.264511,8.097331,-1609.031616,1,1
144,1435,0.013047,0.488684,-0.287586,0.480375,-0.101722,-0.851925,-0.181981,0.013047,0.488684,-0.287586,0.480375,-0.101722,-0.851925,-0.181981,-0.010306,0.393951,-0.211580,0.285037,-0.403857,-0.600645,-0.628394,0.069702,0.394185,-0.343773,0.357496,-0.317629,-0.631619,-0.610218,-0.358302,0.436370,-0.430615,0.407421,0.192522,-0.841007,0.299418,-0.278482,0.368420,-0.566607,0.515301,0.111843,-0.787998,0.317829,-0.123683,0.136924,-0.283000,0.366986,0.083385,-0.916859,0.133186,-0.068169,0.058487,-0.404697,0.595999,0.084165,-0.798415,0.015318,0.120115,0.522034,-0.222725,0.477897,0.018708,-0.876989,0.046432,0.064008,0.686287,-0.261817,0.371034,0.263519,-0.755868,0.470696,-0.025711,0.736448,-0.323739,0.371034,0.263519,-0.755868,0.470696,-0.137860,0.799149,-0.401142,0.371034,0.263519,-0.755868,0.470696,-0.013748,0.729760,-0.315483,0.397774,0.389930,-0.731572,0.393106,-0.013748,0.729760,-0.315483,0.330665,0.113170,-0.772512,0.530168,-0.207201,0.765240,-0.247438,0.224527,-0.105783,-0.966361,-0.067410,-0.004514,0.756572,-0.516305,0.653554,0.064283,-0.745280,-0.115293,-0.297057,0.483299,-0.301731,0.425022,0.035742,-0.883253,-0.194790,-0.058290,0.471660,-0.598530,0.514453,-0.175563,-0.838400,-0.040028,-0.337221,0.268215,-0.391226,0.425250,0.001947,-0.857523,-0.289504,-0.145382,0.252258,-0.585833,0.489072,-0.265504,-0.823294,-0.111815,0.000000,0.000000,0.000000,13.091669,-35.061039,4225.651367,-20.374655,12.787501,-8082.972656,-123.527824,10.140737,-3282.123047,62.862801,0.000000,6555.663574,-1.801296,15.984853,2647.691162,1.828324,-15.210391,1983.056152,125.691109,-48.189800,8352.915039,30.956280,-24.374008,-9913.179688,-18.607889,-40.611267,-8257.071289,72.591782,29.608408,-7148.955078,0.706679,6.084492,-393.311188,7.346433,-21.260658,-2437.220459,138.004852,0.765483,2301.110107,23.438822,2.435048,888.612549,-7.206241,4.748662,1057.757324,20.949270,1.296043,-2237.955811,63.651432,-1.752853,-2060.784180,4.626712,-0.318607,-238.974899,-12.816004,-2.981504,2776.649170,16.594748,5.181948,433.021118,-60.383156,4.474004,96.003258,1.299570,-7.004559,693.374084,-11.829240,-22.906303,-5254.030273,0.001664,-4.229896,186.262619,-1.834763,10.705491,2157.727783,29.758635,-7.592519,2915.752930,-0.833487,-8.774489,-993.541565,-2.004105,7.203341,1956.866821,29.820629,-8.005778,2849.949463,-1.332766,-10.951657,-1924.898804,-2.347557,1.837532,1216.087036,29.806849,-8.498192,2740.065186,-4.167463,10.521173,542.998352,5.777339,-0.770807,463.220795,-5.997261,-10.450761,-1613.948242,5.875577,1.599391,56.836346,-16.853329,9.566307,450.982025,-10.117828,-4.517078,55.021683,68.481384,2.053579,525.156677,-10.264093,-10.128975,-1423.067505,-3.166274,4.135171,1779.377441,73.258865,-0.940959,-1506.381714,1,1
145,1448,0.013047,0.493926,-0.287586,0.482084,-0.099219,-0.852081,-0.178070,0.013047,0.493926,-0.287586,0.482084,-0.099219,-0.852081,-0.178070,-0.009283,0.399297,-0.211144,0.293523,-0.395118,-0.612874,-0.618152,0.070372,0.399699,-0.343549,0.358434,-0.316866,-0.636103,-0.605387,-0.358780,0.425711,-0.430655,0.405072,0.192525,-0.842366,0.298781,-0.277640,0.368795,-0.566072,0.516169,0.110360,-0.787628,0.317855,-0.124761,0.125939,-0.282749,0.367290,0.084592,-0.916830,0.131775,-0.068060,0.058603,-0.403710,0.596125,0.084198,-0.798308,0.015824,0.119992,0.528461,-0.223143,0.478469,0.020601,-0.876473,0.049370,0.063074,0.692382,-0.262713,0.370886,0.263362,-0.755292,0.471824,-0.026663,0.742308,-0.324798,0.370886,0.263362,-0.755292,0.471824,-0.138836,0.804715,-0.402404,0.370886,0.263362,-0.755292,0.471824,-0.014698,0.735651,-0.316520,0.397590,0.390030,-0.731131,0.394013,-0.014698,0.735651,-0.316520,0.330420,0.112514,-0.771867,0.531399,-0.208208,0.770994,-0.248600,0.224486,-0.105807,-0.966374,-0.067320,-0.005198,0.761868,-0.517369,0.652827,0.063116,-0.746063,-0.114996,-0.298066,0.489048,-0.302839,0.425107,0.035813,-0.883180,-0.194920,-0.059307,0.476866,-0.599070,0.514615,-0.175585,-0.838302,-0.039893,-0.338237,0.273990,-0.392394,0.425551,0.000298,-0.857646,-0.288704,-0.146376,0.257459,-0.586295,0.489210,-0.265536,-0.823211,-0.111748,0.000000,0.000000,0.000000,12.769264,-24.800373,789.281982,-19.924074,34.660046,1682.503296,-123.251846,21.229084,852.949829,62.673302,-14.576838,-1121.295288,-1.926250,-9.611891,-1968.980347,1.495049,-25.636564,-802.013306,124.887260,-61.834480,-1049.590698,30.781019,-13.481581,837.879028,-18.695904,-6.770354,2603.146973,70.859940,-133.218613,-12525.156250,0.800532,7.219457,87.305000,7.083595,-20.218262,80.184341,135.636627,-182.171158,-14072.048828,23.426855,-0.920516,-258.120331,-6.939366,20.528795,1213.856323,20.819738,-9.963989,-866.156311,63.844406,14.844161,1276.693481,4.621272,-0.418443,-7.679710,-12.824259,-0.635000,180.500244,16.622559,2.139312,-234.048981,-60.359596,1.812275,-204.748428,1.074819,-17.288521,-791.073975,-11.815059,1.090857,1845.935425,0.026227,1.889453,470.719086,-1.911739,-5.921281,-1278.982422,29.615631,-11.000266,-262.134369,-0.770973,4.808738,1044.863647,-2.059855,-4.288472,-883.985474,29.680651,-10.767570,-212.445480,-1.246951,6.601187,1350.218872,-2.367214,-1.512069,-257.661591,29.670877,-10.459313,-150.855499,-4.121720,3.518692,-538.652466,5.824292,3.611748,337.119629,-5.977730,1.502367,919.471375,5.922768,3.630051,156.204590,-16.832268,1.620073,-611.248840,-10.169112,-3.944911,44.012913,68.586380,8.076594,463.308929,-10.251185,0.992922,855.530518,-3.202079,-2.754211,-529.952515,73.356773,7.531386,651.718872,1,1
146,1454,0.013047,0.493338,-0.287586,0.482066,-0.099392,-0.852013,-0.178346,0.013047,0.493338,-0.287586,0.482066,-0.099392,-0.852013,-0.178346,-0.009334,0.398697,-0.211173,0.295457,-0.394433,-0.613898,-0.616650,0.070315,0.399096,-0.343582,0.358490,-0.317299,-0.636261,-0.604961,-0.359429,0.423161,-0.429987,0.405466,0.193580,-0.841941,0.298762,-0.277863,0.367984,-0.565809,0.516381,0.110395,-0.787104,0.318795,-0.124661,0.123714,-0.282610,0.367358,0.084251,-0.916832,0.131791,-0.067858,0.058300,-0.403026,0.596093,0.084390,-0.798340,0.014309,0.120015,0.527790,-0.223136,0.478484,0.020457,-0.876479,0.049184,0.063156,0.691731,-0.262687,0.370910,0.263279,-0.755301,0.471837,-0.026571,0.741664,-0.324782,0.370910,0.263279,-0.755301,0.471837,-0.138730,0.804080,-0.402399,0.370910,0.263279,-0.755301,0.471837,-0.014607,0.735006,-0.316502,0.397599,0.390004,-0.731156,0.393984,-0.014607,0.735006,-0.316502,0.330463,0.112432,-0.771852,0.531410,-0.208108,0.770356,-0.248575,0.224557,-0.105825,-0.966348,-0.067426,-0.005052,0.761389,-0.517352,0.652557,0.063738,-0.745986,-0.116668,-0.297986,0.488506,-0.302906,0.424425,0.035702,-0.883184,-0.196405,-0.059475,0.476651,-0.600042,0.514773,-0.173183,-0.838647,-0.041081,-0.338432,0.273749,-0.393057,0.424944,0.000064,-0.857986,-0.288586,-0.145907,0.256934,-0.588314,0.489437,-0.265508,-0.823096,-0.111669,0.000000,0.000000,0.000000,12.789682,3.403028,4700.566895,-19.956995,-5.486806,-6691.142090,-123.257217,-0.895182,-3687.377686,62.607784,-10.919571,609.544617,-1.882007,7.373869,2830.959961,1.447304,-7.957359,2946.534180,124.965126,12.977600,12468.679688,30.982431,33.568699,7841.712891,-18.825409,-21.584192,-2468.972900,70.546890,-52.174885,13507.289062,0.675004,-20.921270,-4690.121582,7.003777,-13.303121,1152.523560,135.426971,-34.942627,24538.087891,23.498657,11.967023,2147.923096,-7.098249,-26.480515,-7834.884766,20.553865,-44.312160,-5724.695312,63.905270,10.143916,-783.374207,4.930606,51.555714,8662.359375,-12.844465,-3.367742,-455.456909,16.777939,25.896708,3959.566162,-60.412624,-8.838017,-1775.048706,0.972946,-16.978880,51.606812,-11.652232,27.137756,4341.149902,0.027375,0.191382,-283.011749,-1.914154,-0.402411,919.811707,29.626835,1.867294,2144.593506,-0.769109,0.310610,-749.687988,-2.061439,-0.263969,670.750427,29.691942,1.881917,2108.247803,-1.244896,0.342449,-1043.123047,-2.367638,-0.070612,240.242905,29.682262,1.897494,2059.468018,-4.123427,-0.284513,-633.867371,5.826496,0.367324,-540.737366,-5.972011,0.953197,-91.528282,5.928544,0.962655,-444.566040,-16.864103,-5.305926,-1154.333130,-10.278853,-18.290201,-2390.881836,68.688957,17.096201,1503.267700,-10.245875,0.885010,-17.985323,-3.202630,-0.091950,443.710205,73.364868,1.349131,-1030.375854,1,1
147,1464,0.013047,0.495993,-0.287586,0.482318,-0.097721,-0.852525,-0.176128,0.013047,0.495993,-0.287586,0.482318,-0.097721,-0.852525,-0.176128,-0.008862,0.401413,-0.210961,0.299973,-0.391334,-0.618720,-0.611604,0.070815,0.401920,-0.343353,0.359462,-0.316713,-0.638331,-0.602506,-0.359976,0.418897,-0.428967,0.405611,0.193493,-0.842334,0.297512,-0.277355,0.368107,-0.565234,0.516874,0.110189,-0.786852,0.318691,-0.125574,0.118797,-0.282338,0.367867,0.085361,-0.916763,0.130129,-0.067414,0.058329,-0.402547,0.596058,0.084346,-0.798368,0.014475,0.119820,0.531147,-0.223193,0.478356,0.021564,-0.876441,0.050609,0.062575,0.694964,-0.262908,0.371012,0.263227,-0.755395,0.471636,-0.027142,0.744949,-0.324975,0.371012,0.263227,-0.755395,0.471636,-0.139289,0.807430,-0.402558,0.371012,0.263227,-0.755395,0.471636,-0.015180,0.738284,-0.316699,0.397742,0.389728,-0.731240,0.393955,-0.015180,0.738284,-0.316699,0.330575,0.112943,-0.771967,0.531066,-0.208770,0.773692,-0.248912,0.223449,-0.105170,-0.966725,-0.066721,-0.005858,0.764965,-0.517581,0.653286,0.064836,-0.745211,-0.116934,-0.298138,0.491684,-0.303018,0.424357,0.035790,-0.883235,-0.196309,-0.059974,0.480292,-0.600737,0.514888,-0.172994,-0.838626,-0.040858,-0.338520,0.276909,-0.393154,0.424874,0.000237,-0.858027,-0.288567,-0.146282,0.260529,-0.588955,0.489480,-0.265541,-0.823064,-0.111636,0.000000,0.000000,0.000000,12.638771,-15.091133,-1849.416260,-19.664915,29.207993,3469.479736,-123.200890,5.632782,652.796448,62.545460,-6.232452,468.711853,-1.826667,5.534017,-183.985229,1.333017,-11.428797,-347.143738,124.557213,-40.791321,-5376.892090,30.931522,-5.090904,-3865.960205,-18.802397,2.301216,2388.540771,69.877724,-66.916656,-1474.177124,0.490646,-18.435854,248.541656,6.909197,-9.457922,384.519867,134.288528,-113.844299,-7890.166992,23.466610,-3.204727,-1517.175049,-6.940400,15.784930,4226.544434,20.643404,8.953857,5326.602051,63.754593,-15.067673,-2521.158936,4.940024,0.941801,-5061.391602,-12.877782,-3.331661,3.608060,16.855280,7.734108,-1816.260010,-60.312057,10.056686,1889.470337,0.984725,1.177967,1815.684814,-11.656103,-0.387096,-2752.485352,0.044457,1.708205,151.682327,-1.914984,-0.082994,31.941732,29.510115,-11.672020,-1353.931396,-0.750523,1.858604,154.799438,-2.053346,0.809216,107.318558,29.575848,-11.609459,-1349.137573,-1.229241,1.565564,122.311508,-2.351806,1.583147,165.375870,29.566542,-11.572075,-1346.956909,-4.177986,-5.455875,-517.136230,5.786163,-4.033279,-440.060303,-5.995123,-2.311230,-326.442719,5.902964,-2.557993,-352.064758,-16.910639,-4.653549,65.237663,-10.283116,-0.426292,1786.390869,68.644135,-4.482269,-2157.847168,-10.293874,-4.799843,-568.485229,-3.124039,7.859111,795.106079,73.259033,-10.583496,-1193.262817,1,1
148,1475,0.013047,0.500894,-0.287586,0.485215,-0.098178,-0.852021,-0.170256,0.013047,0.500894,-0.287586,0.485215,-0.098178,-0.852021,-0.170256,-0.007794,0.406939,-0.209901,0.301888,-0.390625,-0.619523,-0.610301,0.070988,0.406618,-0.342828,0.361505,-0.316161,-0.642251,-0.597387,-0.359441,0.422680,-0.427211,0.405983,0.194469,-0.842049,0.297176,-0.277402,0.367538,-0.563557,0.518246,0.109852,-0.785800,0.319174,-0.124432,0.122723,-0.281264,0.367723,0.085545,-0.916772,0.130346,-0.067193,0.057957,-0.400841,0.595926,0.084393,-0.798491,0.012736,0.120043,0.537288,-0.224260,0.480257,0.021850,-0.875171,0.054329,0.062212,0.700826,-0.264618,0.370930,0.263323,-0.755366,0.471692,-0.027517,0.750786,-0.326688,0.370930,0.263323,-0.755366,0.471692,-0.139678,0.813237,-0.404276,0.370930,0.263323,-0.755366,0.471692,-0.015553,0.744125,-0.318412,0.397833,0.390060,-0.731068,0.393855,-0.015553,0.744125,-0.318412,0.330991,0.113550,-0.771783,0.530945,-0.209131,0.779468,-0.250512,0.223623,-0.105240,-0.966675,-0.066756,-0.006742,0.770824,-0.519396,0.655093,0.064725,-0.743717,-0.116396,-0.298556,0.497473,-0.304608,0.424504,0.035743,-0.883164,-0.196315,-0.060874,0.486092,-0.602153,0.514942,-0.174608,-0.838267,-0.040694,-0.338974,0.282697,-0.394727,0.425020,0.000182,-0.857994,-0.288451,-0.147758,0.266582,-0.589899,0.489651,-0.265482,-0.822974,-0.111691,0.000000,0.000000,0.000000,11.923483,-65.026192,-4539.550781,-19.421808,22.100622,-646.124573,-122.725685,43.200405,3415.238525,62.379292,-15.106201,-806.704468,-2.084789,-23.465654,-2636.333740,1.423143,8.193341,1783.830811,123.840569,-65.149483,-2214.378418,31.060080,11.687018,1525.265747,-18.883659,-7.387508,-880.793152,70.205635,29.810125,8793.343750,0.737933,22.480635,3719.680664,6.485590,-38.509800,-2641.079834,134.070206,-19.847523,8545.162109,23.450068,-1.503858,154.624496,-7.069874,-11.770379,-2505.028076,20.889725,22.392794,1221.721558,63.463715,-26.443481,-1034.164429,4.758875,-16.468092,-1582.717529,-12.797028,7.341298,970.268982,16.848991,-0.571684,-755.072083,-60.312428,-0.033639,-917.302307,0.979600,-0.465940,-149.446091,-11.643046,1.186978,143.097641,-0.097263,-12.883652,-1326.532471,-1.996680,-7.426944,-667.631897,29.321777,-17.121574,-495.414062,-0.828240,-7.065106,-811.246460,-2.193605,-12.750777,-1232.726685,29.386587,-17.205498,-508.730835,-1.221912,0.666228,-81.757767,-2.512964,-14.650735,-1475.807495,29.381062,-16.861830,-480.886810,-4.262896,-7.719083,-205.746140,5.804467,1.663988,517.933411,-5.954727,3.672383,543.964783,5.901555,-0.128052,220.903671,-16.979807,-6.288008,-148.587173,-10.205910,7.018783,676.825073,68.607643,-3.317400,105.897247,-10.307008,-1.194000,327.803864,-3.137625,-1.235073,-826.743958,73.271065,1.093778,1061.570312,1,1
149,1484,0.013047,0.503624,-0.287586,0.486695,-0.097952,-0.851873,-0.166869,0.013047,0.503624,-0.287586,0.486695,-0.097952,-0.851873,-0.166869,-0.007152,0.409991,-0.209346,0.304297,-0.388881,-0.621893,-0.607802,0.071200,0.409302,-0.342526,0.362509,-0.315463,-0.644336,-0.594896,-0.359246,0.422175,-0.426241,0.405981,0.194472,-0.842357,0.296302,-0.277114,0.367455,-0.562900,0.518612,0.109791,-0.785500,0.319339,-0.124471,0.121783,-0.280812,0.369601,0.086391,-0.915952,0.130248,-0.066802,0.057952,-0.400170,0.596051,0.084330,-0.798405,0.012736,0.120095,0.540791,-0.224800,0.481603,0.022381,-0.874254,0.056901,0.061670,0.704049,-0.265565,0.371994,0.264286,-0.754098,0.472344,-0.028331,0.753739,-0.327456,0.371994,0.264286,-0.754098,0.472344,-0.140834,0.815853,-0.404820,0.371994,0.264286,-0.754098,0.472344,-0.016331,0.747114,-0.319204,0.398439,0.390842,-0.730110,0.394243,-0.016331,0.747114,-0.319204,0.331570,0.114239,-0.770740,0.531950,-0.209937,0.782251,-0.251076,0.223484,-0.105189,-0.966715,-0.066732,-0.007800,0.773473,-0.520196,0.654991,0.064823,-0.743794,-0.116429,-0.299330,0.500243,-0.305159,0.424796,0.035817,-0.883021,-0.196315,-0.061897,0.488764,-0.603011,0.514927,-0.174731,-0.838241,-0.040887,-0.339749,0.285466,-0.395275,0.425348,-0.000542,-0.857524,-0.289364,-0.148873,0.269288,-0.590805,0.489729,-0.265362,-0.822973,-0.111644,0.000000,0.000000,0.000000,11.543958,-42.169464,2539.636475,-19.227175,21.625942,-52.742214,-122.481110,27.175056,-1780.594238,62.348141,-3.461202,1293.888794,-2.246410,-17.957848,611.978516,1.472605,5.495760,-299.731262,123.460983,-42.176140,2552.593750,31.064268,0.465393,-1246.847168,-18.886850,-0.354555,781.439209,70.059044,-16.287910,-5122.004395,0.835132,10.799971,-1297.851562,6.248763,-26.314100,1355.077637,133.469070,-66.792809,-5216.142578,23.311419,-15.405443,-1544.620605,-6.887870,20.222664,3554.782471,20.917721,3.110674,-2142.457764,63.469383,0.629849,3008.147705,4.748934,-1.104620,1707.052368,-12.757657,4.374504,-329.643768,16.853563,0.507991,119.963882,-60.260128,5.811056,649.410461,0.947602,-3.555318,-343.264160,-11.782133,-15.454082,-1849.006714,-0.121599,-2.704046,1131.067261,-1.989917,0.751442,908.709656,29.248762,-8.112802,1000.974731,-0.850500,-2.473348,510.195435,-2.199374,-0.641028,1345.527710,29.312891,-8.188459,1001.893127,-1.236035,-1.569231,-248.384384,-2.529021,-1.784060,1429.630615,29.307184,-8.208592,961.470825,-4.200029,6.985135,1633.802002,5.800326,-0.460095,-236.009216,-5.997437,-4.745589,-935.330322,5.972091,7.837296,885.038635,-16.945223,3.842672,1125.631104,-10.316604,-12.299326,-2146.456543,68.695534,9.765625,1453.669434,-10.367020,-6.667985,-608.220520,-3.146112,-0.943025,32.449810,73.380829,12.196011,1233.581543,1,1
150,1496,0.013047,0.505677,-0.287586,0.487050,-0.097812,-0.852125,-0.164612,0.013047,0.505677,-0.287586,0.487050,-0.097812,-0.852125,-0.164612,-0.006849,0.412283,-0.208982,0.306783,-0.388023,-0.623256,-0.605701,0.071404,0.411302,-0.342218,0.363005,-0.315701,-0.646454,-0.592163,-0.359645,0.421850,-0.424905,0.406589,0.195726,-0.841773,0.296300,-0.277013,0.366940,-0.561959,0.519338,0.109108,-0.784694,0.320374,-0.123951,0.121859,-0.280135,0.369563,0.086454,-0.916013,0.129882,-0.066575,0.057867,-0.398575,0.596019,0.084195,-0.798447,0.012428,0.120045,0.543355,-0.225020,0.481773,0.022587,-0.874021,0.058922,0.061262,0.706368,-0.266293,0.371897,0.264405,-0.753265,0.473682,-0.028817,0.755740,-0.328327,0.371897,0.264405,-0.753265,0.473682,-0.141415,0.817454,-0.405870,0.371897,0.264405,-0.753265,0.473682,-0.016807,0.749157,-0.320056,0.398538,0.391222,-0.729262,0.395335,-0.016807,0.749157,-0.320056,0.331313,0.114817,-0.769936,0.533149,-0.210450,0.784044,-0.251931,0.223699,-0.104955,-0.966694,-0.066683,-0.008468,0.775277,-0.521153,0.655623,0.065739,-0.743197,-0.116169,-0.299721,0.502089,-0.306033,0.424378,0.035862,-0.882847,-0.197985,-0.062130,0.490569,-0.604162,0.515084,-0.174516,-0.838184,-0.040995,-0.340416,0.287652,-0.396831,0.425035,-0.001288,-0.857318,-0.290430,-0.149050,0.271067,-0.592035,0.489737,-0.265653,-0.822812,-0.112104,0.000000,0.000000,0.000000,11.305618,-19.861618,1858.987183,-19.089529,11.470477,-846.288757,-122.404907,6.350199,-1735.404785,62.232521,-9.634972,-514.480835,-2.219202,2.267321,1685.430664,1.396192,-6.367773,-988.627747,123.183121,-23.155212,1585.077271,31.121267,4.749934,357.045044,-18.975084,-7.352829,-583.189514,69.927666,-10.948181,444.977448,0.707950,-10.598520,-1783.207520,6.048106,-16.721369,799.394287,133.181213,-23.988089,3567.059814,23.415827,8.700688,2008.844360,-7.034662,-12.232661,-2704.610596,21.024933,8.934339,485.305389,63.371365,-8.168221,-733.172424,4.776077,2.261956,280.548004,-12.826094,-5.703052,-839.796387,17.049520,16.329765,1318.481201,-60.293816,-2.807299,-718.196228,0.831536,-9.672175,-509.738129,-11.761820,1.692772,1428.904419,-0.135197,-1.133126,130.909943,-2.002518,-1.050045,-150.123947,29.223301,-2.121766,499.252960,-0.855449,-0.412484,171.738647,-2.216964,-1.465857,-68.735741,29.287516,-2.114614,506.153809,-1.230899,0.428031,166.438522,-2.546859,-1.486520,24.794985,29.282438,-2.062162,512.202576,-4.245373,-3.778617,-896.979248,5.783473,-1.404365,-78.689171,-5.961260,3.014763,646.695984,6.000000,2.325773,-459.293549,-17.007883,-5.221685,-755.363037,-10.395355,-6.562630,478.057983,68.748344,4.400889,-447.061310,-10.355453,0.963926,635.992615,-3.177114,-2.583524,-136.708221,73.525467,12.053172,-11.903206,1,1
151,1520,0.013047,0.508986,-0.287586,0.487342,-0.097241,-0.852427,-0.162514,0.013047,0.508986,-0.287586,0.487342,-0.097241,-0.852427,-0.162514,-0.006520,0.415771,-0.208688,0.308685,-0.387976,-0.625345,-0.602604,0.071680,0.414630,-0.341954,0.363952,-0.315137,-0.648573,-0.589560,-0.360129,0.422280,-0.423460,0.407972,0.194981,-0.841392,0.295973,-0.276673,0.367493,-0.561256,0.519922,0.108742,-0.784471,0.320096,-0.124756,0.121893,-0.278990,0.369560,0.088016,-0.915843,0.130040,-0.066443,0.058206,-0.398010,0.596514,0.085722,-0.797905,0.013057,0.119952,0.547196,-0.225182,0.481826,0.023010,-0.873885,0.060319,0.060916,0.710091,-0.266702,0.371866,0.264341,-0.753291,0.473700,-0.029151,0.759467,-0.328750,0.371866,0.264341,-0.753291,0.473700,-0.141734,0.821186,-0.406310,0.371866,0.264341,-0.753291,0.473700,-0.017142,0.752883,-0.320477,0.398756,0.391323,-0.729125,0.395269,-0.017142,0.752883,-0.320477,0.331310,0.114863,-0.769947,0.533125,-0.210684,0.787838,-0.252175,0.224553,-0.105901,-0.966339,-0.067458,-0.008833,0.779049,-0.521585,0.655760,0.065928,-0.743038,-0.116305,-0.300617,0.506093,-0.306533,0.424280,0.036082,-0.882755,-0.198566,-0.062475,0.494361,-0.604715,0.514924,-0.174718,-0.838250,-0.040795,-0.341328,0.291776,-0.397607,0.425050,-0.001449,-0.857488,-0.289905,-0.149424,0.274876,-0.592476,0.489637,-0.265481,-0.822961,-0.111855,0.000000,0.000000,0.000000,11.109735,-8.516644,493.259766,-18.916008,7.544393,-170.699310,-122.342278,2.723030,-157.703003,62.084621,-6.430418,139.328400,-2.203290,0.691808,-68.500572,1.363784,-1.409043,215.596954,122.735573,-19.458605,160.722076,30.890528,-10.032156,-642.699524,-19.102196,-5.526584,79.401955,69.739403,-8.185346,120.123283,0.537238,-7.422281,138.097366,6.064855,0.728193,758.676636,132.659393,-22.687830,56.532986,23.252537,-7.099566,-686.967590,-6.886229,6.453639,812.447876,21.056917,1.390623,-327.987610,63.306816,-2.806456,233.120209,4.744310,-1.381190,-158.397675,-12.796547,1.284641,303.812744,17.034180,-0.666992,-738.989441,-60.351376,-2.502607,13.247479,0.735099,-4.192907,238.229065,-11.662674,4.310691,113.822563,-0.153664,-0.802914,14.357061,-2.006698,-0.181768,37.751171,29.140171,-3.614343,-64.894630,-0.866959,-0.500404,-3.822621,-2.229507,-0.545315,40.023560,29.204178,-3.623382,-65.598610,-1.231949,-0.045662,-20.595356,-2.563709,-0.732577,32.780113,29.199474,-3.607128,-67.172440,-4.258635,-0.576600,139.218124,5.778915,-0.198198,52.442020,-5.924792,1.585567,-62.138985,5.982819,-0.746997,-133.598679,-17.021799,-0.605044,200.723511,-10.401484,-0.266490,273.745209,68.749115,0.033503,-189.886337,-10.329583,1.124755,6.992558,-3.242930,-2.861531,-12.087273,73.650352,5.429807,-287.972412,1,1
152,1526,0.013047,0.509012,-0.287586,0.487405,-0.096984,-0.852425,-0.162487,0.013047,0.509012,-0.287586,0.487405,-0.096984,-0.852425,-0.162487,-0.006472,0.415770,-0.208708,0.310284,-0.386326,-0.627097,-0.601020,0.071724,0.414696,-0.341977,0.364051,-0.314885,-0.648562,-0.589645,-0.360171,0.419711,-0.423453,0.407572,0.194898,-0.841884,0.295180,-0.276564,0.367510,-0.561370,0.519772,0.108931,-0.784582,0.320003,-0.125139,0.118901,-0.279308,0.369971,0.087424,-0.915739,0.130005,-0.066285,0.058207,-0.398219,0.596413,0.085864,-0.797966,0.012990,0.119935,0.547259,-0.225177,0.482278,0.023324,-0.873634,0.060235,0.060756,0.710156,-0.266499,0.372892,0.265337,-0.752854,0.473031,-0.029520,0.759557,-0.328222,0.372892,0.265337,-0.752854,0.473031,-0.142365,0.821309,-0.405377,0.372892,0.265337,-0.752854,0.473031,-0.017483,0.752971,-0.319993,0.399425,0.391803,-0.728817,0.394685,-0.017483,0.752971,-0.319993,0.332076,0.115539,-0.769733,0.532811,-0.210998,0.787922,-0.251402,0.224386,-0.105887,-0.966380,-0.067439,-0.009464,0.779221,-0.521035,0.655707,0.065966,-0.743045,-0.116537,-0.300919,0.506163,-0.305744,0.424649,0.036207,-0.882584,-0.198517,-0.063176,0.494576,-0.604279,0.514929,-0.174777,-0.838227,-0.040936,-0.341607,0.291834,-0.396800,0.425444,-0.002064,-0.856953,-0.290903,-0.150181,0.275111,-0.592081,0.489700,-0.265426,-0.822946,-0.111810,0.000000,0.000000,0.000000,11.119745,1.429967,1420.944336,-18.889088,3.845760,-528.376160,-122.334717,1.080104,-234.703735,62.094696,1.439231,1124.235596,-2.217664,-2.053397,-392.172089,1.366566,0.397393,258.062286,122.728142,-1.061576,2628.146973,30.895626,0.728335,1537.212891,-19.093281,1.273564,971.449707,69.391769,-49.661907,-5925.223145,0.530796,-0.920279,928.857483,5.996879,-9.710856,-1491.292725,132.202805,-65.226967,-6077.020020,23.189529,-9.001051,-271.640656,-6.907867,-3.091199,-1363.548218,21.059242,0.332151,-151.210251,63.304207,-0.372750,347.672211,4.743698,-0.087466,184.817764,-12.770905,3.663063,339.774628,17.034374,0.027793,99.254906,-60.284992,9.483337,1712.277710,0.717059,-2.577135,230.824600,-11.813446,-21.538870,-3692.794434,-0.137904,2.251387,436.328674,-1.948584,8.302041,1211.972778,29.132257,-1.130513,354.832855,-0.881216,-2.036793,-219.484100,-2.171033,8.353403,1271.245361,29.194906,-1.324517,328.409180,-1.272606,-5.808064,-823.200195,-2.519626,6.297486,1004.294800,29.187521,-1.707622,271.358002,-4.195876,8.965560,1363.165771,5.770987,-1.132556,-133.479706,-5.993363,-9.795802,-1625.909790,5.985816,0.428132,167.875458,-16.963587,8.316040,1274.440552,-10.427426,-3.705978,-491.355530,68.755417,0.900269,123.823654,-10.395236,-9.378978,-1500.533203,-3.213229,4.242897,1014.918274,73.631706,-2.663749,-1156.222290,1,1
153,1531,0.013047,0.512653,-0.287586,0.488479,-0.095341,-0.852615,-0.159204,0.013047,0.512653,-0.287586,0.488479,-0.095341,-0.852615,-0.159204,-0.005739,0.419593,-0.208316,0.313134,-0.385283,-0.628654,-0.598581,0.072231,0.418505,-0.341717,0.365072,-0.313470,-0.652327,-0.585601,-0.360167,0.420499,-0.421935,0.408264,0.196253,-0.841267,0.295086,-0.275551,0.366722,-0.560916,0.519611,0.108729,-0.784083,0.321555,-0.124163,0.120079,-0.278568,0.370156,0.088856,-0.915590,0.129554,-0.064839,0.058216,-0.396817,0.596827,0.086775,-0.797567,0.012461,0.119797,0.551822,-0.225513,0.482705,0.024653,-0.873206,0.062450,0.060025,0.714487,-0.267121,0.372904,0.265558,-0.752659,0.473209,-0.030295,0.763819,-0.328834,0.372904,0.265558,-0.752659,0.473209,-0.143196,0.825485,-0.405975,0.372904,0.265558,-0.752659,0.473209,-0.018253,0.757242,-0.320605,0.399601,0.391962,-0.728521,0.394895,-0.018253,0.757242,-0.320605,0.332051,0.115736,-0.769574,0.533013,-0.211757,0.792150,-0.251951,0.224531,-0.106017,-0.966325,-0.067544,-0.010283,0.783430,-0.521655,0.655777,0.066021,-0.743008,-0.116347,-0.301761,0.510481,-0.306364,0.423932,0.036047,-0.882695,-0.199582,-0.063869,0.498707,-0.604863,0.514351,-0.174164,-0.838740,-0.040313,-0.342655,0.296372,-0.397845,0.424759,-0.002175,-0.857244,-0.291047,-0.150495,0.279094,-0.592636,0.488949,-0.265384,-0.823419,-0.111716,0.000000,0.000000,0.000000,10.842396,-55.469898,-11379.972656,-18.548891,68.039322,12838.712891,-122.157303,35.482788,6880.536621,61.871235,-44.692230,-9226.291992,-2.332673,-23.001719,-4189.664551,1.203606,-32.591961,-6597.870117,122.239227,-97.782898,-19344.263672,31.006056,22.085953,4271.523926,-19.335449,-48.433685,-9941.450195,69.390770,-0.199890,9892.403320,0.443306,-17.497997,-3315.543701,5.880323,-23.311138,-2720.056152,131.853455,-69.869995,-928.605652,23.224518,6.997681,3199.746338,-6.926557,-3.737926,-129.345459,20.981773,-15.493774,-3165.185059,63.235207,-13.800049,-2685.459717,4.778816,7.023716,1422.236328,-12.855090,-16.836929,-4099.998535,17.140997,21.324539,4259.349609,-60.360100,-15.021515,-4900.970215,0.666845,-10.042953,-1493.163818,-11.714522,19.784737,8264.721680,-0.146108,-1.640755,-778.428345,-1.975688,-5.420876,-2744.583496,29.000767,-26.298141,-5033.525879,-0.871267,1.989961,805.350708,-2.198541,-5.501699,-2771.020508,29.064299,-26.121521,-4959.400391,-1.246139,5.293274,2220.267578,-2.539242,-3.923082,-2044.113647,29.058611,-25.782013,-4814.877930,-4.191582,0.858784,-1621.355225,5.773770,0.556660,337.843201,-5.989907,0.691223,2097.405029,5.967937,-3.575706,-800.767639,-16.961580,0.401306,-1582.946777,-10.433740,-1.262665,488.662689,68.764420,1.800537,180.053711,-10.398426,-0.638008,1748.193970,-3.228326,-3.019333,-1452.446045,73.690445,11.747742,2882.298096,1,1
154,1537,0.013047,0.516465,-0.287586,0.489555,-0.093987,-0.852596,-0.156788,0.013047,0.516465,-0.287586,0.489555,-0.093987,-0.852596,-0.156788,-0.005123,0.423518,-0.208041,0.317611,-0.383500,-0.632005,-0.593819,0.072601,0.422474,-0.341586,0.365414,-0.313113,-0.655304,-0.582245,-0.360653,0.418729,-0.419893,0.409616,0.196354,-0.841115,0.293573,-0.274925,0.367353,-0.560422,0.520296,0.107265,-0.783945,0.321273,-0.124755,0.117597,-0.277850,0.370469,0.090150,-0.915507,0.128345,-0.065083,0.058432,-0.395988,0.596930,0.087037,-0.797448,0.013299,0.119715,0.556329,-0.225816,0.483105,0.025655,-0.872852,0.063879,0.059578,0.718873,-0.267573,0.372881,0.265291,-0.752901,0.472991,-0.030688,0.768290,-0.329300,0.372881,0.265291,-0.752901,0.472991,-0.143520,0.830060,-0.406458,0.372881,0.265291,-0.752901,0.472991,-0.018652,0.761701,-0.321070,0.399636,0.391722,-0.728733,0.394707,-0.018652,0.761701,-0.321070,0.332090,0.114944,-0.769740,0.532921,-0.212135,0.796695,-0.252430,0.224556,-0.105996,-0.966322,-0.067540,-0.010409,0.787713,-0.522074,0.655013,0.064783,-0.743788,-0.116363,-0.302146,0.515105,-0.306838,0.423904,0.035360,-0.882457,-0.200809,-0.064440,0.502976,-0.604924,0.513592,-0.174286,-0.839146,-0.041014,-0.343569,0.301243,-0.398657,0.424728,-0.003042,-0.857204,-0.291201,-0.151274,0.283426,-0.593029,0.488125,-0.265742,-0.823674,-0.112588,0.000000,0.000000,0.000000,10.641031,-33.560753,3651.524170,-18.287052,43.639820,-4066.583740,-121.989227,28.012594,-1245.032349,61.714622,-26.102066,3098.360596,-2.414815,-13.690433,1551.880981,0.958937,-40.778049,-1364.348022,121.654999,-97.371422,68.579353,30.763550,-40.417671,-10417.270508,-19.414476,-13.171196,5877.081543,68.904243,-81.087746,-13481.309570,0.263678,-29.938042,-2073.340576,5.786824,-15.583117,1288.003418,130.888794,-160.776779,-15151.129883,23.125227,-16.548475,-3924.359375,-6.859900,11.109352,2474.546387,20.872118,-18.275896,-463.686920,63.310196,12.498219,4383.044434,4.803024,4.034678,-498.173004,-12.884737,-4.941145,1982.630737,17.257555,19.426346,-316.365570,-60.354282,0.969569,2665.180664,0.593885,-12.159934,-352.830078,-11.610417,17.350832,-405.650757,-0.152247,-1.023221,102.922401,-2.019439,-7.291833,-311.826324,28.877193,-20.595551,950.431824,-0.851595,3.278653,214.782043,-2.239426,-6.814123,-218.737198,28.942122,-20.362854,959.777832,-1.204962,6.862938,261.610748,-2.565583,-4.390160,-77.846291,28.938868,-19.957224,970.798157,-4.143142,8.073330,1202.424438,5.808856,5.847692,881.838806,-5.982907,1.166582,79.226494,5.955898,-2.006610,261.516052,-16.914753,7.804553,1233.874390,-10.410271,3.911495,862.360046,68.785172,3.458659,276.353638,-10.388809,1.602809,373.469452,-3.212403,2.653917,945.541504,73.658203,-5.373637,-2853.563232,1,1
155,1544,0.013047,0.521873,-0.287586,0.489467,-0.094355,-0.852939,-0.154963,0.013047,0.521873,-0.287586,0.489467,-0.094355,-0.852939,-0.154963,-0.005015,0.429191,-0.207707,0.317434,-0.383647,-0.631968,-0.593858,0.072715,0.427760,-0.341246,0.366629,-0.311635,-0.660266,-0.576641,-0.360533,0.424531,-0.419578,0.409664,0.196189,-0.841115,0.293615,-0.274180,0.366609,-0.559535,0.520517,0.106462,-0.783285,0.322789,-0.124722,0.123366,-0.277460,0.370703,0.090322,-0.915348,0.128683,-0.064209,0.058363,-0.394004,0.596940,0.086995,-0.797450,0.013004,0.119666,0.562086,-0.225957,0.483113,0.025420,-0.872762,0.065132,0.059429,0.724542,-0.268008,0.372933,0.265317,-0.752856,0.473007,-0.030846,0.773951,-0.329726,0.372933,0.265317,-0.752856,0.473007,-0.143690,0.835713,-0.406875,0.372933,0.265317,-0.752856,0.473007,-0.018810,0.767363,-0.321497,0.399415,0.391794,-0.728851,0.394641,-0.018810,0.767363,-0.321497,0.332092,0.114964,-0.769714,0.532953,-0.212415,0.802316,-0.253009,0.223416,-0.106153,-0.966503,-0.068471,-0.010564,0.793365,-0.522498,0.654964,0.064811,-0.743839,-0.116299,-0.302561,0.520846,-0.307979,0.423915,0.035359,-0.882416,-0.200966,-0.064550,0.508620,-0.605341,0.513499,-0.174246,-0.839209,-0.041051,-0.344017,0.307016,-0.399858,0.424742,-0.003092,-0.857145,-0.291352,-0.151378,0.289066,-0.593482,0.487985,-0.265842,-0.823704,-0.112744,0.000000,0.000000,0.000000,10.431410,-29.945919,516.404846,-18.219473,9.654181,-4855.090820,-121.977615,1.658848,-3764.820801,61.024940,-98.526001,-10346.276367,-2.417978,-0.451837,1891.227783,0.846580,-16.051029,3532.431396,120.924179,-104.402817,-1004.484985,30.860706,13.879503,7756.738770,-19.571127,-22.378649,-1315.350464,69.085884,25.948660,15290.915039,0.263980,0.043256,4283.042480,5.662939,-17.697880,-302.108887,130.900192,1.628331,23200.730469,23.076889,-6.905419,1377.579346,-6.822429,5.353110,-822.320251,20.874338,0.317165,2656.151611,63.308056,-0.305721,-1829.134155,4.811426,1.200199,-404.925537,-12.905215,-2.925464,287.954468,17.174786,-11.824199,-4464.363770,-60.230515,17.681122,2387.364746,0.588938,-0.706758,1636.168091,-11.612688,-0.324385,-2525.031006,-0.193086,-5.834060,-687.262817,-2.000784,2.665111,1422.420654,28.824039,-7.593427,1857.446167,-0.894738,-6.163393,-1348.863525,-2.242668,-0.463077,907.292175,28.887371,-7.821492,1791.623169,-1.239299,-4.905377,-1681.187866,-2.589405,-3.403255,140.986435,28.883125,-7.963181,1713.434692,-4.138995,0.592436,-1068.699097,5.805061,-0.542164,-912.836609,-5.994956,-1.721178,-412.537140,5.992229,5.190168,1028.111206,-16.910210,0.649044,-1022.215515,-10.412253,-0.283241,-599.248047,68.781448,-0.531878,-570.076660,-10.441230,-7.488659,-1298.781128,-3.205413,0.998463,-236.493393,73.745659,12.493678,2552.473389,1,1
156,1556,0.013047,0.522564,-0.287586,0.490011,-0.092974,-0.853138,-0.152971,0.013047,0.522564,-0.287586,0.490011,-0.092974,-0.853138,-0.152971,-0.004542,0.429962,-0.207509,0.323041,-0.381545,-0.634663,-0.589297,0.073103,0.428614,-0.341098,0.366162,-0.311781,-0.660488,-0.576605,-0.361333,0.419610,-0.417113,0.411036,0.198816,-0.840029,0.293042,-0.273708,0.367533,-0.559554,0.520786,0.105445,-0.783791,0.321457,-0.123746,0.119017,-0.276754,0.372290,0.090912,-0.914893,0.126913,-0.064822,0.058389,-0.394323,0.596978,0.087012,-0.797417,0.013110,0.119525,0.563382,-0.226111,0.483197,0.026427,-0.872584,0.066477,0.058905,0.725690,-0.268330,0.372875,0.265315,-0.752808,0.473131,-0.031371,0.775071,-0.330069,0.372875,0.265315,-0.752808,0.473131,-0.144216,0.836798,-0.407243,0.372875,0.265315,-0.752808,0.473131,-0.019334,0.768487,-0.321837,0.399368,0.391882,-0.728796,0.394701,-0.019334,0.768487,-0.321837,0.332085,0.114985,-0.769642,0.533057,-0.212963,0.803389,-0.253365,0.223283,-0.106028,-0.966545,-0.068507,-0.011115,0.794452,-0.522853,0.655090,0.064769,-0.743732,-0.116294,-0.303030,0.521903,-0.308391,0.423763,0.035523,-0.882494,-0.200913,-0.065112,0.509679,-0.605680,0.513166,-0.174241,-0.839433,-0.040653,-0.344391,0.308064,-0.400292,0.424605,-0.002884,-0.857221,-0.291333,-0.151845,0.290095,-0.593702,0.487515,-0.266900,-0.823768,-0.111807,0.000000,0.000000,0.000000,10.288721,-11.890729,1504.599243,-17.972078,20.616213,913.502625,-121.888359,7.438024,481.597992,61.310829,23.824057,10195.838867,-2.475870,-4.824320,-364.373627,0.755722,-7.571503,706.627197,120.731804,-16.031265,7364.296387,30.654484,-17.185211,-2588.726318,-19.585897,-1.230876,1762.314453,68.561523,-43.696720,-5803.781250,-0.056254,-26.686193,-2227.454346,5.444687,-18.187681,-40.816784,130.211563,-57.385761,-4917.840820,23.307724,19.236246,2178.472168,-6.966447,-12.001514,-1446.218750,20.857405,-1.411120,-144.023727,63.243114,-5.411784,-425.505249,4.955195,11.980771,898.381042,-12.917701,-1.040459,157.083786,17.170818,-0.330607,957.799316,-60.235836,-0.443459,-1510.381714,0.593294,0.363057,89.151222,-11.614193,-0.125408,16.581444,-0.184418,0.722321,546.365173,-2.020550,-1.647174,-359.357147,28.734278,-7.480145,9.440224,-0.874822,1.659701,651.924500,-2.255588,-1.076659,-51.131802,28.798637,-7.394473,35.584927,-1.212554,2.228777,594.512756,-2.591229,-0.151992,270.938599,28.795698,-7.285595,56.465466,-4.146009,-0.584523,-98.079918,5.811152,0.507514,87.473137,-5.984313,0.886877,217.337936,6.000000,0.647585,-378.548615,-16.919277,-0.755628,-117.055946,-10.414233,-0.164986,9.854634,68.792175,0.893911,118.815712,-10.447937,-0.558933,577.477234,-3.202111,0.275155,-60.275677,73.753708,0.670751,-985.243958,1,1
157,1569,0.013047,0.527951,-0.287586,0.491458,-0.091162,-0.853141,-0.149359,0.013047,0.527951,-0.287586,0.491458,-0.091162,-0.853141,-0.149359,-0.003680,0.435558,-0.207084,0.326079,-0.380096,-0.636330,-0.586758,0.073629,0.434208,-0.340867,0.366755,-0.309806,-0.666447,-0.570403,-0.361029,0.421908,-0.415615,0.411668,0.199293,-0.840084,0.291670,-0.272039,0.366336,-0.559182,0.520252,0.104217,-0.783247,0.324039,-0.123402,0.120797,-0.276439,0.372528,0.092372,-0.914630,0.127053,-0.063042,0.058373,-0.391899,0.596901,0.086973,-0.797480,0.013066,0.119391,0.569774,-0.226556,0.483938,0.027430,-0.871932,0.069187,0.058241,0.731805,-0.269302,0.373878,0.264399,-0.752012,0.474116,-0.032021,0.781078,-0.331147,0.373878,0.264399,-0.752012,0.474116,-0.144849,0.842671,-0.408454,0.373878,0.264399,-0.752012,0.474116,-0.019986,0.774509,-0.322901,0.400623,0.391031,-0.728132,0.395499,-0.019986,0.774509,-0.322901,0.332557,0.114457,-0.768809,0.534076,-0.213540,0.809652,-0.254388,0.223308,-0.106071,-0.966531,-0.068554,-0.011794,0.800096,-0.523992,0.654992,0.064800,-0.743797,-0.116414,-0.303643,0.528177,-0.309424,0.423887,0.035399,-0.882448,-0.200879,-0.065803,0.515400,-0.606931,0.512638,-0.174500,-0.839649,-0.041733,-0.345061,0.314329,-0.401279,0.424738,-0.003162,-0.857219,-0.291141,-0.152885,0.295931,-0.595375,0.487308,-0.266754,-0.823940,-0.111788,0.000000,0.000000,0.000000,9.983123,-23.507559,-893.602295,-17.599102,28.690487,621.098022,-121.660385,17.536457,776.802490,60.812744,-38.314232,-4779.868164,-2.691072,-16.554026,-902.285095,0.395240,-27.729378,-1550.605713,119.993950,-56.757999,-3132.825684,30.814589,12.315750,2269.304688,-19.849981,-20.314144,-1467.943848,68.561630,0.008216,3361.918213,-0.077946,-1.668652,1924.426270,5.299842,-11.141887,541.984192,129.630859,-44.669518,978.172607,23.089064,-16.820026,-2773.559570,-6.935358,2.391448,1107.151123,20.924980,5.198112,508.402466,63.185974,-4.395411,78.182480,4.986634,2.418371,-735.569214,-12.779965,10.595028,895.037415,17.156622,-1.092030,-58.571026,-60.227699,0.625904,82.258652,0.570713,-1.737035,-161.545563,-11.604614,0.736823,66.325508,-0.128367,4.311574,276.096375,-2.079521,-4.536225,-222.234695,28.590071,-11.092846,-277.900116,-0.792843,6.306098,357.415161,-2.280000,-1.877913,-61.634964,28.658152,-10.806597,-262.471100,-1.124086,6.805218,352.033997,-2.573378,1.373199,117.322395,28.658972,-10.517414,-248.601471,-4.154755,-0.672781,-6.789052,5.758591,-4.043139,-350.050171,-5.962884,1.648389,58.577843,5.999005,-0.076551,-55.702717,-16.941305,-1.694459,-72.217789,-10.510272,-7.387601,-555.585815,68.809341,1.320472,32.812416,-10.429319,1.432125,153.158295,-3.145389,4.363280,314.471161,73.898895,11.168260,807.500671,1,1
158,1575,0.013047,0.528008,-0.287586,0.491919,-0.090676,-0.852998,-0.148954,0.013047,0.528008,-0.287586,0.491919,-0.090676,-0.852998,-0.148954,-0.003488,0.435600,-0.207062,0.328677,-0.379064,-0.637642,-0.584546,0.073708,0.434342,-0.340911,0.366722,-0.309689,-0.666514,-0.570408,-0.361358,0.419204,-0.414535,0.412283,0.200618,-0.839486,0.291614,-0.271899,0.366419,-0.559305,0.520187,0.104171,-0.783356,0.323893,-0.122788,0.118501,-0.276090,0.372716,0.092181,-0.914652,0.126481,-0.063003,0.058368,-0.392059,0.596797,0.086845,-0.797571,0.013129,0.119387,0.569979,-0.226651,0.484674,0.028012,-0.871485,0.069434,0.057952,0.731952,-0.269223,0.375019,0.265624,-0.751292,0.473673,-0.032575,0.781171,-0.330724,0.375019,0.265624,-0.751292,0.473673,-0.145734,0.842695,-0.407600,0.375019,0.265624,-0.751292,0.473673,-0.020505,0.774609,-0.322524,0.401628,0.391867,-0.727393,0.395012,-0.020505,0.774609,-0.322524,0.333408,0.115348,-0.768339,0.534031,-0.213991,0.809683,-0.253546,0.223528,-0.106121,-0.966488,-0.068364,-0.012706,0.800157,-0.523565,0.655152,0.064718,-0.743687,-0.116259,-0.304108,0.528200,-0.308464,0.423730,0.035319,-0.882516,-0.200926,-0.066704,0.515440,-0.606401,0.512595,-0.174625,-0.839647,-0.041780,-0.345552,0.314363,-0.400331,0.424551,-0.003099,-0.857234,-0.291371,-0.153845,0.295995,-0.594838,0.487218,-0.266832,-0.823931,-0.112054,0.000000,0.000000,0.000000,9.958706,-4.069487,3239.678711,-17.532049,11.175473,-2919.169189,-121.595802,10.763804,-1128.775513,60.872429,9.947459,8043.615234,-2.747269,-9.366155,1197.978516,0.356096,-6.524017,3534.226807,119.968117,-4.305521,8742.079102,30.803846,-1.790365,-2351.019043,-19.827333,3.774643,4014.797852,68.242867,-53.127289,-8855.916992,-0.191607,-18.943424,-2879.128906,5.220757,-13.180972,-339.847565,129.326950,-50.651550,-997.005432,23.226271,22.867838,6614.644531,-7.094711,-26.558798,-4825.041016,20.945379,3.399849,-299.710510,63.162655,-3.886541,84.811806,4.969585,-2.841393,-876.627441,-12.799263,-3.216267,-2301.882568,17.181286,4.110654,867.114197,-60.267719,-6.669998,-1215.983643,0.592877,3.693968,905.167236,-11.617433,-2.136389,-478.868805,-0.110765,2.933769,-229.634140,-2.029160,8.393447,2154.945312,28.578989,-1.846949,1540.982788,-0.801107,-1.377463,-1280.593628,-2.227311,8.781592,1776.584351,28.646027,-2.020836,1464.293457,-1.156184,-5.349676,-2025.815552,-2.531109,7.044832,945.272034,28.644594,-2.396266,1353.524658,-4.088881,10.979016,1941.966187,5.755633,-0.492891,591.708069,-6.000000,-6.186008,-1305.733032,5.993560,-0.907421,-138.478394,-16.880060,10.207494,1983.658813,-10.532313,-3.673553,619.007996,68.818291,1.491547,28.512419,-10.504332,-12.502034,-2322.359863,-3.130334,2.509117,-309.027191,73.909966,1.845042,-1553.869629,1,1
159,1585,0.013047,0.533600,-0.287586,0.493025,-0.090526,-0.852506,-0.148207,0.013047,0.533600,-0.287586,0.493025,-0.090526,-0.852506,-0.148207,-0.003176,0.441235,-0.206950,0.332878,-0.377308,-0.638674,-0.582174,0.073692,0.439966,-0.340987,0.368270,-0.306605,-0.671029,-0.565767,-0.361819,0.421543,-0.412865,0.413171,0.202101,-0.839468,0.289377,-0.270687,0.366218,-0.559486,0.519502,0.104249,-0.783809,0.323872,-0.122761,0.120239,-0.276588,0.372485,0.092489,-0.914617,0.127188,-0.061901,0.058169,-0.392099,0.596460,0.085517,-0.797968,0.013015,0.119485,0.575749,-0.226945,0.485281,0.028227,-0.871115,0.069748,0.057975,0.737710,-0.269523,0.374894,0.265322,-0.751539,0.473549,-0.032488,0.786995,-0.331065,0.374894,0.265322,-0.751539,0.473549,-0.145567,0.848602,-0.407991,0.374894,0.265322,-0.751539,0.473549,-0.020427,0.780424,-0.322859,0.401643,0.391641,-0.727563,0.394908,-0.020427,0.780424,-0.322859,0.333284,0.115178,-0.768560,0.533827,-0.213916,0.815568,-0.253929,0.223349,-0.106121,-0.966521,-0.068484,-0.012600,0.805891,-0.523900,0.655357,0.064211,-0.743787,-0.114740,-0.304039,0.534087,-0.308917,0.423873,0.035413,-0.882470,-0.200807,-0.066252,0.520938,-0.605905,0.512643,-0.174586,-0.839628,-0.041728,-0.345436,0.320225,-0.400748,0.424707,-0.003040,-0.857208,-0.291220,-0.153366,0.301482,-0.594326,0.487303,-0.266732,-0.823935,-0.111894,0.000000,0.000000,0.000000,9.866411,-9.229469,-515.998230,-17.486853,4.519653,-665.581970,-121.437416,15.838623,507.481873,60.121346,-75.108337,-8505.580078,-2.990365,-24.309612,-1494.345825,0.260088,-9.600777,-307.675964,119.136871,-83.124542,-7881.902344,30.933222,12.937546,1472.791016,-19.718168,10.916519,714.187622,67.855774,-38.709259,1441.802979,-0.291563,-9.995596,894.782837,4.937253,-28.350399,-1516.942627,128.728256,-59.869385,-921.783386,22.970379,-25.589180,-4845.701660,-7.363540,-26.882935,-32.413673,20.973984,2.860451,-53.939819,63.221348,5.869293,975.583374,4.969117,-0.046825,279.456787,-12.784531,1.473236,468.950287,17.157328,-2.395821,-650.647522,-60.232445,3.527451,1019.744934,0.589385,-0.349182,-404.315002,-11.615317,0.211525,234.791458,-0.129504,-1.873978,-480.774750,-2.084455,-5.529547,-1392.299438,28.537905,-4.108429,-226.147980,-0.789921,1.118606,249.606964,-2.284667,-5.735660,-1451.725220,28.606127,-3.989983,-196.914673,-1.117566,3.861809,921.148560,-2.576125,-4.501653,-1154.648438,28.607258,-3.733635,-133.736923,-4.102728,-1.384735,-1236.375122,5.741753,-1.388073,-89.518227,-5.982932,1.706839,789.284729,5.976663,-1.689768,-78.234673,-16.859818,2.024269,-818.322449,-10.415224,11.708927,1538.248047,68.694939,-12.335205,-1382.675171,-10.503439,0.089264,1259.129761,-3.114571,1.576352,-93.276505,73.901886,-0.807953,-265.299469,1,1
160,1598,0.013047,0.536273,-0.287586,0.493593,-0.087888,-0.853199,-0.143848,0.013047,0.536273,-0.287586,0.493593,-0.087888,-0.853199,-0.143848,-0.002313,0.444163,-0.206490,0.336480,-0.374454,-0.642198,-0.578054,0.074527,0.442932,-0.340544,0.367298,-0.306032,-0.674315,-0.562792,-0.361126,0.418873,-0.411604,0.413249,0.202122,-0.839819,0.288229,-0.269026,0.366188,-0.559340,0.519117,0.102120,-0.784003,0.324696,-0.122355,0.117019,-0.276041,0.373078,0.093403,-0.914543,0.125301,-0.061335,0.058220,-0.390446,0.596514,0.085719,-0.797904,0.013127,0.119113,0.579686,-0.227187,0.485163,0.030102,-0.870875,0.072714,0.056843,0.741327,-0.270180,0.374824,0.265411,-0.751434,0.473721,-0.033637,0.790562,-0.331737,0.374824,0.265411,-0.751434,0.473721,-0.146738,0.852106,-0.408683,0.374824,0.265411,-0.751434,0.473721,-0.021573,0.783998,-0.323529,0.401582,0.391728,-0.727457,0.395079,-0.021573,0.783998,-0.323529,0.333250,0.115195,-0.768445,0.534011,-0.215081,0.819095,-0.254619,0.223309,-0.106094,-0.966539,-0.068404,-0.013698,0.809569,-0.524575,0.655092,0.064777,-0.743728,-0.116305,-0.305176,0.537607,-0.309574,0.423800,0.035359,-0.882495,-0.200863,-0.067686,0.524859,-0.607452,0.512652,-0.174620,-0.839616,-0.041716,-0.346598,0.323757,-0.401420,0.424627,-0.003097,-0.857213,-0.291321,-0.154810,0.305408,-0.595858,0.487324,-0.266715,-0.823934,-0.111857,0.000000,0.000000,0.000000,9.551274,-22.509779,-948.593567,-16.976274,36.469868,2282.158203,-121.328148,7.804871,-573.839478,60.280899,11.396681,6178.930176,-3.097452,-7.649047,1190.040283,-0.059355,-22.817377,-944.042908,118.697342,-31.394958,3694.970215,30.842396,-6.487574,-1387.508545,-19.992897,-19.623484,-2181.428711,67.653305,-14.462062,1731.942505,-0.384323,-6.625754,240.702972,4.805387,-9.418930,1352.247803,127.812134,-65.437317,-397.709442,22.987045,1.190458,1912.831299,-7.215812,10.552032,2673.926270,20.944469,-2.108165,-354.901154,63.174076,-3.376552,-660.417542,4.965384,-0.266688,-15.704485,-12.778820,0.407900,-76.095421,17.171526,1.014165,243.570358,-60.237049,-0.328881,-275.452301,0.590393,0.071990,30.083681,-11.620624,-0.379017,-42.181599,-0.120216,0.663441,181.244247,-2.094518,-0.718730,343.629791,28.348354,-13.539314,-673.634705,-0.770887,1.359612,17.214672,-2.288428,-0.268579,390.505798,28.417505,-13.472966,-677.355957,-1.092414,1.796561,-147.517731,-2.570422,0.407372,350.644623,28.419796,-13.390132,-689.749817,-4.099438,0.235013,115.696274,5.753894,0.867265,161.095551,-5.983984,-0.075170,-127.286324,5.979677,0.215292,136.075699,-16.889574,-2.125468,-296.409729,-10.529320,-8.149692,-1418.472778,68.814384,8.531843,1490.503540,-10.505641,-0.157288,-17.610861,-3.122467,-0.563996,-152.882034,73.913559,0.833784,117.266907,1,1
161,1628,0.013047,0.542461,-0.287586,0.494677,-0.089169,-0.852602,-0.142875,0.013047,0.542461,-0.287586,0.494677,-0.089169,-0.852602,-0.142875,-0.002165,0.450575,-0.206209,0.338777,-0.372844,-0.643999,-0.575746,0.074274,0.448922,-0.340487,0.367951,-0.304763,-0.679353,-0.556966,-0.361117,0.422131,-0.410699,0.413269,0.203481,-0.839318,0.288703,-0.268390,0.366271,-0.558574,0.519562,0.100245,-0.783783,0.325100,-0.121341,0.120958,-0.275394,0.372965,0.093302,-0.914564,0.125553,-0.061615,0.058207,-0.388736,0.596384,0.085886,-0.797986,0.012980,0.119337,0.585921,-0.227615,0.486072,0.029420,-0.870353,0.073170,0.057139,0.747570,-0.270714,0.374865,0.265296,-0.751583,0.473515,-0.033316,0.796867,-0.332259,0.374865,0.265296,-0.751583,0.473515,-0.146385,0.858487,-0.409190,0.374865,0.265296,-0.751583,0.473515,-0.021256,0.790294,-0.324053,0.401626,0.391606,-0.727599,0.394894,-0.021256,0.790294,-0.324053,0.333295,0.115116,-0.768586,0.533795,-0.214748,0.825451,-0.255136,0.223312,-0.106134,-0.966530,-0.068467,-0.013367,0.815934,-0.525090,0.655072,0.064783,-0.743739,-0.116342,-0.304873,0.543973,-0.310118,0.423820,0.035368,-0.882490,-0.200839,-0.067366,0.531229,-0.607984,0.512692,-0.174602,-0.839595,-0.041726,-0.346289,0.330117,-0.401956,0.424649,-0.003077,-0.857221,-0.291268,-0.154485,0.311777,-0.596394,0.487358,-0.266708,-0.823911,-0.111894,0.000000,0.000000,0.000000,9.355882,-6.737676,543.865601,-17.061977,-2.955272,-1359.487549,-121.162094,5.725992,-71.685463,59.458633,-28.353987,-1370.712646,-3.279102,-6.263807,47.766884,-0.268670,-7.217779,537.917175,117.798187,-31.005333,13.435364,30.730921,-3.843965,91.158928,-20.181858,-6.515898,451.985718,67.231453,-14.546624,-2.915941,-0.287319,3.344998,343.819061,4.548713,-8.850838,19.589392,127.508118,-10.483315,1894.965698,23.091398,3.598378,83.031715,-7.375020,-5.489941,-553.171448,20.940741,-0.128582,68.261505,63.181309,0.249402,125.032906,4.964272,-0.038344,7.873928,-12.782465,-0.125688,-18.399580,17.161879,-0.332668,-46.442501,-60.234695,0.081161,14.139393,0.590317,-0.002623,-2.572836,-11.616828,0.130884,17.582792,-0.189203,-2.378851,-104.906631,-2.131648,-1.280341,-19.365891,28.328836,-0.673031,443.664948,-0.813496,-1.469269,-97.547615,-2.353736,-2.252020,-68.394524,28.397188,-0.700589,440.426788,-1.098314,-0.203441,-68.965569,-2.648232,-2.683121,-106.568748,28.400711,-0.658101,439.035553,-4.101840,-0.082838,-10.960370,5.747156,-0.232351,-37.917789,-5.983587,0.013697,3.064369,5.973287,-0.220348,-15.022072,-16.887112,0.084910,76.219910,-10.516686,0.435632,296.045624,68.794098,-0.699537,-318.323456,-10.503735,0.065738,7.690548,-3.113510,0.308842,30.097885,73.896370,-0.592725,-49.189964,1,1
162,1635,0.013047,0.544782,-0.287586,0.495288,-0.086207,-0.853268,-0.138532,0.013047,0.544782,-0.287586,0.495288,-0.086207,-0.853268,-0.138532,-0.001255,0.453126,-0.205786,0.343329,-0.369216,-0.647344,-0.571621,0.075158,0.451598,-0.340081,0.367989,-0.303983,-0.681937,-0.554202,-0.360288,0.418682,-0.409315,0.413184,0.204350,-0.839760,0.286921,-0.266900,0.366063,-0.558025,0.519316,0.099439,-0.783613,0.326149,-0.120459,0.116937,-0.275389,0.373385,0.094710,-0.914310,0.125101,-0.060279,0.058437,-0.387209,0.596946,0.087072,-0.797432,0.013300,0.118930,0.589537,-0.227849,0.485796,0.031971,-0.870162,0.076144,0.055741,0.750790,-0.271257,0.373768,0.266403,-0.751567,0.473787,-0.034812,0.799883,-0.332819,0.373768,0.266403,-0.751567,0.473787,-0.148004,0.861250,-0.409772,0.373768,0.266403,-0.751567,0.473787,-0.022738,0.793338,-0.324611,0.400737,0.392606,-0.727292,0.395369,-0.022738,0.793338,-0.324611,0.332623,0.115646,-0.768599,0.534082,-0.216336,0.828104,-0.255751,0.223358,-0.106174,-0.966515,-0.068461,-0.014783,0.818921,-0.525631,0.654984,0.064579,-0.743830,-0.116373,-0.306487,0.546633,-0.310720,0.423862,0.035342,-0.882459,-0.200893,-0.068870,0.534297,-0.608507,0.511646,-0.176660,-0.839761,-0.042560,-0.347929,0.332788,-0.402571,0.424682,-0.003038,-0.857196,-0.291292,-0.156965,0.315237,-0.596857,0.486747,-0.265421,-0.824521,-0.113109,0.000000,0.000000,0.000000,9.062803,-41.868347,-5018.667480,-16.519480,77.499657,11493.560547,-121.051422,15.810286,1440.613281,59.650169,27.362278,7959.465820,-3.310440,-4.476854,255.279068,-0.493065,-32.056374,-3548.370605,117.463120,-47.866821,-2408.783936,30.661453,-9.923935,-868.567017,-20.448423,-38.080757,-4509.265625,66.987122,-34.904480,-2908.265381,-0.395217,-15.414008,-2679.857910,4.321453,-32.465733,-3373.556396,126.528748,-139.910019,-18489.527344,22.905172,-26.603699,-4314.582520,-7.338569,5.207266,1528.172485,21.189226,35.497936,5089.502930,63.007305,-24.857656,-3586.722656,4.621380,-48.984459,-6992.301758,-12.607012,25.064741,3598.632812,17.167637,0.822612,165.040024,-60.232273,0.346048,37.840942,0.596212,0.842222,120.692116,-11.610425,0.914710,111.975197,-0.216566,-3.909034,-218.597626,-2.143497,-1.692772,-58.918751,28.163660,-23.596628,-3274.799561,-0.826703,-1.886742,-59.639076,-2.376479,-3.248998,-142.425507,28.231890,-23.614065,-3273.353760,-1.093318,0.713740,131.025864,-2.674381,-3.735542,-150.345840,28.236259,-23.493086,-3262.140869,-4.077053,3.541061,517.699829,5.830142,11.855125,1726.782349,-5.987816,-0.604221,-88.273933,5.947684,-3.657545,-491.028168,-16.881975,0.733784,92.696335,-10.519178,-0.355993,-113.089256,68.905281,15.883309,2368.978027,-10.516746,-1.858711,-274.921295,-3.202041,-12.647220,-1850.866089,73.944878,6.929670,1074.627808,1,1
163,1641,0.013047,0.551273,-0.287586,0.495728,-0.084309,-0.853298,-0.137939,0.013047,0.551273,-0.287586,0.495728,-0.084309,-0.853298,-0.137939,-0.000868,0.459484,-0.205867,0.345551,-0.367590,-0.648503,-0.570014,0.075510,0.458383,-0.340187,0.369878,-0.301438,-0.686958,-0.548100,-0.359973,0.422595,-0.408885,0.413205,0.204988,-0.839962,0.285841,-0.265379,0.366145,-0.557275,0.519481,0.098972,-0.783584,0.326098,-0.120029,0.120542,-0.275859,0.374945,0.094222,-0.913832,0.124294,-0.059031,0.058413,-0.386317,0.596949,0.087006,-0.797438,0.013231,0.118771,0.596390,-0.227838,0.485783,0.033206,-0.870096,0.076447,0.055302,0.757586,-0.271152,0.373916,0.266246,-0.751646,0.473633,-0.035231,0.806734,-0.332700,0.373916,0.266246,-0.751646,0.473633,-0.148398,0.868170,-0.409635,0.373916,0.266246,-0.751646,0.473633,-0.023160,0.800181,-0.324494,0.400881,0.392447,-0.727385,0.395210,-0.023160,0.800181,-0.324494,0.332696,0.115620,-0.768690,0.533911,-0.216733,0.835019,-0.255611,0.223394,-0.106163,-0.966509,-0.068450,-0.015216,0.825837,-0.525509,0.655005,0.064754,-0.743801,-0.116344,-0.306879,0.553541,-0.310571,0.423890,0.035362,-0.882459,-0.200830,-0.069219,0.541224,-0.608441,0.511548,-0.176831,-0.839780,-0.042653,-0.348303,0.339684,-0.402400,0.424718,-0.003087,-0.857193,-0.291249,-0.157400,0.322199,-0.596798,0.486678,-0.265398,-0.824560,-0.113181,0.000000,0.000000,0.000000,9.100928,6.354173,8037.086426,-16.298571,36.818188,-6780.244629,-120.996552,9.145101,-1110.864136,58.841160,-134.834915,-27032.865234,-3.277993,5.407850,1647.450684,-0.822411,-54.890972,-3805.766357,116.463768,-166.558578,-19781.958984,30.629742,-5.285263,773.112000,-20.481106,-5.447070,5438.947754,66.809624,-29.582977,886.917175,-0.457430,-10.368903,840.850830,4.320470,-0.163794,5383.656738,126.113060,-69.281258,11771.459961,22.924295,3.187180,4965.146484,-7.356218,-2.941449,-1358.119263,21.233702,7.412592,-4680.890625,62.979683,-4.603704,3375.658447,4.604607,-2.795537,7698.153809,-12.592572,2.406597,-3776.357422,17.162067,-0.928243,-291.809204,-60.234215,-0.323613,-111.610176,0.590270,-0.990321,-305.423889,-11.615874,-0.908216,-303.820953,-0.162353,9.035563,2157.432861,-2.165852,-3.725847,-338.845764,28.096561,-11.183103,2068.920898,-0.766115,10.098041,1997.463867,-2.370494,0.997543,707.756897,28.167278,-10.768573,2140.915283,-1.040316,8.833627,1353.314331,-2.640481,5.650043,1564.264282,28.173548,-10.451953,2173.522217,-4.083519,-1.077572,-769.772217,5.810899,-3.207207,-2510.388672,-5.986961,0.142495,124.452606,5.944341,-0.557105,516.740051,-16.881954,0.003497,-121.714569,-10.511665,1.252174,268.027893,68.873260,-5.336761,-3536.678467,-10.513855,0.481764,390.079315,-3.186331,2.618273,2544.248779,73.925476,-3.233592,-1693.876953,1,1
164,1646,0.013047,0.551494,-0.287586,0.496133,-0.083139,-0.853471,-0.136119,0.013047,0.551494,-0.287586,0.496133,-0.083139,-0.853471,-0.136119,-0.000465,0.459809,-0.205684,0.347336,-0.366518,-0.650314,-0.567551,0.075849,0.458750,-0.340039,0.370425,-0.301920,-0.686931,-0.547499,-0.359675,0.419999,-0.408000,0.413571,0.205372,-0.839589,0.286132,-0.265366,0.366209,-0.556485,0.520131,0.099146,-0.783022,0.326360,-0.119345,0.118217,-0.275058,0.374884,0.093978,-0.913991,0.123494,-0.058663,0.058650,-0.385648,0.596928,0.086760,-0.797459,0.014473,0.118622,0.597143,-0.227979,0.485873,0.034049,-0.869902,0.077703,0.054809,0.758191,-0.271455,0.374010,0.266307,-0.751490,0.473772,-0.035748,0.807300,-0.332999,0.374010,0.266307,-0.751490,0.473772,-0.148945,0.868686,-0.409930,0.374010,0.266307,-0.751490,0.473772,-0.023674,0.800752,-0.324794,0.400958,0.393092,-0.727183,0.394863,-0.023674,0.800752,-0.324794,0.332702,0.115706,-0.768565,0.534068,-0.217057,0.835559,-0.255515,0.225284,-0.107759,-0.965784,-0.069980,-0.015756,0.826347,-0.525813,0.655025,0.064787,-0.743822,-0.116077,-0.308398,0.554616,-0.310998,0.423668,0.035095,-0.881753,-0.204413,-0.069650,0.541703,-0.608643,0.511631,-0.176866,-0.839719,-0.042702,-0.350632,0.341498,-0.404169,0.424373,-0.001383,-0.856969,-0.292420,-0.157856,0.322688,-0.597001,0.486719,-0.265487,-0.824481,-0.113373,0.000000,0.000000,0.000000,8.972018,-25.782013,-6427.237305,-16.079987,43.716812,1379.724854,-120.929955,13.319397,834.859253,59.048325,41.432953,35253.574219,-3.201661,15.266418,1971.713623,-0.852968,-6.111336,9755.927734,116.454224,-1.908875,32929.941406,30.550407,-15.866852,-2116.317871,-20.361877,23.845673,5858.548340,66.647438,-32.437134,-570.831299,-0.521188,-12.751687,-476.556793,4.307611,-2.571869,-481.615082,125.754227,-71.766663,-497.080994,23.076168,30.374527,5437.469727,-7.407390,-10.234356,-1458.581299,21.258394,4.938507,-494.817078,62.995842,3.231812,1567.103149,4.600288,-0.863838,386.339813,-12.610997,-3.684998,-1218.318970,17.382715,44.129562,9011.560547,-60.335228,-20.202637,-3975.804688,0.673207,16.587364,3515.537109,-11.265026,70.169640,14215.572266,-0.152290,2.012509,-1404.610596,-2.174746,-1.778698,389.429718,28.019039,-15.504456,-864.270630,-0.750446,3.133762,-1392.855713,-2.373264,-0.553942,-310.297028,28.090508,-15.354156,-917.116699,-1.022354,3.592419,-1048.241455,-2.635432,1.009703,-928.068176,28.097589,-15.191650,-947.939453,-4.080510,0.601673,335.849121,5.804480,-1.283836,384.674072,-5.914780,14.436340,2858.769043,5.994169,9.965611,2104.543213,-16.877399,0.910950,181.490570,-10.511654,0.002289,-249.977097,68.864311,-1.789856,709.381104,-10.461787,10.413551,1986.357178,-3.329898,-28.713415,-6266.337402,74.133705,41.645813,8975.880859,1,1
165,1655,0.013047,0.560504,-0.287586,0.497309,-0.082524,-0.853433,-0.132388,0.013047,0.560504,-0.287586,0.497309,-0.082524,-0.853433,-0.132388,0.000203,0.469208,-0.205143,0.351984,-0.363540,-0.653845,-0.562524,0.076188,0.467789,-0.339682,0.371530,-0.299509,-0.694310,-0.538696,-0.359190,0.423047,-0.405881,0.414333,0.205789,-0.839624,0.284623,-0.263309,0.366329,-0.554884,0.520431,0.096668,-0.782849,0.327038,-0.118883,0.120683,-0.274228,0.376184,0.093604,-0.913576,0.122893,-0.057821,0.058735,-0.382647,0.596828,0.087096,-0.797493,0.014683,0.118536,0.607016,-0.228498,0.486091,0.034505,-0.869591,0.079607,0.054533,0.767988,-0.272288,0.373098,0.265250,-0.752854,0.472917,-0.035740,0.817426,-0.333985,0.373098,0.265250,-0.752854,0.472917,-0.148582,0.879224,-0.411107,0.373098,0.265250,-0.752854,0.472917,-0.023703,0.810834,-0.325759,0.400481,0.392175,-0.728249,0.394294,-0.023703,0.810834,-0.325759,0.331765,0.114961,-0.769896,0.532894,-0.217066,0.845905,-0.256715,0.225172,-0.107682,-0.965821,-0.069946,-0.015262,0.836888,-0.526705,0.654239,0.065356,-0.744562,-0.115449,-0.308353,0.564969,-0.312207,0.423567,0.035273,-0.881673,-0.204937,-0.068615,0.552177,-0.609529,0.511665,-0.176843,-0.839712,-0.042542,-0.350608,0.351963,-0.405621,0.424397,-0.001712,-0.857118,-0.291947,-0.156776,0.333147,-0.597825,0.486767,-0.265400,-0.824505,-0.113192,0.000000,0.000000,0.000000,8.600769,-37.124920,-1134.290771,-15.815048,26.493835,-1722.297607,-120.736732,19.322205,600.280762,58.166065,-88.225937,-12965.888672,-3.347215,-14.555384,-2982.180176,-1.208257,-35.528996,-2941.766113,115.112648,-134.157562,-13224.869141,30.380089,-17.031860,-116.500854,-20.625847,-26.396942,-5024.261230,66.150703,-49.673462,-1723.632812,-0.567516,-4.632777,811.890991,3.990700,-31.691050,-2911.918213,124.721085,-103.314209,-3154.754639,23.014847,-6.132126,-3650.665283,-7.459550,-5.216074,501.828186,21.325031,6.663704,172.519684,63.112812,11.697006,846.519409,4.594682,-0.560570,30.326843,-12.604626,0.637150,432.214752,17.452995,7.028008,-3710.155518,-60.316113,1.911545,2211.418213,0.568985,-10.422254,-2700.961670,-11.183898,8.112812,-6205.682617,-0.236560,-8.426991,-1043.950073,-2.256739,-8.199358,-642.066040,27.823008,-19.603157,-409.870178,-0.780243,-2.979726,-611.348755,-2.484529,-11.126542,-1057.260010,27.894951,-19.555664,-420.150787,-0.989539,3.281474,-31.094503,-2.747810,-11.237788,-1224.749146,27.905800,-19.178963,-398.731232,-4.110367,-2.985668,-358.734131,5.749347,-5.513239,-422.940247,-5.876508,3.827190,-1060.915039,5.918589,-7.558060,-1752.366943,-16.863291,1.410866,49.991608,-10.394299,11.735535,1173.324585,68.687057,-17.725372,-1593.551636,-10.414583,4.720402,-569.314941,-3.293154,3.674364,3238.777832,73.991714,-14.199066,-5584.487793,1,1
166,1668,0.013047,0.560041,-0.287586,0.496672,-0.080147,-0.854185,-0.131384,0.013047,0.560041,-0.287586,0.496672,-0.080147,-0.854185,-0.131384,0.000472,0.468653,-0.205204,0.352024,-0.363351,-0.654329,-0.562057,0.076772,0.467662,-0.339568,0.371684,-0.299598,-0.694497,-0.538299,-0.358848,0.421953,-0.405957,0.414283,0.205586,-0.839635,0.284811,-0.262766,0.365888,-0.554557,0.520499,0.096803,-0.782533,0.327647,-0.118627,0.119610,-0.274096,0.376545,0.093505,-0.913468,0.122664,-0.056944,0.058650,-0.382086,0.596822,0.086850,-0.797529,0.014432,0.118166,0.607060,-0.228240,0.485221,0.036077,-0.869931,0.080497,0.053721,0.767858,-0.272106,0.372776,0.265516,-0.752672,0.473312,-0.036587,0.817173,-0.333851,0.372776,0.265516,-0.752672,0.473312,-0.149473,0.878816,-0.411032,0.372776,0.265516,-0.752672,0.473312,-0.024546,0.810597,-0.325618,0.399965,0.391842,-0.728252,0.395141,-0.024546,0.810597,-0.325618,0.331537,0.115104,-0.769708,0.533276,-0.218169,0.845787,-0.257069,0.222948,-0.108462,-0.966297,-0.069288,-0.016037,0.836741,-0.526576,0.653957,0.066091,-0.744472,-0.117193,-0.309659,0.565034,-0.312326,0.422181,0.035344,-0.881536,-0.208348,-0.069720,0.552326,-0.610417,0.511648,-0.176905,-0.839692,-0.042879,-0.352422,0.352755,-0.407155,0.423282,-0.001993,-0.857818,-0.291509,-0.157982,0.333330,-0.598833,0.486811,-0.265580,-0.824430,-0.113121,0.000000,0.000000,0.000000,8.645052,4.025719,3740.967041,-15.511431,27.601591,100.705055,-120.827301,-8.233504,-2505.064453,58.354019,17.086723,9573.878906,-3.151324,17.808243,2942.147705,-1.347824,-12.687835,2076.468994,115.142052,2.673062,12439.147461,30.479956,9.078806,2373.697021,-20.633707,-0.714562,2334.761963,66.315109,14.945984,5874.495117,-0.709312,-12.890518,-750.703735,4.157681,15.180045,4261.008301,124.648918,-6.560585,8795.784180,23.053213,3.487847,874.543030,-7.408556,4.635898,895.633789,21.320324,-0.427940,-644.694885,63.051765,-5.549691,-1567.881592,4.630580,3.263474,347.640289,-12.571817,2.982573,213.220306,17.945587,44.781078,3432.097412,-60.094910,20.109350,1654.345825,0.322735,-22.386343,-1087.644531,-10.793684,35.473995,2487.380371,-0.176038,5.502055,1266.276978,-2.236394,1.849565,913.538452,27.765604,-5.218506,1307.695557,-0.734124,4.192656,652.034668,-2.438033,4.226902,1395.767578,27.838953,-5.090714,1314.995483,-0.968285,1.932188,-122.662430,-2.684968,5.712986,1540.979614,27.849785,-5.092274,1280.608154,-4.108338,0.184406,288.188568,5.774436,2.280756,708.544983,-5.968290,-8.343870,-1106.460083,5.905853,-1.157804,581.841431,-16.903620,-3.666271,-461.557922,-10.531863,-12.505878,-2203.764893,68.845093,14.366843,2917.474365,-10.509107,-8.593040,-1210.312866,-3.319914,-2.432693,-555.187073,74.006943,1.384388,1416.677612,1,1
167,1675,0.013047,0.562493,-0.287586,0.497813,-0.079297,-0.853806,-0.130039,0.013047,0.562493,-0.287586,0.497813,-0.079297,-0.853806,-0.130039,0.000939,0.471164,-0.205068,0.353713,-0.362177,-0.656263,-0.559494,0.076931,0.470247,-0.339608,0.371805,-0.298641,-0.696263,-0.536463,-0.358361,0.421439,-0.405170,0.414600,0.205592,-0.839457,0.284871,-0.261995,0.366421,-0.554597,0.520344,0.096077,-0.782966,0.327071,-0.118067,0.119128,-0.273369,0.376264,0.093430,-0.913582,0.122740,-0.056883,0.058751,-0.382051,0.597052,0.087082,-0.797325,0.014742,0.118160,0.609901,-0.228539,0.485809,0.036767,-0.869509,0.081187,0.053487,0.770636,-0.272411,0.372831,0.265351,-0.752857,0.473067,-0.036788,0.820027,-0.334143,0.372831,0.265351,-0.752857,0.473067,-0.149632,0.881766,-0.411310,0.372831,0.265351,-0.752857,0.473067,-0.024752,0.813442,-0.325912,0.400046,0.391667,-0.728418,0.394927,-0.024752,0.813442,-0.325912,0.331556,0.114957,-0.769893,0.533029,-0.218353,0.848705,-0.257354,0.222965,-0.108424,-0.966297,-0.069284,-0.016195,0.839635,-0.526853,0.653848,0.065999,-0.744606,-0.117000,-0.309820,0.567955,-0.312619,0.422112,0.035471,-0.881509,-0.208580,-0.069830,0.555177,-0.610587,0.511583,-0.176837,-0.839756,-0.042670,-0.352570,0.355726,-0.407566,0.423268,-0.002111,-0.857838,-0.291468,-0.158018,0.336154,-0.598944,0.486724,-0.265366,-0.824542,-0.113183,0.000000,0.000000,0.000000,8.534622,-13.803720,-2228.679932,-15.359737,18.961668,-1079.990356,-120.664169,20.391464,3578.121094,58.233952,-15.008450,-4011.896729,-3.316081,-20.594597,-4800.354980,-1.492905,-18.135204,-680.921204,114.743446,-49.825668,-6562.341309,30.340811,-17.393112,-3308.989746,-20.700575,-8.358479,-955.489502,66.070244,-30.608177,-5694.270020,-0.656433,6.609820,2437.542236,4.176242,2.320170,-1607.484375,124.223099,-53.227425,-5833.354980,23.059576,0.795364,-336.560333,-7.449690,-5.141854,-1222.218994,21.302349,-2.246857,-227.364624,63.070885,2.389908,992.449829,4.601155,-3.678203,-867.709534,-12.588841,-2.128005,-638.822266,17.976816,3.903627,-5109.681152,-60.095501,-0.073910,-2522.907471,0.282876,-4.982345,2175.500000,-10.777035,2.081156,-4174.104492,-0.179443,-0.425633,-740.960938,-2.283628,-5.904287,-969.231506,27.689552,-9.506464,-535.994751,-0.712604,2.690032,-187.827942,-2.481090,-5.382151,-1201.131592,27.764444,-9.313583,-527.858765,-0.926391,5.236730,413.067810,-2.712880,-3.489107,-1150.261597,27.777792,-8.999109,-488.354370,-4.106017,0.290215,13.226134,5.763810,-1.328170,-451.115723,-5.966705,0.198185,1067.756836,5.895398,-1.306832,-18.628479,-16.891428,1.523972,648.780334,-10.504041,3.477812,1997.961304,68.805344,-4.968643,-2416.936035,-10.504915,0.523925,1139.620483,-3.302601,2.164185,574.609741,73.976234,-3.838539,-652.865967,1,1
168,1684,0.013047,0.569700,-0.287586,0.499186,-0.078705,-0.853266,-0.128669,0.013047,0.569700,-0.287586,0.499186,-0.078705,-0.853266,-0.128669,0.001424,0.478455,-0.204906,0.355470,-0.360115,-0.657661,-0.558068,0.077021,0.477550,-0.339668,0.372962,-0.296326,-0.702357,-0.528947,-0.357567,0.426250,-0.404976,0.414099,0.205727,-0.840101,0.283599,-0.260278,0.366103,-0.553429,0.520306,0.094580,-0.782613,0.328411,-0.117619,0.123375,-0.273843,0.377448,0.091770,-0.913361,0.121995,-0.055590,0.058930,-0.379499,0.597370,0.088330,-0.796949,0.014815,0.118208,0.617468,-0.228915,0.486917,0.037937,-0.868768,0.081942,0.052993,0.778051,-0.272592,0.372921,0.267241,-0.752429,0.472612,-0.037565,0.827304,-0.334019,0.372921,0.267241,-0.752429,0.472612,-0.150763,0.888870,-0.410803,0.372921,0.267241,-0.752429,0.472612,-0.025491,0.820736,-0.325829,0.399856,0.393484,-0.727875,0.394314,-0.025491,0.820736,-0.325829,0.331766,0.116135,-0.769708,0.532911,-0.219264,0.855572,-0.257031,0.221754,-0.108693,-0.966475,-0.070264,-0.017211,0.846972,-0.526698,0.653909,0.065873,-0.744564,-0.116997,-0.310912,0.574985,-0.312909,0.421817,0.036474,-0.881317,-0.209808,-0.070895,0.562570,-0.610418,0.511108,-0.177280,-0.839897,-0.043736,-0.353465,0.363026,-0.408546,0.423266,-0.002201,-0.857853,-0.291427,-0.159497,0.343695,-0.599143,0.486593,-0.265186,-0.824684,-0.113133,0.000000,0.000000,0.000000,8.403129,-14.610395,-89.630547,-15.234654,13.898108,-562.617859,-120.468010,21.795485,156.002258,57.289173,-104.975380,-9996.326172,-3.446079,-14.444219,683.375366,-1.888545,-43.959961,-2869.417236,113.708183,-115.029228,-7244.839844,30.255735,-9.452820,882.254700,-21.036882,-37.367504,-3223.225098,65.887184,-20.339966,1140.912354,-0.473109,20.369375,1528.839478,4.048397,-14.205032,-1836.133667,123.746033,-53.007339,24.453905,23.084755,2.797657,222.476898,-7.532176,-9.165128,-447.030396,21.384800,9.161207,1267.562622,63.003593,-7.476807,-1096.301636,4.610604,1.049889,525.343567,-12.436378,16.940435,2118.715576,18.047377,7.840051,437.380371,-59.931194,18.256294,2036.689209,0.102986,-19.987753,-1667.267578,-10.697904,8.792347,745.687927,-0.229255,-5.534707,-567.674927,-2.277422,0.689586,732.652588,27.660860,-3.188027,702.048523,-0.758474,-5.096714,-865.193970,-2.498558,-1.940833,382.368622,27.733997,-3.383001,658.953674,-0.957598,-3.467374,-967.122742,-2.749540,-4.073249,-64.904663,27.746481,-3.479004,613.345032,-4.032927,8.121067,870.094666,5.821040,6.358835,854.111694,-5.979218,-1.390351,-176.504074,5.927187,3.532092,537.658142,-16.833012,6.490707,551.859558,-10.510858,-0.757429,-470.582306,68.880753,8.378771,1483.046021,-10.663228,-17.590311,-2012.692749,-3.348521,-5.102211,-807.377258,74.074913,10.964288,1644.758545,1,1
169,1702,0.013047,0.569788,-0.287586,0.498818,-0.077835,-0.853754,-0.127384,0.013047,0.569788,-0.287586,0.498818,-0.077835,-0.853754,-0.127384,0.001581,0.478636,-0.204782,0.357546,-0.358810,-0.659778,-0.555076,0.077334,0.477736,-0.339456,0.372670,-0.296770,-0.702704,-0.528443,-0.357400,0.422953,-0.403967,0.414513,0.206349,-0.839540,0.284203,-0.260030,0.366083,-0.553010,0.520642,0.093788,-0.782564,0.328220,-0.116820,0.120578,-0.272838,0.377525,0.091265,-0.913470,0.121315,-0.055833,0.058680,-0.378908,0.596966,0.086852,-0.797419,0.014557,0.118009,0.617933,-0.228868,0.486487,0.038511,-0.868891,0.082922,0.052558,0.778391,-0.272724,0.372748,0.267344,-0.752340,0.472832,-0.038013,0.827581,-0.334183,0.372748,0.267344,-0.752340,0.472832,-0.151228,0.889068,-0.411007,0.372748,0.267344,-0.752340,0.472832,-0.025937,0.821023,-0.325989,0.399750,0.393625,-0.727742,0.394526,-0.025937,0.821023,-0.325989,0.331668,0.116603,-0.769619,0.532998,-0.219722,0.855782,-0.257201,0.221853,-0.108618,-0.966469,-0.070150,-0.017829,0.847371,-0.526902,0.654521,0.066634,-0.743940,-0.117107,-0.311321,0.575180,-0.313022,0.421751,0.036390,-0.881338,-0.209869,-0.071285,0.563026,-0.610913,0.511387,-0.176875,-0.839795,-0.044085,-0.353912,0.363234,-0.408670,0.423196,-0.002326,-0.857854,-0.291524,-0.159814,0.344111,-0.599844,0.487166,-0.262884,-0.824926,-0.114273,0.000000,0.000000,0.000000,8.327914,-4.424376,599.177612,-15.069296,9.726974,-245.360809,-120.511024,-2.530266,-1430.926514,57.437721,8.738125,6689.029297,-3.352945,5.478480,1171.923462,-1.956840,-4.017360,2349.564697,113.615776,-5.435719,6446.676758,30.300171,2.613853,709.804260,-20.946276,5.329805,2511.606689,65.572853,-18.490063,108.817825,-0.642932,-9.989569,-1785.820190,4.006951,-2.438012,692.177673,123.355255,-22.986917,1765.907227,23.285936,11.834201,531.561462,-7.620866,-5.217020,232.241653,21.441114,3.312616,-344.034790,62.926880,-4.512562,174.367310,4.369579,-14.177911,-895.752991,-12.393751,2.507434,-849.000122,18.063917,0.972972,-403.945770,-59.952675,-1.263562,-1148.226929,0.099814,-0.186628,1164.772095,-10.704189,-0.369745,-538.946594,-0.222494,0.397731,348.966980,-2.261443,0.939958,14.727778,27.612289,-2.857096,19.466555,-0.758205,0.015844,300.738708,-2.481009,1.032268,174.888321,27.685249,-2.867530,30.321781,-0.963664,-0.356835,182.972885,-2.733694,0.932090,294.431732,27.697227,-2.897263,34.220078,-4.076429,-2.558933,-628.235229,5.808578,-0.733067,-417.170715,-5.972453,0.397963,105.194931,5.926729,-0.026955,-209.355713,-16.877924,-2.641902,-537.212341,-10.526026,-0.892246,-7.930419,68.882347,0.093797,-487.351379,-10.657887,0.314208,1053.206909,-3.361708,-0.775744,254.498047,74.085983,0.651191,-606.652771,1,1
170,1707,0.013047,0.571685,-0.287586,0.499596,-0.077209,-0.853482,-0.126537,0.013047,0.571685,-0.287586,0.499596,-0.077209,-0.853482,-0.126537,0.001900,0.480561,-0.204707,0.362570,-0.354943,-0.663925,-0.549329,0.077442,0.479733,-0.339499,0.372526,-0.296328,-0.704826,-0.525960,-0.356783,0.417519,-0.402340,0.415016,0.206503,-0.839895,0.282304,-0.259363,0.365738,-0.552705,0.520491,0.092863,-0.782346,0.329243,-0.116547,0.114292,-0.272555,0.378813,0.090962,-0.913062,0.120600,-0.055382,0.058753,-0.377615,0.596928,0.087031,-0.797423,0.014795,0.118001,0.620084,-0.229063,0.486917,0.038975,-0.868638,0.082826,0.052528,0.780639,-0.272690,0.372936,0.267130,-0.753266,0.471329,-0.037951,0.830196,-0.333990,0.372936,0.267130,-0.753266,0.471329,-0.151050,0.892143,-0.410614,0.372936,0.267130,-0.753266,0.471329,-0.025888,0.823589,-0.325816,0.400051,0.393144,-0.728492,0.393314,-0.025888,0.823589,-0.325816,0.331356,0.116667,-0.770804,0.531464,-0.219580,0.858639,-0.256917,0.221893,-0.108621,-0.966457,-0.070178,-0.017542,0.850556,-0.526587,0.653695,0.067810,-0.744702,-0.116209,-0.311185,0.578032,-0.312749,0.421792,0.036489,-0.881341,-0.209758,-0.070089,0.566145,-0.610719,0.511039,-0.177458,-0.839892,-0.043920,-0.353718,0.366063,-0.408372,0.423245,-0.002252,-0.857852,-0.291458,-0.158801,0.347313,-0.599480,0.486578,-0.263187,-0.825040,-0.115256,0.000000,0.000000,0.000000,8.263288,-10.771115,-1057.789917,-14.964958,17.389616,1277.107056,-120.400963,18.343607,3478.978760,57.213108,-37.435532,-7695.609375,-3.429972,-12.837887,-3052.727783,-2.186766,-38.320980,-5717.270020,113.343918,-45.309704,-6645.664062,30.293001,-1.194954,-634.801147,-21.091354,-24.179777,-4918.263672,64.640259,-155.432388,-22823.720703,-0.722353,-13.236812,-541.207153,3.813272,-32.279888,-4973.645996,122.115295,-206.659958,-30612.171875,23.173317,-18.769899,-5100.683105,-7.635068,-2.367020,475.000000,21.657450,36.055882,5457.211426,62.960487,5.601247,1685.634888,4.278709,-15.144984,-161.178909,-12.491613,-16.310373,-3136.301514,18.051100,-2.136230,-518.200439,-59.952271,0.067393,221.825882,0.099947,0.022214,34.806957,-10.709989,-0.966549,-99.467293,-0.244813,-3.719908,-686.273254,-2.282768,-3.554304,-749.043762,27.508795,-17.249107,-2398.668701,-0.764520,-1.052489,-178.055542,-2.509827,-4.802982,-972.541687,27.581926,-17.220497,-2392.161133,-0.951898,1.960963,386.299713,-2.761894,-4.700065,-938.692444,27.595020,-17.034531,-2356.211182,-4.057644,3.130754,948.281067,5.704776,-17.300209,-2761.190430,-5.987259,-2.467791,-477.625702,5.858236,-11.415402,-1898.074585,-16.806110,11.968930,2435.138672,-10.419006,17.836571,3121.469482,68.643074,-39.878845,-6662.106934,-10.661802,-0.652631,-161.139786,-3.299314,10.399024,1862.461426,73.935822,-25.026957,-4279.691406,1,1
171,1730,0.013047,0.578242,-0.287586,0.498756,-0.074865,-0.854671,-0.123185,0.013047,0.578242,-0.287586,0.498756,-0.074865,-0.854671,-0.123185,0.002342,0.487355,-0.204389,0.364715,-0.352521,-0.665659,-0.547366,0.078254,0.486568,-0.338974,0.372338,-0.294039,-0.710400,-0.519844,-0.355896,0.421183,-0.401844,0.414470,0.207337,-0.840164,0.281691,-0.256636,0.366308,-0.551779,0.519876,0.090286,-0.783057,0.329240,-0.115384,0.117945,-0.272596,0.380024,0.089141,-0.912851,0.119747,-0.054408,0.058927,-0.375355,0.597454,0.088320,-0.796887,0.014801,0.117485,0.627631,-0.228967,0.485945,0.040457,-0.868887,0.085178,0.051448,0.787916,-0.272969,0.372821,0.267270,-0.753242,0.471378,-0.039046,0.837445,-0.334269,0.372821,0.267270,-0.753242,0.471378,-0.152163,0.899356,-0.410895,0.372821,0.267270,-0.753242,0.471378,-0.026980,0.830841,-0.326096,0.400004,0.393361,-0.728399,0.393318,-0.026980,0.830841,-0.326096,0.331337,0.116687,-0.770763,0.531531,-0.220680,0.865825,-0.257163,0.221931,-0.108604,-0.966449,-0.070202,-0.018587,0.857947,-0.526864,0.653436,0.068313,-0.744622,-0.117863,-0.312255,0.585306,-0.313080,0.420481,0.036313,-0.881641,-0.211153,-0.071526,0.573801,-0.611886,0.510941,-0.177543,-0.839928,-0.044032,-0.354996,0.373643,-0.409287,0.421839,-0.001562,-0.858077,-0.292837,-0.160296,0.354990,-0.600682,0.486558,-0.263168,-0.825086,-0.115054,0.000000,0.000000,0.000000,8.069495,-8.425754,101.972252,-14.527728,19.010004,70.451653,-120.497559,-4.199816,-980.148804,56.759491,-19.722483,770.132568,-3.361326,2.984627,687.935425,-2.535341,-15.155419,1007.198364,112.301224,-45.334526,-1.079228,30.039049,-11.041392,-428.106018,-21.509356,-18.173964,261.122314,64.664085,1.035939,6802.970703,-0.870738,-6.451545,295.011627,3.635068,-7.747982,1066.604614,121.661995,-19.708715,8128.315430,23.327988,6.724814,1108.465820,-7.781356,-6.360365,-173.623703,21.627975,-1.281489,-1623.364014,62.895245,-2.836642,-366.864716,4.288272,0.415781,676.555054,-12.453217,1.669428,781.730469,18.207096,6.782449,387.768677,-60.082863,-5.677928,-249.796555,0.175243,3.273730,141.370270,-10.668606,1.799252,120.252197,-0.224092,0.900893,200.904404,-2.237454,1.970177,240.194839,27.357082,-6.596192,463.170258,-0.761789,0.118727,50.922447,-2.459277,2.197825,304.382904,27.429794,-6.614436,461.133057,-0.967034,-0.658066,-113.870842,-2.715287,2.026423,292.456024,27.441540,-6.673067,450.498444,-4.052708,0.214639,-126.787598,5.723268,0.803989,787.139099,-5.973594,0.594139,133.127411,5.857371,-0.037629,494.685791,-16.834101,-1.216971,-573.300049,-10.527286,-4.707793,-980.189697,68.765915,5.340908,1966.076294,-10.668773,-0.303061,15.198696,-3.309150,-0.427650,-470.725006,73.944321,0.369528,1104.194946,1,1
172,1736,0.013047,0.585677,-0.287586,0.497011,-0.073410,-0.856372,-0.119237,0.013047,0.585677,-0.287586,0.497011,-0.073410,-0.856372,-0.119237,0.002538,0.495222,-0.203894,0.367117,-0.350632,-0.668669,-0.543290,0.079053,0.494108,-0.338135,0.372967,-0.290844,-0.716431,-0.512866,-0.355394,0.424379,-0.400345,0.414986,0.206521,-0.840302,0.281120,-0.253557,0.366493,-0.550251,0.519085,0.088507,-0.783728,0.329375,-0.115479,0.120595,-0.271268,0.379840,0.089157,-0.912907,0.119889,-0.052573,0.058921,-0.372741,0.597555,0.088409,-0.796803,0.014711,0.116912,0.636067,-0.228802,0.484559,0.041141,-0.869401,0.087478,0.050589,0.796218,-0.273185,0.372946,0.267163,-0.754043,0.470058,-0.039833,0.846059,-0.334339,0.372946,0.267163,-0.754043,0.470058,-0.152861,0.908360,-0.410781,0.372946,0.267163,-0.754043,0.470058,-0.027777,0.839414,-0.326185,0.400215,0.392990,-0.729045,0.392275,-0.027777,0.839414,-0.326185,0.331582,0.116597,-0.771573,0.530221,-0.221408,0.874645,-0.257164,0.221895,-0.108702,-0.966443,-0.070253,-0.019386,0.866921,-0.526877,0.653433,0.068250,-0.744632,-0.117859,-0.313040,0.594138,-0.313099,0.420484,0.036369,-0.881646,-0.211120,-0.072351,0.582767,-0.611872,0.510980,-0.177543,-0.839908,-0.043963,-0.355751,0.382469,-0.409305,0.421842,-0.001485,-0.858071,-0.292850,-0.161105,0.363952,-0.600635,0.486563,-0.263152,-0.825073,-0.115157,0.000000,0.000000,0.000000,7.778959,-48.422733,-6666.163574,-14.137886,64.973671,7660.611328,-120.707054,-34.915924,-5119.351074,56.158096,-100.232445,-13418.327148,-3.229766,21.926682,3157.009033,-2.656674,-20.222187,-844.461243,111.148323,-192.150101,-24469.263672,29.953453,-14.266014,-537.436951,-21.738068,-38.118679,-3324.119141,64.468994,-32.515209,-5591.857910,-1.203081,-55.390537,-8156.498535,3.451247,-30.636787,-3814.800781,120.872742,-131.542206,-18638.916016,23.210434,-19.592285,-4386.183105,-7.748794,5.427042,1964.567871,21.618631,-1.557350,-45.976776,62.903282,1.339594,696.039490,4.276029,-2.040625,-409.400970,-12.469718,-2.750238,-736.610901,18.200253,-1.140594,-1320.507202,-60.074245,1.436234,1185.693604,0.179765,0.753755,-419.995758,-10.672501,-0.649134,-408.064331,-0.256577,-5.414076,-1052.494873,-2.137360,16.682467,2452.048340,27.145395,-35.281181,-4780.831543,-0.829104,-11.219173,-1889.650269,-2.384092,12.530923,1722.182983,27.214399,-35.899162,-4880.787598,-1.053110,-14.346073,-2281.334473,-2.678706,6.096800,678.396240,27.221666,-36.645573,-4995.417480,-4.051841,0.144482,-11.692876,5.704825,-3.073772,-646.293457,-5.991313,-2.953132,-591.211853,5.796876,-10.082483,-1674.142456,-16.804768,4.888853,1017.637390,-10.436203,15.180429,3314.703857,68.658104,-17.968496,-3884.900635,-10.677999,-1.537800,-205.789780,-3.262810,7.723371,1358.503540,73.820267,-20.675659,-3507.531250,1,1
173,1745,0.013047,0.585724,-0.287586,0.498127,-0.071363,-0.856083,-0.117895,0.013047,0.585724,-0.287586,0.498127,-0.071363,-0.856083,-0.117895,0.003156,0.495221,-0.203872,0.369846,-0.348985,-0.670226,-0.540574,0.079420,0.494489,-0.338259,0.373272,-0.290540,-0.716634,-0.512534,-0.354716,0.421057,-0.399242,0.415525,0.207370,-0.840017,0.280551,-0.253086,0.366454,-0.550285,0.519096,0.088706,-0.783752,0.329246,-0.114328,0.117294,-0.271000,0.381355,0.088313,-0.912592,0.118086,-0.052026,0.058840,-0.372935,0.596082,0.088583,-0.797892,0.014381,0.116768,0.636642,-0.229002,0.484954,0.042781,-0.869009,0.088393,0.049926,0.796612,-0.273356,0.372773,0.267515,-0.753826,0.470342,-0.040552,0.846343,-0.334516,0.372773,0.267515,-0.753826,0.470342,-0.153649,0.908507,-0.410966,0.372773,0.267515,-0.753826,0.470342,-0.028488,0.839712,-0.326361,0.400075,0.393328,-0.728787,0.392558,-0.028488,0.839712,-0.326361,0.331408,0.116833,-0.771400,0.530528,-0.222156,0.874803,-0.257342,0.221867,-0.108594,-0.966471,-0.070120,-0.020106,0.867135,-0.527058,0.653409,0.068300,-0.744675,-0.117693,-0.313712,0.594275,-0.313220,0.420458,0.036260,-0.881653,-0.211159,-0.072986,0.582966,-0.612005,0.510964,-0.177611,-0.839899,-0.044041,-0.356473,0.382614,-0.409421,0.421812,-0.001657,-0.858065,-0.292910,-0.161784,0.364168,-0.600785,0.486526,-0.263304,-0.825037,-0.115229,0.000000,0.000000,0.000000,7.740393,-4.285124,4904.179199,-13.865198,30.298658,-3852.779053,-120.555092,16.884697,5755.624512,56.339890,20.199245,13381.298828,-3.285676,-6.212234,-3126.546143,-2.805253,-16.508818,412.596588,111.080765,-7.506476,20515.958984,29.965328,1.319461,1731.719482,-21.627571,12.277391,5599.563965,64.248543,-24.494595,891.179443,-1.245074,-4.665852,5636.076172,3.461921,1.186026,3535.868164,120.397766,-52.775066,8751.903320,23.425011,23.841858,4826.016113,-7.801678,-5.875958,-1255.889038,21.643562,2.770106,480.828491,62.907505,0.469208,-96.709633,4.284863,0.981543,335.796387,-12.474671,-0.550376,244.429062,18.215963,1.745648,320.693604,-60.079464,-0.579834,-224.007507,0.174107,-0.628688,-153.604858,-10.678012,-0.612365,4.085495,-0.223373,3.689279,1011.483948,-2.183547,-5.131933,-2423.822266,27.079597,-7.310867,3107.812744,-0.776270,5.870402,1898.841553,-2.409852,-2.862268,-1710.354492,27.151222,-7.019679,3208.831543,-0.991950,6.795591,2349.073730,-2.677390,0.146257,-661.171570,27.161383,-6.698184,3327.487305,-4.042011,1.092169,105.298599,5.718872,1.560688,514.939941,-5.992162,-0.094308,317.647095,5.799961,0.342740,1158.358154,-16.801735,0.336965,-505.765289,-10.449682,-1.497693,-1853.124512,68.688301,3.355238,2369.303711,-10.687197,-1.021915,57.320541,-3.281886,-2.119621,-1093.665771,73.842728,2.495660,2574.590820,1,1
174,1752,0.013047,0.589054,-0.287586,0.498467,-0.070815,-0.855988,-0.117474,0.013047,0.589054,-0.287586,0.498467,-0.070815,-0.855988,-0.117474,0.003335,0.498545,-0.203857,0.372371,-0.346808,-0.672418,-0.537511,0.079519,0.497908,-0.338289,0.372556,-0.289573,-0.719596,-0.509442,-0.354150,0.420483,-0.398460,0.415660,0.207605,-0.840134,0.279825,-0.251884,0.366867,-0.550211,0.518556,0.086837,-0.784219,0.329482,-0.113791,0.116458,-0.270786,0.380824,0.086801,-0.912875,0.118737,-0.052029,0.059109,-0.371753,0.596505,0.090294,-0.797380,0.014595,0.116731,0.640126,-0.229070,0.484728,0.042875,-0.869107,0.088623,0.049963,0.800102,-0.273573,0.372221,0.266196,-0.754374,0.470650,-0.040277,0.849933,-0.335004,0.372221,0.266196,-0.754374,0.470650,-0.153076,0.912221,-0.411792,0.372221,0.266196,-0.754374,0.470650,-0.028245,0.843289,-0.326813,0.399456,0.392864,-0.729449,0.392424,-0.028245,0.843289,-0.326813,0.331065,0.115945,-0.771689,0.530517,-0.221918,0.878213,-0.258010,0.222082,-0.107148,-0.966495,-0.071317,-0.019632,0.870715,-0.527570,0.653521,0.068203,-0.744555,-0.117887,-0.312856,0.597732,-0.314711,0.420807,0.036845,-0.880986,-0.213135,-0.072631,0.586563,-0.612558,0.510905,-0.177518,-0.839958,-0.043988,-0.355812,0.386498,-0.411761,0.422430,-0.002314,-0.857540,-0.293553,-0.161382,0.367745,-0.601347,0.486496,-0.263156,-0.825115,-0.115132,0.000000,0.000000,0.000000,7.723170,-2.460344,260.682892,-13.789021,10.882514,-2773.734863,-120.508263,6.689889,-1456.401123,55.961388,-54.071697,-10610.134766,-3.372357,-12.383052,-881.545349,-3.107052,-43.114185,-3800.766846,110.574997,-72.252548,-9249.438477,29.730700,-33.518383,-4976.834961,-22.003843,-53.753174,-9432.937500,63.762001,-69.505966,-6430.195801,-1.282294,-5.317177,-93.046455,3.376795,-12.160880,-1906.700928,119.777954,-88.544571,-5109.929199,23.372025,-7.569449,-4487.329590,-8.051685,-35.715374,-4262.773926,21.612312,-4.464286,-1033.484619,62.882755,-3.535679,-572.126770,4.282949,-0.273364,-179.272385,-12.466032,1.234191,254.938126,18.307442,13.068336,1617.526733,-60.060715,2.678463,465.470917,-0.016191,-27.185394,-3793.814941,-10.601384,10.946818,1651.311890,-0.203404,2.852808,-119.495865,-2.254028,-10.068688,-705.250793,27.034048,-6.507056,114.830154,-0.724958,7.330290,208.555496,-2.463356,-7.643394,-683.017944,27.108561,-6.094524,132.164948,-0.920351,10.228345,490.393372,-2.701538,-3.449815,-513.724426,27.122488,-5.556379,163.115097,-4.108550,-9.505545,-1513.959106,5.708938,-1.419067,-425.679352,-5.904862,12.471403,1795.101562,5.864252,9.184496,1263.108032,-16.861084,-8.478437,-1259.343140,-10.429306,2.910887,629.796997,68.663200,-3.585815,-991.579041,-10.595045,13.164520,2026.633667,-3.208618,10.466882,1798.071655,73.854698,1.710074,-112.226501,1,1
175,1758,0.013047,0.596670,-0.287586,0.498537,-0.071220,-0.856153,-0.115716,0.013047,0.596670,-0.287586,0.498537,-0.071220,-0.856153,-0.115716,0.003460,0.506439,-0.203543,0.377063,-0.342748,-0.677530,-0.530377,0.079604,0.505424,-0.337995,0.373196,-0.286436,-0.725397,-0.502473,-0.353096,0.419939,-0.396368,0.416224,0.207243,-0.840229,0.278969,-0.249453,0.367202,-0.549018,0.517815,0.085071,-0.784903,0.329482,-0.113117,0.115390,-0.269230,0.382493,0.086018,-0.912571,0.116247,-0.050879,0.059191,-0.369569,0.596716,0.090355,-0.797210,0.014918,0.116692,0.648057,-0.229278,0.484759,0.042645,-0.869040,0.089215,0.049977,0.808092,-0.273816,0.372063,0.266061,-0.755384,0.469229,-0.040157,0.858261,-0.335125,0.372063,0.266061,-0.755384,0.469229,-0.152825,0.920972,-0.411762,0.372063,0.266061,-0.755384,0.469229,-0.028139,0.851572,-0.326950,0.399483,0.392710,-0.730190,0.391171,-0.028139,0.851572,-0.326950,0.331063,0.115843,-0.772714,0.529047,-0.221671,0.886756,-0.257943,0.222836,-0.108099,-0.966165,-0.072001,-0.019448,0.879474,-0.527619,0.653426,0.068269,-0.744660,-0.117707,-0.313242,0.606426,-0.314859,0.421211,0.039276,-0.880448,-0.214126,-0.072348,0.595301,-0.612556,0.510998,-0.177566,-0.839892,-0.043961,-0.355445,0.395426,-0.412743,0.423328,-0.001497,-0.857262,-0.293076,-0.161111,0.376489,-0.601311,0.486547,-0.263238,-0.825043,-0.115248,0.000000,0.000000,0.000000,7.519722,-33.908051,-5241.284668,-13.728892,10.021369,-143.524170,-120.482094,4.361471,-388.069702,55.045853,-152.589157,-16419.576172,-3.489770,-19.568800,-1197.624634,-3.286502,-29.908340,2200.974121,109.424126,-191.811890,-19926.556641,29.599514,-21.864256,1942.354492,-22.206421,-33.762932,3331.707031,62.692696,-178.217575,-18118.601562,-1.385657,-17.227133,-1984.992676,3.103649,-45.524357,-5560.579590,118.443733,-222.370163,-22304.265625,23.558558,31.088829,6443.046875,-7.945501,17.697334,8902.118164,21.631449,3.189405,1275.615112,62.910839,4.680634,1369.385376,4.276449,-1.083374,-135.001678,-12.483255,-2.870560,-684.125061,18.425974,19.755363,1114.504639,-59.948692,18.670401,2665.322998,-0.251640,-39.241585,-2009.365112,-10.526647,12.456258,251.573242,-0.282454,-13.174984,-2671.298584,-2.246738,1.214941,1880.604980,26.926382,-17.944336,-1906.213257,-0.795027,-11.678149,-3168.073242,-2.491469,-4.685561,492.972137,26.998180,-18.396696,-2050.362061,-0.966253,-7.650365,-2979.784912,-2.757485,-9.324471,-979.109436,27.010784,-18.617311,-2176.822021,-4.112417,-0.644445,1476.849976,5.688468,-3.411690,-332.103851,-5.887327,2.922456,-1591.491211,5.805305,-9.824594,-3168.181641,-16.829905,5.196571,2279.168213,-10.315803,18.917242,2667.725830,68.532700,-21.750132,-3027.385986,-10.577331,2.952417,-1702.017212,-3.238299,-4.946867,-2568.958252,73.800415,-9.047191,-1792.877441,1,1
176,1763,0.013047,0.596656,-0.287586,0.498483,-0.071275,-0.856148,-0.115952,0.013047,0.596656,-0.287586,0.498483,-0.071275,-0.856148,-0.115952,0.003420,0.506400,-0.203575,0.377124,-0.342750,-0.677355,-0.530556,0.079578,0.505404,-0.338020,0.373120,-0.286312,-0.725529,-0.502409,-0.353170,0.420056,-0.396406,0.416227,0.207375,-0.840237,0.278841,-0.249384,0.367072,-0.549116,0.517678,0.085048,-0.784956,0.329576,-0.113142,0.115491,-0.269398,0.382634,0.086342,-0.912519,0.115954,-0.050821,0.059109,-0.369573,0.596436,0.089991,-0.797463,0.014776,0.116703,0.647988,-0.229249,0.484706,0.042756,-0.869056,0.089297,0.049897,0.807956,-0.273827,0.371767,0.266466,-0.755022,0.469815,-0.040307,0.857941,-0.335185,0.371767,0.266466,-0.755022,0.469815,-0.153061,0.920422,-0.411882,0.371767,0.266466,-0.755022,0.469815,-0.028279,0.851276,-0.327004,0.399245,0.393132,-0.729790,0.391737,-0.028279,0.851276,-0.327004,0.330306,0.116591,-0.772598,0.529526,-0.221867,0.886241,-0.258035,0.222850,-0.107816,-0.966213,-0.071740,-0.019527,0.879295,-0.527667,0.653143,0.070003,-0.744833,-0.117166,-0.313257,0.605860,-0.314839,0.421246,0.039112,-0.880417,-0.214215,-0.071466,0.595216,-0.613075,0.511221,-0.176940,-0.839788,-0.045852,-0.355549,0.394877,-0.412722,0.423335,-0.001643,-0.857167,-0.293341,-0.160427,0.376442,-0.602706,0.486810,-0.262873,-0.824706,-0.117364,0.000000,0.000000,0.000000,7.541597,4.374981,7656.606445,-13.747525,-3.726578,-2749.589355,-120.491112,-1.803589,-1233.011963,55.002007,-8.769226,28763.988281,-3.496927,-1.431513,3627.457520,-3.299530,-2.605581,5460.551758,109.418015,-1.222229,38117.929688,29.648060,9.709167,6314.684570,-22.174429,6.398392,8032.264648,62.688316,-0.875854,35468.343750,-1.394964,-1.861429,3073.140625,3.091068,-2.516270,8601.617188,118.462898,3.833008,45240.632812,23.564011,1.090622,-5999.641602,-7.914436,6.212997,-2296.867432,21.839960,41.702271,7702.573242,62.963116,10.455322,1154.937744,4.284391,1.588440,534.362793,-12.523717,-8.092308,-1044.349731,18.458401,6.485367,-2653.999512,-59.957001,-1.661682,-4066.416504,-0.240283,2.271360,8302.587891,-10.545144,-3.699493,-3231.149902,-0.283087,-0.126743,2609.647949,-2.246248,0.098133,-223.361664,26.967951,8.313751,5251.617676,-0.797252,-0.445056,2246.618652,-2.491463,0.001144,937.341003,27.039612,8.286285,5336.596680,-0.969841,-0.717533,1386.566528,-2.758593,-0.221586,1820.576904,27.052015,8.246231,5372.708496,-4.119532,-1.422977,-155.706406,5.630628,-11.568069,-1631.275757,-5.885585,0.348473,-514.796570,5.814578,1.854610,2335.840820,-16.836538,-1.326752,-1304.664673,-10.365136,-9.866714,-5756.791504,68.500305,-6.478882,3054.250000,-10.578863,-0.306511,-651.785522,-3.263124,-4.964924,-3.611279,73.836197,7.156372,3240.712646,1,1
177,1773,0.013047,0.596922,-0.287586,0.498696,-0.070212,-0.856303,-0.114529,0.013047,0.596922,-0.287586,0.498696,-0.070212,-0.856303,-0.114529,0.003732,0.506751,-0.203448,0.377265,-0.342458,-0.677696,-0.530210,0.079871,0.505821,-0.337905,0.373403,-0.286122,-0.725846,-0.501849,-0.352743,0.419945,-0.396287,0.416124,0.207369,-0.840264,0.278918,-0.248997,0.366942,-0.548788,0.517759,0.085141,-0.784859,0.329656,-0.112714,0.115414,-0.269201,0.382462,0.086246,-0.912614,0.115843,-0.050326,0.059036,-0.369266,0.595017,0.090335,-0.798490,0.014385,0.116542,0.648677,-0.229337,0.484697,0.043563,-0.868978,0.089715,0.049558,0.808657,-0.273779,0.371759,0.266643,-0.755801,0.468467,-0.040607,0.858922,-0.334965,0.371759,0.266643,-0.755801,0.468467,-0.153312,0.921754,-0.411447,0.371759,0.266643,-0.755801,0.468467,-0.028585,0.852220,-0.326807,0.399503,0.393451,-0.730204,0.390379,-0.028585,0.852220,-0.326807,0.330102,0.115862,-0.773523,0.528460,-0.221985,0.887052,-0.257440,0.224285,-0.106396,-0.966014,-0.072058,-0.019275,0.880523,-0.527276,0.651128,0.069505,-0.746508,-0.118018,-0.312735,0.606613,-0.314503,0.421236,0.038410,-0.880284,-0.214907,-0.071593,0.596664,-0.612998,0.510451,-0.179076,-0.839734,-0.047103,-0.355454,0.395774,-0.412511,0.423333,-0.002701,-0.857097,-0.293540,-0.161654,0.378338,-0.602685,0.486905,-0.261143,-0.825224,-0.117189,0.000000,0.000000,0.000000,7.453996,-8.760118,-1313.510010,-13.560749,18.677616,2240.419434,-120.455910,3.520203,532.379150,55.123222,12.121582,2089.080811,-3.477741,1.918697,335.021027,-3.327754,-2.822375,-21.679401,109.348930,-6.908417,-568.618774,29.660948,1.288795,-842.037231,-22.104296,7.013321,61.492920,62.826775,13.845825,1472.167969,-1.382822,1.214242,307.567108,3.114717,2.364898,488.116760,118.403336,-5.956268,-978.927612,23.588158,2.414703,132.408142,-7.923465,-0.902891,-711.588867,21.990011,15.005112,-2669.715820,63.092754,12.963867,250.854492,3.991249,-29.314159,-3090.260010,-12.136063,38.765430,4685.773926,18.456711,-0.168991,-665.435791,-60.185410,-22.840881,-2117.919922,-0.302296,-6.201211,-847.257141,-10.511389,3.375530,707.502319,-0.306199,-2.311128,-218.438507,-2.238307,0.794053,69.591995,26.853094,-11.485672,-1979.942383,-0.817658,-2.040577,-159.552094,-2.494470,-0.300694,-30.183792,26.924068,-11.554337,-1984.062134,-0.982384,-1.254261,-53.672791,-2.770348,-1.175523,-95.393661,26.936237,-11.577797,-1982.402710,-4.005157,11.437416,1286.039307,5.640044,0.941610,1250.968018,-5.839668,4.591703,424.323090,5.763297,-5.128098,-698.270813,-16.723820,11.271858,1259.861084,-10.365870,-0.073338,979.337708,68.502098,0.179291,665.817261,-10.520377,5.848598,615.510925,-3.178627,8.449697,1341.462158,73.683029,-15.316772,-2247.314453,1,1
178,1786,0.013047,0.606888,-0.287586,0.499895,-0.069269,-0.855940,-0.112576,0.013047,0.606888,-0.287586,0.499895,-0.069269,-0.855940,-0.112576,0.004282,0.516863,-0.203232,0.377033,-0.342935,-0.677032,-0.530914,0.080092,0.515932,-0.337874,0.373833,-0.282720,-0.733684,-0.491961,-0.352391,0.430932,-0.396090,0.416270,0.207424,-0.840251,0.278700,-0.245730,0.367536,-0.546993,0.517246,0.081745,-0.785637,0.329467,-0.112364,0.126318,-0.269198,0.382588,0.086502,-0.912483,0.116270,-0.049387,0.059051,-0.365910,0.595060,0.090433,-0.798447,0.014395,0.116489,0.659159,-0.229705,0.485446,0.043846,-0.868434,0.090784,0.049407,0.819104,-0.274308,0.372831,0.265384,-0.755904,0.468164,-0.040629,0.869599,-0.335495,0.372831,0.265384,-0.755904,0.468164,-0.153175,0.932717,-0.411978,0.372831,0.265384,-0.755904,0.468164,-0.028625,0.862866,-0.327336,0.400376,0.392273,-0.730608,0.389914,-0.028625,0.862866,-0.327336,0.330664,0.115440,-0.773620,0.528059,-0.221934,0.898132,-0.257973,0.224011,-0.106280,-0.966098,-0.071960,-0.019398,0.891316,-0.527829,0.651363,0.070142,-0.746299,-0.117658,-0.312595,0.617675,-0.315013,0.421258,0.038296,-0.880262,-0.214974,-0.071317,0.607506,-0.613669,0.509750,-0.179902,-0.839921,-0.048188,-0.355377,0.406849,-0.413022,0.423302,-0.002421,-0.857114,-0.293538,-0.161939,0.389398,-0.603663,0.486584,-0.260693,-0.825530,-0.117370,0.000000,0.000000,0.000000,7.290418,-12.582926,-294.062103,-13.363811,15.149116,-271.423126,-120.282791,13.316814,753.585510,53.931980,-91.634018,-7981.200195,-3.611336,-10.276611,-938.100647,-3.892718,-43.458794,-3125.878418,107.736404,-124.040451,-9010.156250,29.415220,-18.902119,-1553.147217,-22.448563,-26.482069,-2576.568604,63.203304,28.963823,1162.922974,-1.257175,9.665159,650.070557,3.135915,1.630636,-56.481647,118.511986,8.357708,1101.075073,23.510008,-6.011523,-648.171204,-7.924213,-0.057514,65.029022,22.223488,17.959742,227.279221,62.935024,-12.133085,-1930.534912,3.925800,-5.034556,1867.661621,-11.963594,13.266784,-1961.434326,18.472450,1.210726,106.132111,-60.158173,2.095149,1918.156250,-0.264601,2.899615,700.063538,-10.484150,2.095296,-98.479568,-0.267107,3.007020,409.088348,-2.288243,-3.841254,-356.562012,26.724571,-9.886374,123.022881,-0.755960,4.746025,522.046265,-2.521270,-2.061495,-135.446289,26.798651,-9.647516,146.678482,-0.910401,5.537170,522.417786,-2.766371,0.305983,113.961960,26.814287,-9.380781,169.001221,-4.050952,-3.522653,-1150.774536,5.529798,-8.480475,-724.775818,-5.839022,0.049701,-349.384796,5.783698,1.569308,515.184998,-16.738642,-1.140154,-954.770142,-10.343813,1.696660,136.153656,68.337936,-12.627822,-985.162476,-10.509295,0.852438,-384.320038,-3.075102,7.963438,-37.404610,73.613510,-5.347619,766.858032,1,1
179,1795,0.013047,0.606662,-0.287586,0.501368,-0.068405,-0.855313,-0.111315,0.013047,0.606662,-0.287586,0.501368,-0.068405,-0.855313,-0.111315,0.004815,0.516693,-0.203120,0.382367,-0.339481,-0.681119,-0.524047,0.080205,0.515859,-0.337998,0.373401,-0.283732,-0.733575,-0.491870,-0.351260,0.422969,-0.393507,0.417560,0.208426,-0.839527,0.278203,-0.246002,0.367871,-0.546804,0.517812,0.080782,-0.785444,0.329276,-0.110527,0.118467,-0.267688,0.383656,0.084123,-0.912423,0.114956,-0.050204,0.059149,-0.365534,0.595103,0.090573,-0.798393,0.014766,0.116513,0.659298,-0.230079,0.486275,0.044553,-0.867907,0.091045,0.049285,0.819274,-0.274507,0.372985,0.265103,-0.756614,0.467053,-0.040663,0.870054,-0.335586,0.372985,0.265103,-0.756614,0.467053,-0.153099,0.933528,-0.411936,0.372985,0.265103,-0.756614,0.467053,-0.028670,0.863283,-0.327442,0.400617,0.391818,-0.731202,0.389009,-0.028670,0.863283,-0.327442,0.330905,0.115816,-0.774341,0.526769,-0.221905,0.898804,-0.258008,0.224024,-0.106385,-0.966081,-0.071992,-0.019662,0.892322,-0.527914,0.652125,0.071240,-0.745501,-0.117842,-0.312621,0.618381,-0.315071,0.421173,0.039367,-0.879995,-0.216039,-0.071235,0.608576,-0.614208,0.509447,-0.179869,-0.840122,-0.048034,-0.355167,0.407798,-0.413704,0.423524,-0.002984,-0.856702,-0.294416,-0.161807,0.390448,-0.604185,0.485959,-0.261146,-0.825616,-0.118344,0.000000,0.000000,0.000000,7.188861,-11.284034,144.321335,-13.216716,16.343859,132.749237,-120.077896,22.766113,1049.922119,54.163212,25.692410,13036.269531,-3.701012,-9.963989,34.735786,-4.077933,-20.579391,2542.155762,107.725784,-1.180013,13651.160156,29.268328,-16.321394,286.747192,-22.500916,-5.816989,2296.120117,62.253262,-105.560303,-14947.125000,-1.343991,-9.646297,-2145.717285,3.005907,-14.445358,-1786.221558,117.404480,-123.056206,-14601.544922,23.779856,29.983097,3999.402344,-8.212174,-31.995720,-3548.689453,22.339041,12.839211,-568.947815,62.721359,-23.740557,-1289.719116,3.912386,-1.490461,393.788452,-12.107212,-15.957515,-3247.144287,18.628155,17.300499,1787.752563,-60.096115,6.895277,533.347534,-0.442982,-19.820208,-2524.424805,-10.549780,-7.292218,-1043.057129,-0.284016,-1.878765,-542.864990,-2.346017,-6.419261,-286.445343,26.615549,-12.113571,-247.466309,-0.741132,1.647545,-344.275482,-2.579767,-6.499714,-493.135468,26.691065,-11.953990,-256.274841,-0.866551,4.872170,-73.888939,-2.811272,-4.989015,-588.333008,26.709558,-11.636522,-250.637909,-4.113936,-6.998274,-386.180115,5.470247,-6.616751,207.080475,-5.847759,-0.970787,-113.387627,5.733609,-5.565432,-792.748779,-16.770634,-3.554662,-268.278625,-10.276196,7.512940,646.253357,68.202332,-15.067206,-271.042725,-10.509865,-0.063260,-101.744278,-3.030390,4.968060,-332.819672,73.503510,-12.222290,-763.852356,1,1
180,1804,0.013047,0.614487,-0.287586,0.501444,-0.068857,-0.855484,-0.109361,0.013047,0.614487,-0.287586,0.501444,-0.068857,-0.855484,-0.109361,0.004952,0.524831,-0.202774,0.387479,-0.335325,-0.684961,-0.517924,0.080300,0.523574,-0.337672,0.375360,-0.280487,-0.738302,-0.485121,-0.350124,0.423685,-0.391287,0.418284,0.208690,-0.839799,0.276086,-0.243762,0.368766,-0.544854,0.517882,0.080026,-0.786052,0.327897,-0.109700,0.118287,-0.267059,0.383651,0.082161,-0.912916,0.112452,-0.048961,0.059185,-0.363976,0.596607,0.090092,-0.797319,0.015054,0.116467,0.667469,-0.230314,0.486393,0.044311,-0.867725,0.092262,0.049147,0.827363,-0.274996,0.373004,0.265160,-0.756724,0.466827,-0.040800,0.878186,-0.336041,0.373004,0.265160,-0.756724,0.466827,-0.153234,0.941715,-0.412347,0.373004,0.265160,-0.756724,0.466827,-0.028807,0.871410,-0.327901,0.400627,0.391802,-0.731294,0.388843,-0.028807,0.871410,-0.327901,0.330910,0.115899,-0.774479,0.526544,-0.222042,0.906952,-0.258459,0.223940,-0.106353,-0.966103,-0.072004,-0.019809,0.900543,-0.528356,0.652122,0.071390,-0.745492,-0.117819,-0.312779,0.626580,-0.315481,0.422122,0.038878,-0.879316,-0.217037,-0.071308,0.616771,-0.614687,0.509072,-0.180705,-0.840218,-0.047159,-0.355836,0.416206,-0.414335,0.424372,-0.002268,-0.856504,-0.293777,-0.161996,0.398716,-0.604157,0.485476,-0.261039,-0.825934,-0.118347,0.000000,0.000000,0.000000,6.963441,-25.046667,-1529.181519,-13.149305,7.490052,-983.756287,-120.049934,3.106859,-2184.361572,53.302753,-95.606483,-13477.654297,-3.727874,-2.984656,775.481445,-4.079201,-0.140932,2270.939941,106.498596,-136.354233,-15019.357422,29.112906,-17.269135,-105.304504,-22.559525,-6.512112,-77.235863,61.334259,-102.111397,383.211792,-1.445298,-11.256337,-178.893402,2.588584,-46.369236,-3547.097412,116.127602,-141.875381,-2091.019531,23.927370,16.390482,-1510.290527,-8.436286,-24.901283,788.270752,22.420374,9.037018,-422.465942,62.626770,-10.509914,1470.071411,3.772082,-15.589369,-1566.545410,-12.135429,-3.135257,1424.695312,18.718939,10.087119,-801.486633,-59.960323,15.087976,910.299805,-0.389972,5.890012,2856.691162,-10.314113,26.185249,3719.718262,-0.339257,-6.137818,-473.228149,-2.336297,1.080010,833.252380,26.552090,-7.051044,562.503052,-0.792745,-5.734748,-820.254883,-2.595198,-1.714574,531.682312,26.625443,-7.291370,518.068909,-0.903429,-4.097528,-996.633118,-2.847790,-4.057566,103.494278,26.642633,-7.436117,466.711761,-4.113585,0.039048,781.924622,5.462271,-0.886175,636.730652,-5.855575,-0.868426,11.373447,5.724501,-1.011954,505.941895,-16.765280,0.594881,461.060333,-10.263948,1.360893,-683.560791,68.180443,-2.432081,1403.902832,-10.516091,-0.691838,-69.841927,-3.020987,1.044724,-435.926300,73.482903,-2.289666,1103.624878,1,1
181,1822,0.013047,0.617813,-0.287586,0.501506,-0.068865,-0.855433,-0.109468,0.013047,0.617813,-0.287586,0.501506,-0.068865,-0.855433,-0.109468,0.004955,0.528141,-0.202790,0.392629,-0.331195,-0.688920,-0.511412,0.080283,0.526902,-0.337700,0.376071,-0.278585,-0.741170,-0.481277,-0.348986,0.419354,-0.389234,0.419235,0.208627,-0.840087,0.273810,-0.242377,0.368199,-0.544113,0.517297,0.079928,-0.786017,0.328926,-0.109094,0.112882,-0.266632,0.383887,0.081637,-0.913218,0.109540,-0.047376,0.059170,-0.362508,0.596507,0.090120,-0.797392,0.014981,0.116481,0.670772,-0.230319,0.486598,0.043876,-0.867696,0.091662,0.049459,0.830867,-0.274835,0.374068,0.264158,-0.757396,0.465451,-0.040345,0.882125,-0.335727,0.374068,0.264158,-0.757396,0.465451,-0.152599,0.946198,-0.411842,0.374068,0.264158,-0.757396,0.465451,-0.028371,0.875291,-0.327608,0.401372,0.390994,-0.732166,0.387243,-0.028371,0.875291,-0.327608,0.331705,0.115269,-0.775138,0.525211,-0.221460,0.911035,-0.257985,0.224073,-0.104732,-0.966189,-0.072809,-0.019335,0.904938,-0.527993,0.651753,0.071955,-0.745520,-0.119335,-0.311391,0.630529,-0.315676,0.422311,0.041264,-0.878971,-0.217625,-0.071124,0.621474,-0.615222,0.508514,-0.181128,-0.840407,-0.048199,-0.353612,0.420308,-0.415215,0.424898,-0.001567,-0.855596,-0.295660,-0.162210,0.403566,-0.605064,0.485239,-0.261021,-0.826105,-0.118160,0.000000,0.000000,0.000000,6.972865,0.523541,1420.567017,-13.156764,-0.414371,-439.134644,-120.042320,0.423008,-149.102859,52.698559,-33.566368,3446.673096,-3.738771,-0.605358,132.183228,-4.208116,-7.161909,-390.054260,106.020386,-26.567247,6099.276855,29.217791,5.826950,1283.115723,-22.645090,-4.753643,97.692757,60.201748,-62.917282,2177.450684,-1.605729,-8.912835,130.194550,2.343889,-13.594164,1820.837280,114.775276,-75.129189,3708.122070,24.006998,4.423777,-664.816956,-8.476425,-2.229955,1259.518188,22.478951,3.254255,-321.264648,62.517765,-6.055832,247.449036,3.807053,1.942873,974.013428,-11.983451,8.443249,643.250366,18.761303,2.353562,-429.642029,-59.930401,1.662360,-745.867493,-0.493802,-5.768301,-647.684021,-10.542713,-12.700027,-2160.293213,-0.318300,1.164271,405.671631,-2.328239,0.447644,-35.131424,26.477779,-4.128350,162.371887,-0.775024,0.984490,373.291016,-2.577501,0.983172,149.874786,26.551849,-4.088508,177.936798,-0.892983,0.580324,259.880676,-2.823006,1.376894,301.914429,26.569332,-4.072295,186.878967,-4.120708,-0.395695,-24.152390,5.384048,-4.345762,-192.199249,-5.839893,0.871208,96.646355,5.744157,1.091984,116.885445,-16.760929,0.241703,-19.620964,-10.288914,-1.386960,-152.658539,68.098549,-4.549662,-117.643364,-10.479577,2.028571,151.133835,-2.829057,10.662821,534.338745,73.327965,-8.607653,-350.999237,1,1
182,1827,0.013047,0.621379,-0.287586,0.501729,-0.067698,-0.855903,-0.105429,0.013047,0.621379,-0.287586,0.501729,-0.067698,-0.855903,-0.105429,0.005523,0.532154,-0.202269,0.397752,-0.326939,-0.693546,-0.503883,0.080832,0.530594,-0.337186,0.376427,-0.277838,-0.743953,-0.477119,-0.346965,0.414913,-0.386377,0.420315,0.208248,-0.840204,0.272075,-0.240871,0.368332,-0.542310,0.517613,0.078457,-0.785944,0.328959,-0.107639,0.107517,-0.264989,0.385612,0.080735,-0.912888,0.106868,-0.046707,0.059126,-0.360110,0.595047,0.090579,-0.798436,0.014661,0.116164,0.675305,-0.230651,0.486521,0.044761,-0.867397,0.094420,0.048614,0.835103,-0.275651,0.373979,0.264285,-0.757267,0.465661,-0.041214,0.886298,-0.336561,0.373979,0.264285,-0.757267,0.465661,-0.153498,0.950292,-0.412699,0.373979,0.264285,-0.757267,0.465661,-0.029237,0.879472,-0.328440,0.401223,0.391455,-0.732034,0.387181,-0.029237,0.879472,-0.328440,0.331142,0.115372,-0.775207,0.525440,-0.222255,0.915145,-0.258649,0.224988,-0.105684,-0.965800,-0.073764,-0.019971,0.909090,-0.528777,0.650968,0.072510,-0.746312,-0.118329,-0.312910,0.634927,-0.316647,0.422702,0.040493,-0.878552,-0.218698,-0.071084,0.625519,-0.615834,0.508612,-0.181207,-0.840328,-0.048240,-0.355708,0.424931,-0.416415,0.425174,-0.001389,-0.855500,-0.295542,-0.162209,0.407629,-0.605661,0.485335,-0.260940,-0.826051,-0.118322,0.000000,0.000000,0.000000,6.627465,-69.080063,-13920.721680,-12.807740,69.804764,14043.826172,-119.987129,11.038208,2123.040039,52.629711,-13.769531,3959.367188,-3.704495,6.855106,1492.092896,-4.318064,-21.989632,-2965.544434,105.405479,-122.981262,-19282.802734,29.093035,-24.951172,-6155.624023,-22.714645,-13.911057,-1831.482666,59.422836,-155.782318,-18573.007812,-1.741500,-27.154184,-3648.269531,2.035184,-61.741016,-9629.370117,113.330742,-288.906860,-42755.535156,24.124496,23.499680,3815.180420,-8.417738,11.737442,2793.479492,22.585196,21.249008,3598.950439,62.656166,27.680206,6747.208008,3.782424,-4.925823,-1373.739258,-11.986197,-0.549126,-1798.474854,18.745132,-3.234100,-1117.532471,-59.952866,-4.492950,-1231.062134,-0.451146,8.531206,2859.901367,-10.368292,34.884262,9516.857422,-0.351653,-6.670719,-1566.998047,-2.325337,0.580359,26.542877,26.331205,-29.314804,-5037.291016,-0.800971,-5.189431,-1234.784058,-2.589084,-2.316618,-659.957947,26.404419,-29.486084,-5079.515137,-0.905190,-2.441514,-604.367554,-2.844337,-4.266357,-1128.650269,26.421808,-29.504776,-5086.496094,-4.087851,6.571388,1393.416748,5.341222,-8.565044,-843.856567,-5.803305,7.317543,1289.266968,5.780813,7.331276,1247.858398,-16.715805,9.024811,1756.621460,-10.280150,1.752663,627.924622,68.029579,-13.793945,-1848.856689,-10.456360,4.643440,522.973816,-2.924890,-19.166756,-5965.915039,73.466225,27.651978,7251.925781,1,1
183,1836,0.013047,0.622106,-0.287586,0.501687,-0.067781,-0.855909,-0.105527,0.013047,0.622106,-0.287586,0.501687,-0.067781,-0.855909,-0.105527,0.005495,0.532876,-0.202276,0.400472,-0.325108,-0.695918,-0.499625,0.080813,0.531309,-0.337188,0.375665,-0.278318,-0.744320,-0.476869,-0.346321,0.411202,-0.384807,0.421247,0.208177,-0.839886,0.271669,-0.240900,0.369107,-0.542337,0.517926,0.076782,-0.786566,0.327369,-0.107014,0.103598,-0.263907,0.385742,0.080470,-0.913033,0.105350,-0.048340,0.058810,-0.360292,0.595124,0.090572,-0.798405,0.013192,0.116173,0.676003,-0.230639,0.486636,0.044307,-0.867418,0.093858,0.048916,0.835991,-0.275495,0.374867,0.263350,-0.757950,0.464364,-0.040768,0.887595,-0.336273,0.374867,0.263350,-0.757950,0.464364,-0.152872,0.952099,-0.412246,0.374867,0.263350,-0.757950,0.464364,-0.028810,0.880714,-0.328170,0.402601,0.390400,-0.732450,0.386028,-0.028810,0.880714,-0.328170,0.331835,0.114809,-0.775865,0.524155,-0.221537,0.916916,-0.258011,0.226180,-0.105393,-0.965643,-0.072586,-0.019557,0.910691,-0.528452,0.650948,0.072515,-0.746307,-0.118468,-0.311961,0.636528,-0.315325,0.422739,0.040545,-0.878577,-0.218517,-0.070704,0.627205,-0.615613,0.508055,-0.181578,-0.840518,-0.049380,-0.354705,0.426492,-0.415032,0.425218,-0.001478,-0.855468,-0.295570,-0.162230,0.409463,-0.605866,0.485057,-0.260877,-0.826210,-0.118492,0.000000,0.000000,0.000000,6.633284,0.646538,7747.400391,-12.821379,-1.515388,-7924.460938,-119.993149,-0.668844,-1300.783569,52.618820,-1.210107,1395.491699,-3.703825,0.074440,-753.407471,-4.428434,-12.263404,1080.691895,105.152824,-28.072781,10545.386719,28.960632,-14.711380,1137.754639,-22.862650,-16.444948,-281.543518,58.751541,-74.588348,9021.551758,-1.884258,-15.861949,1254.692871,1.956110,-8.785990,5883.891602,112.630981,-77.751160,23461.744141,24.254576,14.453252,-1005.158630,-8.428645,-1.211908,-1438.816772,22.665674,8.942074,-1367.437134,62.582539,-8.180830,-3984.559814,3.802919,2.277162,800.331787,-11.860466,13.970057,1613.242676,18.854355,12.135823,1707.769287,-60.076324,-13.717651,-1024.966797,-0.454793,-0.405282,-992.943115,-10.397859,-3.285196,-4241.050781,-0.337302,1.594606,918.369446,-2.315124,1.134766,61.600883,26.263195,-7.556704,2417.566650,-0.790247,1.191576,709.000793,-2.573347,1.748641,451.695496,26.336672,-7.527457,2439.847168,-0.899898,0.588013,336.614075,-2.825268,2.118852,709.467773,26.354031,-7.530848,2441.547607,-4.101310,-1.495467,-896.317261,5.271089,-7.792579,85.829521,-5.774897,3.156450,-462.343628,5.683173,-10.848947,-2020.024536,-16.695896,2.212101,-756.967834,-10.211460,7.632256,653.288086,67.873405,-17.352634,-395.409912,-10.408229,5.347888,78.271919,-2.810722,12.685405,3539.129150,73.222313,-27.101305,-6083.697754,1,1
184,1844,0.013047,0.629933,-0.287586,0.501687,-0.067730,-0.855926,-0.105425,0.013047,0.629933,-0.287586,0.501687,-0.067730,-0.855926,-0.105425,0.005511,0.540712,-0.202265,0.403076,-0.323344,-0.697204,-0.496876,0.080831,0.539142,-0.337175,0.376321,-0.275278,-0.750369,-0.468563,-0.345814,0.415919,-0.383649,0.422075,0.207816,-0.840247,0.269537,-0.238093,0.369221,-0.540383,0.517467,0.074358,-0.787225,0.327073,-0.107219,0.107222,-0.264137,0.385361,0.079268,-0.913236,0.105890,-0.047287,0.058454,-0.357295,0.595090,0.090687,-0.798443,0.011483,0.116162,0.683856,-0.230645,0.486638,0.044311,-0.867463,0.093427,0.049019,0.843971,-0.275304,0.374941,0.263234,-0.758737,0.463082,-0.040586,0.895874,-0.335943,0.374941,0.263234,-0.758737,0.463082,-0.152592,0.960753,-0.411741,0.374941,0.263234,-0.758737,0.463082,-0.028638,0.888954,-0.327857,0.402486,0.390691,-0.733169,0.384484,-0.028638,0.888954,-0.327857,0.331990,0.114732,-0.776677,0.522869,-0.221224,0.925040,-0.257408,0.227199,-0.104721,-0.965340,-0.074386,-0.019364,0.919327,-0.528059,0.650927,0.072527,-0.746349,-0.118310,-0.311543,0.644826,-0.315771,0.422280,0.041591,-0.878409,-0.219882,-0.070437,0.635822,-0.615172,0.507813,-0.181709,-0.840634,-0.049420,-0.354082,0.435109,-0.416234,0.425088,-0.001545,-0.855529,-0.295579,-0.162021,0.418104,-0.605437,0.485165,-0.259090,-0.826699,-0.118558,0.000000,0.000000,0.000000,6.625819,-0.933051,-197.448669,-12.810307,1.384020,362.426056,-119.992645,0.062943,91.473259,51.438026,-147.599213,-18298.636719,-3.666182,4.705459,578.877380,-4.807099,-47.333122,-4383.714844,103.816483,-167.042725,-17371.242188,28.924719,-4.489183,1277.774536,-23.194965,-41.539429,-3136.810059,58.296757,-56.848049,2217.537354,-1.986837,-12.822374,379.946838,1.791808,-20.537674,-1468.960571,111.928864,-87.764740,-1251.697510,24.016132,-29.805422,-5532.334473,-8.646110,-27.183056,-3246.393555,22.692041,3.295898,-705.771912,62.555668,-3.358841,602.748657,3.612435,-23.810417,-3260.947510,-11.739762,15.087962,139.738083,18.827227,-3.391027,-1940.856323,-60.222740,-18.301964,-573.039062,-0.643395,-23.575169,-2896.235840,-10.310774,10.885596,1771.349121,-0.361279,-2.997167,-573.971741,-2.307427,0.962108,-21.582260,26.207788,-6.925821,78.860283,-0.813419,-2.896525,-511.012665,-2.576743,-0.424594,-271.654358,26.280371,-7.037640,61.227203,-0.917151,-2.156630,-343.080414,-2.838380,-1.638979,-469.728882,26.297184,-7.105827,53.127586,-4.101227,0.010371,188.229813,5.247901,-2.898455,611.765503,-5.727872,5.878091,340.205109,5.704327,2.644300,1686.655884,-16.666033,3.732920,190.102402,-10.115489,11.996388,545.516602,67.754395,-14.876366,309.533600,-10.357473,6.344438,124.568764,-2.769276,5.180746,-938.082336,73.208893,-1.677513,3177.973877,1,1
185,1859,0.013047,0.634068,-0.287586,0.501671,-0.068013,-0.856136,-0.103589,0.013047,0.634068,-0.287586,0.501671,-0.068013,-0.856136,-0.103589,0.005640,0.545134,-0.201955,0.405884,-0.320460,-0.700277,-0.492114,0.080953,0.543199,-0.336865,0.377314,-0.274044,-0.752549,-0.464977,-0.344409,0.415020,-0.382077,0.422418,0.207571,-0.840353,0.268857,-0.236979,0.370032,-0.538859,0.517918,0.073542,-0.787511,0.325851,-0.106113,0.105932,-0.262981,0.386919,0.078457,-0.912815,0.104438,-0.047060,0.058496,-0.356155,0.595072,0.090632,-0.798460,0.011709,0.116091,0.688332,-0.230840,0.486863,0.043706,-0.867292,0.094119,0.049129,0.848544,-0.275615,0.376105,0.262264,-0.759372,0.461645,-0.040339,0.900888,-0.336076,0.376105,0.262264,-0.759372,0.461645,-0.152174,0.966318,-0.411653,0.376105,0.262264,-0.759372,0.461645,-0.028410,0.893909,-0.328015,0.403501,0.389537,-0.733943,0.383113,-0.028410,0.893909,-0.328015,0.332324,0.114203,-0.777529,0.521504,-0.220837,0.930546,-0.257412,0.227066,-0.104790,-0.965360,-0.074434,-0.018924,0.924721,-0.528087,0.650004,0.073269,-0.747202,-0.117543,-0.311164,0.650283,-0.315830,0.421894,0.042261,-0.878788,-0.218976,-0.069314,0.641149,-0.615209,0.507781,-0.181695,-0.840658,-0.049393,-0.353201,0.440375,-0.416107,0.424783,-0.001522,-0.855651,-0.295665,-0.160886,0.423426,-0.605470,0.485118,-0.259147,-0.826711,-0.118542,0.000000,0.000000,0.000000,6.423911,-12.619287,-730.389709,-12.732065,4.890084,219.129028,-119.979263,0.836372,48.339367,51.105507,-20.782471,7926.046387,-3.648430,1.109466,-224.749542,-4.772502,2.162337,3093.466309,103.131500,-42.811394,7764.458008,28.731762,-12.059808,-473.164032,-23.172131,1.427174,2685.412598,57.666698,-39.378643,1091.837891,-2.002422,-0.974067,740.519226,1.565912,-14.118507,401.197906,111.052673,-54.761887,2062.678223,24.120867,6.545901,2271.957520,-8.580843,4.079163,1953.888672,22.788689,6.040454,171.534714,62.680077,7.775545,695.899109,3.619318,0.430137,1515.034668,-11.745174,-0.338256,-964.138611,18.744347,-5.180001,-111.810860,-60.255726,-2.061605,1015.022400,-0.664685,-1.330629,1390.283691,-10.448539,-8.610308,-1218.493896,-0.381894,-1.288395,106.798248,-2.281732,1.605988,40.242447,26.072899,-8.430600,-94.048676,-0.838348,-1.558088,83.652321,-2.562238,0.906557,83.196907,26.144283,-8.505464,-91.738998,-0.940431,-1.454957,43.854580,-2.835797,0.161439,112.526115,26.160057,-8.570433,-91.537834,-4.077049,1.511127,93.797218,5.106741,-8.822500,-370.252838,-5.746799,-1.182944,-441.314636,5.675862,-1.779050,-276.459381,-16.589489,4.783988,65.691772,-10.036613,4.929781,-441.662964,67.488953,-16.590118,-107.109543,-10.360657,-0.198960,-408.962372,-2.650586,7.418096,139.834381,73.058220,-9.417057,-483.721497,1,1
186,1865,0.013047,0.642661,-0.287586,0.501892,-0.066507,-0.856399,-0.101298,0.013047,0.642661,-0.287586,0.501892,-0.066507,-0.856399,-0.101298,0.006091,0.553900,-0.201738,0.407675,-0.318720,-0.702370,-0.488770,0.081398,0.552010,-0.336652,0.378446,-0.270655,-0.758857,-0.455698,-0.343124,0.420245,-0.380895,0.422928,0.206388,-0.840818,0.267510,-0.233401,0.370427,-0.536088,0.517592,0.071291,-0.788052,0.325561,-0.105894,0.110148,-0.262294,0.386900,0.078585,-0.912957,0.103160,-0.045097,0.058459,-0.352452,0.594960,0.090559,-0.798553,0.011594,0.115827,0.697573,-0.230985,0.486727,0.044778,-0.867144,0.095672,0.048450,0.857591,-0.275971,0.375966,0.262315,-0.759336,0.461788,-0.041023,0.909897,-0.336458,0.375966,0.262315,-0.759336,0.461788,-0.152863,0.975280,-0.412068,0.375966,0.262315,-0.759336,0.461788,-0.029093,0.902923,-0.328393,0.403389,0.389596,-0.733892,0.383268,-0.029093,0.902923,-0.328393,0.332349,0.114205,-0.777434,0.521630,-0.221541,0.939520,-0.257828,0.227012,-0.104769,-0.965379,-0.074378,-0.019597,0.933843,-0.528478,0.649911,0.073690,-0.746982,-0.119183,-0.311847,0.659252,-0.316223,0.421872,0.042207,-0.878784,-0.219045,-0.070398,0.650584,-0.616493,0.506966,-0.182207,-0.840980,-0.050380,-0.353917,0.449360,-0.416516,0.424740,-0.001382,-0.855686,-0.295626,-0.162386,0.433021,-0.607114,0.484293,-0.259606,-0.826909,-0.119525,0.000000,0.000000,0.000000,6.275888,-29.604528,-3397.048096,-12.450402,56.332588,10288.500977,-119.940460,7.760620,1384.849487,50.102173,-200.666809,-35976.867188,-3.558260,18.033934,3384.893311,-5.157492,-76.998039,-15832.075195,101.676651,-290.969849,-49631.691406,28.575632,-31.225967,-3833.231934,-23.374790,-40.531921,-8391.818359,57.451328,-43.074036,-739.078491,-2.059770,-11.469650,-2099.116699,1.542022,-4.777980,1868.105469,110.303009,-149.932861,-19034.195312,24.038021,-16.569138,-4623.007812,-8.463674,23.433876,3870.942627,22.840023,10.266876,845.284485,62.495186,-36.978149,-8950.738281,3.624600,1.056576,125.287766,-11.740907,0.853539,238.358978,18.757151,2.560806,1548.161499,-60.252457,0.653839,543.088928,-0.650342,2.868593,839.844360,-10.427235,4.260826,2574.226807,-0.374990,1.380622,533.803589,-2.290025,-1.658773,-652.952209,25.973772,-19.825363,-2278.952637,-0.824723,2.724993,856.616211,-2.566549,-0.862026,-353.716614,26.045862,-19.684219,-2235.751221,-0.922039,3.678262,1026.643799,-2.833418,0.475740,62.860249,26.062569,-19.497681,-2185.449707,-4.084724,-1.535034,-609.232178,5.129163,4.484272,2661.354492,-5.745871,0.185680,273.724792,5.676126,0.052643,366.338501,-16.628695,-7.841110,-2525.019775,-10.141050,-20.887566,-5163.469238,67.615967,25.402832,8398.589844,-10.360749,-0.018501,36.091805,-2.658983,-1.679468,-1819.512939,73.066528,1.661682,2215.747803,1,1
187,1876,0.013047,0.642137,-0.287586,0.502028,-0.066869,-0.856469,-0.099785,0.013047,0.642137,-0.287586,0.502028,-0.066869,-0.856469,-0.099785,0.006211,0.553623,-0.201473,0.409754,-0.316745,-0.705202,-0.484215,0.081461,0.551406,-0.336414,0.378721,-0.271830,-0.758427,-0.455485,-0.341912,0.415355,-0.379252,0.423527,0.205632,-0.840752,0.267353,-0.234013,0.370200,-0.535122,0.518696,0.070683,-0.787595,0.325043,-0.105123,0.104934,-0.260619,0.387058,0.076181,-0.913433,0.100114,-0.046034,0.057877,-0.351758,0.595030,0.090710,-0.798519,0.008811,0.115800,0.697312,-0.231192,0.486911,0.044570,-0.866989,0.096235,0.048443,0.857366,-0.276209,0.376120,0.262301,-0.759962,0.460639,-0.040980,0.909928,-0.336547,0.376120,0.262301,-0.759962,0.460639,-0.152758,0.975631,-0.411971,0.376120,0.262301,-0.759962,0.460639,-0.029057,0.902920,-0.328502,0.403635,0.389357,-0.734366,0.382343,-0.029057,0.902920,-0.328502,0.332024,0.114115,-0.778304,0.520559,-0.221423,0.939722,-0.257805,0.227149,-0.104955,-0.965325,-0.074407,-0.019261,0.934213,-0.528440,0.648831,0.074248,-0.747996,-0.118355,-0.311847,0.659478,-0.316176,0.421969,0.042108,-0.878757,-0.218987,-0.069402,0.650927,-0.616423,0.506332,-0.182512,-0.841235,-0.051396,-0.353956,0.449571,-0.416422,0.424826,-0.001477,-0.855661,-0.295575,-0.161736,0.433493,-0.607446,0.483948,-0.259345,-0.827175,-0.119654,0.000000,0.000000,0.000000,6.099985,-15.991168,1237.578247,-12.399835,4.597057,-4703.229980,-119.908958,2.863797,-445.165710,50.296516,17.667597,19848.582031,-3.498085,5.470471,-1142.132935,-5.080104,7.035299,7639.395020,101.637794,-3.532410,26130.675781,28.685619,9.998841,3747.709961,-23.529961,-14.106403,2402.319824,56.885021,-51.482460,-764.402283,-2.082830,-2.096393,852.114319,1.430282,-10.158181,-489.109192,109.542213,-69.163239,7342.693359,24.428997,35.543270,4737.491699,-8.523923,-5.477211,-2628.280762,22.995033,14.091839,347.723877,62.577744,7.505243,4043.944580,3.627570,0.269955,-71.510994,-11.614518,11.489868,966.939087,18.743807,-1.213074,-343.079987,-60.253307,-0.077334,-66.470306,-0.648581,0.160060,-246.230225,-10.427758,-0.047597,-391.674805,-0.435064,-5.461251,-621.988525,-2.277310,1.155983,255.886978,25.886904,-7.897117,1084.385864,-0.881193,-5.133585,-714.416260,-2.581160,-1.328317,-42.390030,25.956724,-8.103457,1052.796509,-0.962796,-3.705138,-671.218262,-2.871014,-3.417795,-353.957794,25.972088,-8.225528,1024.741211,-4.036025,4.427216,542.022705,5.059579,-6.325766,-982.730713,-5.759369,-1.227119,-128.436279,5.622877,-4.840764,-444.855164,-16.544325,7.669969,1410.098145,-10.062877,7.106694,2544.932617,67.445084,-15.534835,-3721.606201,-10.367206,-0.586943,-51.676540,-2.629261,2.702085,398.322968,72.965813,-9.155967,-983.422607,1,1
188,1884,0.011869,0.652116,-0.289434,0.501936,-0.067025,-0.856782,-0.097428,0.011869,0.652116,-0.289434,0.501936,-0.067025,-0.856782,-0.097428,0.005209,0.563957,-0.202945,0.412581,-0.314050,-0.706969,-0.480983,0.080481,0.561323,-0.337866,0.381289,-0.267228,-0.763824,-0.446968,-0.341857,0.421827,-0.379745,0.424066,0.204748,-0.841673,0.264257,-0.231616,0.371908,-0.534144,0.518823,0.069533,-0.789043,0.321556,-0.106445,0.109722,-0.262802,0.387102,0.076060,-0.913531,0.099136,-0.045712,0.057562,-0.352126,0.596493,0.090133,-0.797506,0.007533,0.114497,0.707749,-0.233264,0.487015,0.044111,-0.866789,0.097711,0.047140,0.867745,-0.278640,0.377055,0.261501,-0.759969,0.460319,-0.042211,0.920478,-0.338935,0.377055,0.261501,-0.759969,0.460319,-0.153901,0.986395,-0.414303,0.377055,0.261501,-0.759969,0.460319,-0.030298,0.913447,-0.330896,0.404369,0.388615,-0.734608,0.381858,-0.030298,0.913447,-0.330896,0.332610,0.113677,-0.778307,0.520276,-0.222575,0.950528,-0.260129,0.227078,-0.104715,-0.965364,-0.074448,-0.020544,0.944779,-0.530836,0.648814,0.074281,-0.748012,-0.118327,-0.312864,0.670262,-0.318564,0.421877,0.042199,-0.878792,-0.219007,-0.070698,0.661538,-0.618784,0.506507,-0.184328,-0.840732,-0.051418,-0.354931,0.460361,-0.418842,0.424759,-0.001512,-0.855689,-0.295591,-0.163727,0.444420,-0.609350,0.484903,-0.257059,-0.827477,-0.118625,0.000000,0.000000,0.000000,5.854238,-35.106728,-2730.794189,-12.278105,17.389978,1827.560181,-119.903419,0.791277,-296.074280,49.225761,-152.964996,-24376.083984,-3.506692,-1.229491,-957.137329,-5.052844,3.894261,-448.719757,99.891487,-249.472488,-35134.296875,28.471603,-30.573709,-5796.078613,-23.583975,-7.716315,912.869690,56.516861,-52.594322,-158.837448,-2.080688,0.306027,343.202850,1.082114,-49.738274,-5654.299316,108.587952,-136.323105,-9594.266602,24.150633,-39.766315,-10758.512695,-8.522734,0.169890,806.728882,23.213734,31.242916,2450.154053,62.540974,-5.252838,-1822.583008,3.275077,-50.356148,-7232.300293,-11.253263,51.607815,5731.135254,18.743650,-0.022343,170.104355,-60.263882,-1.510620,-204.755127,-0.662847,-2.038070,-314.018616,-10.433621,-0.837599,-112.857361,-0.445430,-1.480873,568.625427,-2.256189,3.017221,265.891144,25.778772,-15.447344,-1078.603760,-0.896118,-2.132203,428.768951,-2.566254,2.129385,493.957306,25.847654,-15.581404,-1068.278076,-0.978616,-2.259978,206.451492,-2.863758,1.036576,636.338806,25.862078,-15.715735,-1070.029663,-4.044882,-1.265321,-813.219604,4.997588,-8.855956,-361.455780,-5.759594,-0.032084,170.719208,5.644144,3.038134,1125.556763,-16.538132,0.884737,-969.318787,-10.058208,0.666891,-919.971985,67.357628,-12.493678,434.450958,-10.358878,1.189641,253.797699,-2.544653,12.086835,1340.678589,72.914551,-7.323129,261.834015,1,1
189,1896,0.012103,0.651603,-0.289259,0.501998,-0.067197,-0.856682,-0.097866,0.012103,0.651603,-0.289259,0.501998,-0.067197,-0.856682,-0.097866,0.005394,0.563396,-0.202822,0.416357,-0.309435,-0.711474,-0.474027,0.080640,0.560788,-0.337758,0.381081,-0.267574,-0.763483,-0.447522,-0.339267,0.413576,-0.377957,0.424403,0.203316,-0.842571,0.261953,-0.231697,0.371925,-0.534195,0.518844,0.069503,-0.788984,0.321674,-0.105392,0.099968,-0.261951,0.387233,0.073709,-0.914157,0.094528,-0.045759,0.057639,-0.352106,0.596376,0.090258,-0.797576,0.007830,0.114783,0.707126,-0.233074,0.487064,0.043951,-0.866854,0.096960,0.047615,0.867278,-0.278223,0.377059,0.261282,-0.760728,0.459185,-0.041643,0.920289,-0.338414,0.377059,0.261282,-0.760728,0.459185,-0.153214,0.986553,-0.413653,0.377059,0.261282,-0.760728,0.459185,-0.029742,0.913221,-0.330388,0.404539,0.388200,-0.735187,0.380985,-0.029742,0.913221,-0.330388,0.332734,0.113589,-0.779059,0.519089,-0.221946,0.950539,-0.259557,0.227115,-0.104815,-0.965352,-0.074356,-0.019984,0.944935,-0.530266,0.648943,0.074377,-0.747904,-0.118242,-0.312283,0.670274,-0.317922,0.421946,0.042165,-0.878757,-0.219020,-0.070073,0.661691,-0.618213,0.506436,-0.184354,-0.840763,-0.051516,-0.354374,0.460375,-0.418194,0.424808,-0.001470,-0.855628,-0.295696,-0.163134,0.444585,-0.608820,0.484809,-0.257067,-0.827497,-0.118848,0.000000,0.000000,0.000000,5.887609,2.567034,2897.981689,-12.321116,-3.308590,-1592.197510,-119.897186,0.479478,-23.984549,49.259197,2.571986,11964.383789,-3.514194,-0.577083,50.185196,-5.065398,-0.965705,-373.843567,99.990799,7.639371,19777.833984,28.442400,-2.246417,2179.022461,-23.577526,0.496057,631.721008,55.297230,-93.817787,-3171.035645,-2.095204,-1.116606,-109.433319,0.955795,-9.716905,3078.566895,107.092010,-115.072395,1634.669922,24.422485,20.911730,4667.541992,-8.508063,1.128490,73.738457,23.238586,1.911750,-2256.243652,62.512001,-2.228663,232.628830,3.266839,-0.633662,3824.806396,-11.264821,-0.889045,-4038.219971,18.754835,0.860361,67.900322,-60.254551,0.717750,171.413086,-0.649434,1.031807,236.144394,-10.439820,-0.476837,27.750874,-0.464689,-1.481453,-0.044593,-2.258392,-0.169424,-245.126541,25.748878,-2.299529,1011.370361,-0.911438,-1.178466,73.364349,-2.576787,-0.810201,-226.121994,25.817257,-2.338263,1018.703186,-0.986519,-0.607944,127.079506,-2.880024,-1.251239,-175.985779,25.831594,-2.344865,1028.528442,-4.058904,-1.078606,14.362757,4.974743,-1.757255,546.053955,-5.767408,-0.601108,-43.771072,5.582238,-4.761989,-600.009460,-16.524933,1.015296,10.043001,-9.969728,6.806153,472.250977,67.246552,-8.544335,303.795593,-10.357895,0.075634,-85.692833,-2.505938,2.978068,-700.674377,72.793060,-9.345422,-155.561005,1,1
190,1909,0.011377,0.654894,-0.290889,0.502121,-0.065708,-0.856787,-0.097330,0.011377,0.654894,-0.290889,0.502121,-0.065708,-0.856787,-0.097330,0.004934,0.566617,-0.204504,0.416215,-0.309687,-0.711421,-0.474066,0.080203,0.564322,-0.339433,0.381614,-0.265736,-0.766306,-0.443318,-0.339820,0.416955,-0.379590,0.424513,0.203084,-0.842571,0.261955,-0.230479,0.371632,-0.534731,0.518540,0.068587,-0.789419,0.321295,-0.106078,0.103272,-0.263522,0.387383,0.073713,-0.914038,0.095056,-0.045346,0.057035,-0.352361,0.597345,0.088368,-0.797079,0.006033,0.113876,0.710706,-0.234661,0.487104,0.044578,-0.866811,0.096861,0.046700,0.870947,-0.279633,0.378067,0.260491,-0.761224,0.457982,-0.042445,0.924322,-0.339667,0.378067,0.260491,-0.761224,0.457982,-0.153877,0.991041,-0.414710,0.378067,0.260491,-0.761224,0.457982,-0.030559,0.917205,-0.331663,0.405393,0.387294,-0.735810,0.379793,-0.030559,0.917205,-0.331663,0.332973,0.113123,-0.779766,0.517974,-0.222618,0.954965,-0.260675,0.227091,-0.104892,-0.965336,-0.074528,-0.020587,0.949270,-0.531421,0.648021,0.074998,-0.748756,-0.117514,-0.313016,0.674732,-0.319129,0.421884,0.042188,-0.878766,-0.219099,-0.070060,0.665965,-0.619343,0.506455,-0.184364,-0.840748,-0.051547,-0.355106,0.464851,-0.419439,0.424755,-0.001471,-0.855638,-0.295745,-0.163132,0.448863,-0.609958,0.484829,-0.257077,-0.827479,-0.118874,0.000000,0.000000,0.000000,5.917796,2.156189,-29.346073,-12.142201,12.779645,1149.159546,-119.884949,0.874111,28.188038,48.782490,-34.050533,-2615.894287,-3.434243,5.710738,449.130096,-5.312644,-17.660448,-1192.481567,99.296707,-49.577984,-4086.953857,28.660093,15.549523,1271.138550,-23.668291,-6.483214,-498.519440,55.464920,11.977877,7556.833008,-2.157480,-4.448295,-237.977783,1.083143,9.096273,1343.798584,107.099190,0.512804,8256.084961,24.356817,-4.690579,-1828.736328,-8.495981,0.863007,-18.963078,23.325575,6.213460,307.264984,62.646545,9.610312,845.641113,3.266851,0.000834,45.321144,-11.264326,0.035354,66.028473,18.745588,-0.660488,-108.632034,-60.255753,-0.085831,-57.398617,-0.654039,-0.328898,-97.193230,-10.437958,0.133038,43.562481,-0.406584,4.150388,402.274384,-2.249377,0.643883,58.093380,25.636347,-8.037976,-409.889099,-0.858850,3.756327,352.485260,-2.543311,2.391168,228.669266,25.706644,-7.900919,-397.332581,-0.949096,2.673077,234.358643,-2.826678,3.810423,361.547272,25.722059,-7.823944,-391.362793,-4.029621,2.091646,226.446564,4.852243,-8.750030,-499.483887,-5.779965,-0.896897,-21.127745,5.565368,-1.205002,254.070541,-16.451988,5.210331,299.645355,-9.906065,4.547391,-161.340134,67.018982,-16.254971,-550.759644,-10.358125,-0.016417,-6.575038,-2.410506,6.816592,274.180267,72.679962,-8.078439,90.498787,1,1
191,1924,0.012203,0.664244,-0.294375,0.502174,-0.065689,-0.856952,-0.095597,0.012203,0.664244,-0.294375,0.502174,-0.065689,-0.856952,-0.095597,0.005932,0.576213,-0.207726,0.421751,-0.304499,-0.715993,-0.465576,0.081185,0.573652,-0.342659,0.383268,-0.263960,-0.771385,-0.434046,-0.336182,0.417555,-0.380007,0.426043,0.201239,-0.843555,0.257691,-0.227180,0.373670,-0.534144,0.520151,0.064926,-0.790011,0.317977,-0.104650,0.101393,-0.266259,0.387482,0.071512,-0.914620,0.090628,-0.045304,0.056885,-0.352285,0.596901,0.087266,-0.797532,0.006021,0.114609,0.720408,-0.238328,0.487108,0.044691,-0.866728,0.097519,0.047377,0.880664,-0.283309,0.377941,0.260608,-0.762006,0.456717,-0.041711,0.934302,-0.343196,0.377941,0.260608,-0.762006,0.456717,-0.153070,1.001350,-0.418054,0.377941,0.260608,-0.762006,0.456717,-0.029832,0.927151,-0.335211,0.405473,0.387113,-0.736335,0.378874,-0.029832,0.927151,-0.335211,0.333007,0.113761,-0.780614,0.516532,-0.221837,0.965048,-0.264137,0.227097,-0.104671,-0.965375,-0.074310,-0.020023,0.960030,-0.534905,0.648484,0.076803,-0.747953,-0.118891,-0.312088,0.684767,-0.322500,0.421879,0.042110,-0.878778,-0.219078,-0.069268,0.676996,-0.624057,0.505987,-0.184345,-0.841052,-0.051240,-0.354205,0.474881,-0.422787,0.424747,-0.001588,-0.855648,-0.295727,-0.162261,0.459863,-0.614611,0.484242,-0.258193,-0.827584,-0.118114,0.000000,0.000000,0.000000,5.743262,-11.635621,-919.454041,-12.040174,6.801796,-398.523285,-119.865593,1.290385,27.751617,47.780964,-66.768394,-2181.190674,-3.194143,16.006676,686.395813,-5.565795,-16.876698,52.250038,97.558670,-115.869141,-4419.410645,28.143484,-34.440613,-3332.675781,-23.647205,1.405716,525.928650,54.251518,-80.893456,-6191.421875,-2.257998,-6.701200,-150.193649,0.726570,-23.771524,-2191.186523,105.171593,-128.506470,-8601.285156,24.375420,1.240158,395.382446,-8.541791,-3.053983,-261.132660,23.440302,7.648468,95.667168,62.366123,-18.694815,-1887.008423,3.413764,9.794204,652.891296,-11.288606,-1.618640,-110.266243,18.764194,1.240412,126.726662,-60.266617,-0.724284,-42.563545,-0.657981,-0.262833,4.404386,-10.440287,-0.155258,-19.219717,-0.471295,-4.314101,-564.299255,-2.237836,0.769424,8.369402,25.534264,-6.805547,82.161942,-0.918115,-3.951033,-513.824036,-2.560289,-1.131916,-234.872284,25.602142,-6.966782,62.275856,-0.990884,-2.785893,-363.931335,-2.866928,-2.683369,-432.919464,25.616144,-7.061005,50.862629,-4.084225,-3.640302,-382.129852,4.805505,-3.115845,375.612335,-5.796627,-1.110776,-14.258642,5.489808,-5.037339,-255.489182,-16.497662,-3.044891,-550.348206,-9.910726,-0.310707,-323.873230,66.965149,-3.588867,844.406921,-10.364063,-0.395902,-25.299013,-2.363806,3.113333,-246.883881,72.532631,-9.822083,-116.242920,1,1
192,1935,0.011512,0.668708,-0.295808,0.501299,-0.064948,-0.857835,-0.092735,0.011512,0.668708,-0.295808,0.501299,-0.064948,-0.857835,-0.092735,0.005414,0.581038,-0.208782,0.424292,-0.302641,-0.717433,-0.462249,0.080968,0.578187,-0.343540,0.384727,-0.261786,-0.773808,-0.429737,-0.335794,0.418983,-0.379670,0.427019,0.200873,-0.843677,0.255958,-0.225704,0.374281,-0.533532,0.520460,0.064347,-0.790664,0.315959,-0.104868,0.101951,-0.267118,0.387502,0.071106,-0.914773,0.089313,-0.044927,0.056361,-0.352559,0.597843,0.085391,-0.797039,0.004599,0.113566,0.725540,-0.239792,0.486197,0.044414,-0.867085,0.099007,0.046490,0.885818,-0.285198,0.378236,0.258505,-0.763156,0.455746,-0.042228,0.939931,-0.345205,0.378236,0.258505,-0.763156,0.455746,-0.153126,1.007572,-0.420214,0.378236,0.258505,-0.763156,0.455746,-0.030399,0.932716,-0.337204,0.405953,0.385335,-0.737514,0.377879,-0.030399,0.932716,-0.337204,0.333284,0.112370,-0.781517,0.515291,-0.222242,0.971245,-0.266232,0.227145,-0.104834,-0.965335,-0.074453,-0.020348,0.965932,-0.536890,0.648498,0.076708,-0.747912,-0.119139,-0.312600,0.690993,-0.324654,0.421808,0.042171,-0.878830,-0.218990,-0.069724,0.682922,-0.626113,0.505893,-0.184307,-0.841121,-0.051172,-0.354666,0.481089,-0.424924,0.424685,-0.001515,-0.855729,-0.295582,-0.162686,0.465777,-0.616661,0.484148,-0.258186,-0.827653,-0.118034,0.000000,0.000000,0.000000,5.509665,-23.359728,-1172.410645,-11.794727,24.544716,1774.291992,-119.967522,-10.192871,-1148.325562,47.476955,-30.400848,3636.754639,-3.076391,11.775208,-423.146820,-5.443112,12.268305,2914.500244,96.665535,-89.313507,2655.563232,28.190098,4.661369,3910.197998,-23.572111,7.509422,610.370667,54.044399,-20.711899,6018.155762,-2.434430,-17.643166,-1094.196533,0.433617,-29.295298,-552.377319,104.453506,-71.808624,5669.784180,24.330872,-4.454803,-569.496155,-8.588380,-4.658890,-160.490677,23.409731,-3.057098,-1070.556641,62.346992,-1.913071,1678.174438,3.418840,0.507593,-928.661011,-11.288843,-0.023746,159.489304,18.740732,-2.346230,-358.664185,-60.276161,-0.954437,-23.015339,-0.660596,-0.261539,0.129342,-10.433156,0.713062,86.832047,-0.466245,0.505036,481.913666,-2.233048,0.478768,-29.065609,25.336382,-19.788170,-1298.262207,-0.908445,0.967008,491.804047,-2.553470,0.681925,181.384079,25.404758,-19.738388,-1277.160645,-0.977031,1.385319,417.121246,-2.855976,1.095247,377.861664,25.419489,-19.665527,-1260.452271,-4.154085,-6.985950,-334.564850,4.730646,-7.485962,-437.011719,-5.748029,4.859781,597.055786,5.455238,-3.457022,158.031754,-16.529978,-3.231621,-18.672943,-9.823761,8.696461,900.716797,66.790573,-17.457581,-1386.871338,-10.301169,6.289387,668.528931,-2.264560,9.924603,681.126892,72.387909,-14.472198,-465.011627,1,1
193,1940,0.010286,0.672989,-0.296275,0.501524,-0.063071,-0.857886,-0.092343,0.010286,0.672989,-0.296275,0.501524,-0.063071,-0.857886,-0.092343,0.004512,0.585190,-0.209357,0.427131,-0.299663,-0.719356,-0.458573,0.080071,0.582781,-0.344121,0.385667,-0.259473,-0.776283,-0.425816,-0.335218,0.418975,-0.379153,0.427570,0.200125,-0.844439,0.253094,-0.224751,0.375191,-0.533031,0.520227,0.063797,-0.791451,0.314483,-0.105539,0.100467,-0.268229,0.387362,0.069411,-0.915083,0.088073,-0.044969,0.056433,-0.352544,0.597772,0.085588,-0.797070,0.004821,0.112133,0.730126,-0.240193,0.486042,0.045657,-0.867135,0.098776,0.044887,0.890451,-0.285310,0.378197,0.258391,-0.763921,0.454562,-0.043745,0.944837,-0.345196,0.378197,0.258391,-0.763921,0.454562,-0.154537,1.012819,-0.420054,0.378197,0.258391,-0.763921,0.454562,-0.031928,0.937585,-0.337212,0.406060,0.384965,-0.738099,0.376998,-0.031928,0.937585,-0.337212,0.332853,0.112180,-0.782486,0.514141,-0.223719,0.976329,-0.266197,0.227013,-0.104868,-0.965371,-0.074341,-0.021540,0.971181,-0.536749,0.647472,0.077144,-0.748900,-0.118227,-0.314073,0.696063,-0.324560,0.421851,0.042216,-0.878817,-0.218950,-0.070311,0.688134,-0.625813,0.505013,-0.187157,-0.841019,-0.051196,-0.356118,0.486150,-0.424821,0.424711,-0.001350,-0.855701,-0.295625,-0.164357,0.471482,-0.615778,0.483876,-0.256058,-0.828465,-0.118087,0.000000,0.000000,0.000000,5.575489,13.164902,7304.925781,-11.586058,41.733932,3437.843262,-119.944595,4.585266,2955.627441,47.014378,-92.515564,-12422.943359,-2.996303,16.017628,848.484070,-5.646892,-40.756035,-10604.867188,95.874931,-158.120728,-13761.443359,28.002022,-37.615204,-8455.314453,-23.553061,3.810120,-739.860535,53.551773,-98.525238,-15562.666992,-2.521898,-17.493582,29.916763,0.386114,-9.500593,3958.940918,103.475426,-195.616150,-24761.503906,24.199978,-26.178741,-4344.787598,-8.745009,-31.325912,-5333.404785,23.818239,81.701660,16951.751953,62.297340,-9.930420,-1603.469849,2.928355,-98.096992,-19720.917969,-10.981199,61.528778,12310.504883,18.751764,2.206421,910.530090,-60.252728,4.686737,1128.234863,-0.643422,3.434849,739.277588,-10.435904,-0.549507,-252.513885,-0.436249,5.999130,1098.818726,-2.243363,-2.063036,-508.360840,25.239748,-19.326782,92.277527,-0.873677,6.953681,1197.334595,-2.549799,0.734282,10.471344,25.309652,-19.021225,143.432617,-0.943508,6.704604,1063.857056,-2.837526,3.690052,518.960938,25.325788,-18.740082,185.089111,-4.113166,8.183670,3033.924072,4.667322,-12.664795,-1035.766602,-5.764604,-3.314972,-1634.950684,5.390967,-12.854098,-1879.415283,-16.450983,15.798950,3806.114014,-9.727101,19.331932,2127.094238,66.611931,-35.728455,-3654.175049,-10.308427,-1.451492,-1548.175781,-2.222333,8.445358,-295.848846,72.259872,-25.607300,-2227.020264,1,1
194,1946,0.010055,0.677843,-0.298272,0.501469,-0.063080,-0.857913,-0.092391,0.010055,0.677843,-0.298272,0.501469,-0.063080,-0.857913,-0.092391,0.004264,0.590039,-0.211359,0.429572,-0.297688,-0.721443,-0.454280,0.079840,0.587633,-0.346115,0.386162,-0.257230,-0.779659,-0.420527,-0.334233,0.419719,-0.379499,0.428715,0.198644,-0.844832,0.251003,-0.222766,0.375493,-0.533442,0.519912,0.062214,-0.792287,0.313213,-0.105972,0.099838,-0.269601,0.387155,0.067887,-0.915409,0.086764,-0.044573,0.055898,-0.352857,0.598873,0.083779,-0.796443,0.003299,0.111900,0.734968,-0.242173,0.485909,0.045677,-0.867266,0.098266,0.044775,0.895417,-0.287096,0.377872,0.258319,-0.764806,0.453382,-0.043757,0.950068,-0.346889,0.377872,0.258319,-0.764806,0.453382,-0.154423,1.018383,-0.421630,0.377872,0.258319,-0.764806,0.453382,-0.031953,0.942781,-0.338916,0.406791,0.384112,-0.738294,0.376698,-0.031953,0.942781,-0.338916,0.332789,0.112222,-0.783351,0.512854,-0.223606,0.982062,-0.267811,0.227329,-0.105433,-0.965449,-0.071511,-0.021552,0.976847,-0.538384,0.647684,0.077437,-0.748664,-0.118371,-0.313921,0.701740,-0.324624,0.420457,0.043473,-0.878253,-0.223601,-0.070228,0.693882,-0.627681,0.503777,-0.187406,-0.841644,-0.052174,-0.356226,0.492895,-0.426985,0.423726,0.000403,-0.856295,-0.295322,-0.164585,0.477343,-0.618121,0.482900,-0.256962,-0.828871,-0.117265,0.000000,0.000000,0.000000,5.580464,0.829220,-2055.947021,-11.589353,-0.549157,-7047.181641,-119.952301,-1.284281,-978.257874,46.258678,-125.949860,-5572.382812,-2.956599,6.617426,-1566.700317,-5.836068,-31.529348,1537.781128,94.910927,-160.667419,-424.448639,28.069561,11.256536,8145.289551,-23.658667,-17.601013,-3568.522217,52.902336,-108.239494,-1619.042603,-2.636635,-19.122799,-271.536194,0.299778,-14.389252,-814.776428,102.526413,-158.168793,6241.226074,24.120371,-13.267835,2151.817871,-8.809194,-10.697365,3438.091064,23.914085,15.974362,-10954.549805,62.089161,-34.696579,-4127.692871,3.114516,31.026880,21520.644531,-10.837948,23.875237,-6275.590332,19.665600,152.305923,25016.583984,-60.202785,8.323669,606.155396,-0.856668,-35.540958,-6495.968262,-9.884614,91.881592,15405.183594,-0.469423,-5.528942,-1921.345215,-2.245705,-0.390251,278.797394,25.196089,-7.276535,2008.374512,-0.901555,-4.646390,-1933.345215,-2.566078,-2.713164,-574.574158,25.265175,-7.412910,1934.719116,-0.960360,-2.808640,-1585.540649,-2.864298,-4.462123,-1358.695801,25.281088,-7.450104,1881.663086,-4.136075,-3.818035,-2000.284180,4.657590,-1.621882,1840.485352,-5.791629,-4.504283,-198.218582,5.179566,-35.233578,-3729.913086,-16.450747,0.039419,-2626.588623,-9.640373,14.454682,-812.874939,66.520981,-15.158336,3428.352783,-10.317380,-1.492182,-6.781677,-2.193883,4.741669,-617.281555,71.942612,-52.876789,-4544.915039,1,1
195,1962,0.008294,0.687185,-0.300738,0.501479,-0.063285,-0.858116,-0.090280,0.008294,0.687185,-0.300738,0.501479,-0.063285,-0.858116,-0.090280,0.002671,0.599707,-0.213486,0.431556,-0.294830,-0.723519,-0.450949,0.078236,0.596916,-0.348240,0.387715,-0.252566,-0.785373,-0.411189,-0.334207,0.425615,-0.380962,0.428851,0.197163,-0.845961,0.248118,-0.220138,0.376582,-0.532704,0.519375,0.060255,-0.793869,0.310469,-0.107745,0.104034,-0.272308,0.387057,0.066227,-0.915676,0.085667,-0.044420,0.055350,-0.352601,0.598204,0.082543,-0.797080,0.001570,0.110043,0.744709,-0.244873,0.486206,0.045075,-0.867035,0.099108,0.043088,0.905250,-0.289928,0.379276,0.257264,-0.765388,0.451825,-0.045297,0.960371,-0.349508,0.379276,0.257264,-0.765388,0.451825,-0.155779,1.029271,-0.423982,0.379276,0.257264,-0.765388,0.451825,-0.033513,0.953021,-0.341564,0.407942,0.382905,-0.739084,0.375129,-0.033513,0.953021,-0.341564,0.333200,0.111591,-0.784199,0.511427,-0.224979,0.992864,-0.270262,0.227168,-0.105365,-0.965477,-0.071739,-0.022871,0.987498,-0.540882,0.646617,0.078076,-0.749685,-0.117317,-0.315272,0.712544,-0.327219,0.420492,0.043626,-0.878280,-0.223402,-0.070790,0.704416,-0.630020,0.503869,-0.187531,-0.841578,-0.051917,-0.357479,0.503657,-0.429533,0.423775,0.000453,-0.856278,-0.295302,-0.165137,0.487879,-0.620317,0.482953,-0.256969,-0.828847,-0.117200,0.000000,0.000000,0.000000,5.355675,-14.049321,-929.908813,-11.487808,6.346524,430.980072,-119.935455,1.052856,146.071106,45.096428,-72.640656,3331.825195,-2.991072,-2.154574,-548.250000,-5.951480,-7.213264,1519.755249,93.152039,-109.930511,3171.056641,27.961100,-6.778836,-1127.210693,-23.656969,0.106096,1106.694336,52.501942,-25.024652,5200.927734,-2.535996,6.289914,1588.294556,0.047471,-15.769173,-86.245056,101.546341,-61.254501,6057.143066,23.928278,-12.005806,78.876793,-8.869908,-3.794670,431.418427,24.019659,6.598353,-586.000549,62.257938,10.548592,2827.823242,3.090408,-1.506761,-2033.352661,-10.850331,-0.773966,-1540.575195,19.621851,-2.734303,-9690.013672,-60.187851,0.933409,-461.891296,-0.857899,-0.076953,2216.500244,-9.908817,-1.512706,-5837.143555,-0.486563,-1.071222,278.607483,-2.214169,1.970977,147.576752,25.044495,-9.474635,-137.381256,-0.924995,-1.465015,198.835953,-2.544541,1.346052,253.700974,25.112335,-9.552479,-133.723022,-0.984554,-1.512136,81.031509,-2.854254,0.627756,318.117432,25.127056,-9.626985,-136.055054,-4.099833,2.265126,380.197510,4.499609,-9.873837,-515.747192,-5.811572,-1.246393,203.618164,5.165100,-0.904143,2145.589600,-16.357042,5.856514,363.568451,-9.549766,5.662978,-549.481506,66.219772,-18.825531,-229.199707,-10.320828,-0.215530,79.790749,-2.054250,8.727015,249.084122,71.790855,-9.484768,2712.001221,1,1
196,1969,0.009413,0.692892,-0.301879,0.500515,-0.062403,-0.858856,-0.089201,0.009413,0.692892,-0.301879,0.500515,-0.062403,-0.858856,-0.089201,0.003799,0.605507,-0.214534,0.434028,-0.292701,-0.725898,-0.446115,0.079696,0.602741,-0.349102,0.388475,-0.250917,-0.787884,-0.406652,-0.331596,0.426910,-0.380173,0.430032,0.195535,-0.846301,0.246196,-0.216947,0.378789,-0.531864,0.519973,0.057943,-0.795210,0.306451,-0.106606,0.104004,-0.272396,0.387179,0.065707,-0.915822,0.083934,-0.044180,0.055247,-0.353046,0.599316,0.080867,-0.796415,0.001962,0.110881,0.750740,-0.245839,0.485474,0.045501,-0.867376,0.099517,0.043870,0.911295,-0.290888,0.379426,0.257200,-0.765952,0.450779,-0.044460,0.966650,-0.350333,0.379426,0.257200,-0.765952,0.450779,-0.154872,1.035844,-0.424639,0.379426,0.257200,-0.765952,0.450779,-0.032683,0.959269,-0.342407,0.408185,0.382660,-0.739511,0.374273,-0.032683,0.959269,-0.342407,0.333537,0.111523,-0.784734,0.510400,-0.224064,0.999305,-0.270979,0.227317,-0.105534,-0.965422,-0.071768,-0.022108,0.994039,-0.541672,0.646850,0.077888,-0.749470,-0.117529,-0.314451,0.719093,-0.327963,0.420330,0.046052,-0.877392,-0.226685,-0.070206,0.710987,-0.630824,0.503808,-0.187573,-0.841591,-0.052130,-0.356309,0.510990,-0.432004,0.424673,-0.001233,-0.856181,-0.294288,-0.164617,0.494474,-0.621202,0.482912,-0.256934,-0.828854,-0.117395,0.000000,0.000000,0.000000,5.310817,-6.408351,1091.567139,-11.331446,22.337505,2284.426025,-120.062630,-18.167768,-2745.803467,44.639683,-65.249306,1055.907104,-2.785710,29.337337,4498.844238,-6.011209,-8.532728,-188.494827,91.977081,-167.851044,-8274.361328,27.532295,-61.257771,-7782.704590,-23.546579,15.769958,2237.694580,51.943626,-79.759331,-7819.239746,-2.777828,-34.547466,-5833.911133,-0.071398,-16.981287,-173.159195,100.535378,-144.423355,-11881.264648,23.848475,-11.400496,86.472916,-8.783733,12.310709,2300.768311,24.006596,-1.866204,-1209.222534,62.218914,-5.574908,-2303.356934,3.084416,-0.855957,92.971992,-10.843699,0.947544,245.929977,20.079281,65.347122,9725.918945,-60.026577,23.039137,3157.961182,-1.504271,-92.338852,-13180.271484,-9.660610,35.458157,5281.551758,-0.488943,-0.340019,104.457581,-2.161021,7.592644,803.095276,24.951874,-13.231550,-536.702148,-0.946098,-3.014599,-221.369064,-2.497211,6.761415,773.623230,25.017960,-13.482230,-561.393066,-1.019740,-5.026562,-502.060760,-2.819915,4.905564,611.115417,25.030315,-13.820104,-599.017029,-4.104491,-0.665528,-418.664856,4.496655,-0.422001,1350.262451,-5.821529,-1.422473,-25.154369,5.117567,-6.790433,-840.898621,-16.345299,1.677649,-596.980591,-9.484315,9.350096,526.731140,66.155418,-9.193420,1376.015747,-10.324255,-0.489507,-39.139576,-2.025784,4.066672,-665.763245,71.698601,-13.179235,-527.780945,1,1
197,1975,0.009441,0.692667,-0.301880,0.500486,-0.062538,-0.858822,-0.089597,0.009441,0.692667,-0.301880,0.500486,-0.062538,-0.858822,-0.089597,0.003767,0.605238,-0.214583,0.435903,-0.290995,-0.728397,-0.441303,0.079668,0.602497,-0.349149,0.388436,-0.251053,-0.787800,-0.406769,-0.330185,0.422378,-0.378419,0.431025,0.194019,-0.846361,0.245454,-0.217070,0.378675,-0.531922,0.519990,0.057975,-0.795116,0.306660,-0.106270,0.098682,-0.270773,0.386947,0.064081,-0.916164,0.082515,-0.044194,0.055243,-0.353008,0.599202,0.080905,-0.796497,0.001935,0.110943,0.750420,-0.245804,0.485586,0.045050,-0.867470,0.098349,0.044341,0.911282,-0.290492,0.380170,0.256275,-0.767273,0.448427,-0.043766,0.967259,-0.349685,0.380170,0.256275,-0.767273,0.448427,-0.153899,1.037229,-0.423676,0.380170,0.256275,-0.767273,0.448427,-0.032018,0.959795,-0.341792,0.409580,0.381735,-0.740319,0.372089,-0.032018,0.959795,-0.341792,0.333652,0.110838,-0.786270,0.508105,-0.222945,1.000452,-0.269734,0.229480,-0.105898,-0.964900,-0.071361,-0.021035,0.995411,-0.540830,0.645447,0.078965,-0.750492,-0.118003,-0.313602,0.720332,-0.326342,0.419606,0.045883,-0.877347,-0.228230,-0.068756,0.712587,-0.630645,0.503524,-0.189580,-0.841260,-0.052946,-0.355754,0.512587,-0.430978,0.424067,-0.001542,-0.856363,-0.294630,-0.164111,0.496494,-0.620891,0.482937,-0.256846,-0.828832,-0.117638,0.000000,0.000000,0.000000,5.343309,5.415440,1970.631836,-11.367506,-6.010056,-4724.593262,-120.068413,-0.963847,2867.320312,44.614494,-4.198074,10175.205078,-2.773930,1.963377,-4562.326660,-6.020040,-1.471758,1176.828369,92.023521,7.740021,29265.177734,27.550344,3.008207,10710.996094,-23.550968,-0.731468,-2750.237549,51.220119,-120.584496,-6804.193848,-2.891936,-19.017975,2588.248535,-0.054505,2.815439,3299.454346,99.682739,-142.106369,386.164337,23.932013,13.923009,4220.584473,-8.801681,-2.991199,-2550.318115,24.331173,54.096222,9327.071289,62.249649,5.122503,1782.901733,2.909896,-29.086790,-4705.139160,-10.659042,30.776024,4971.413574,20.289791,35.085041,-5043.680176,-60.286083,-43.251038,-11048.363281,-1.587115,-13.807237,13088.602539,-9.540093,20.086130,-2562.004395,-0.498080,-1.522963,-197.157364,-2.148011,2.168338,-904.051025,24.856918,-15.825908,-432.392914,-0.956791,-1.782278,205.386734,-2.489678,1.255473,-917.656982,24.922491,-15.911420,-404.864960,-1.028915,-1.529117,582.907349,-2.817880,0.339150,-761.069031,24.934465,-15.974998,-359.149139,-4.072001,5.415042,1013.428467,4.365829,-21.804253,-3563.708740,-5.765596,9.322166,1790.773315,4.983237,-22.388300,-2599.644287,-16.267447,12.975375,1882.954224,-9.418336,10.996501,274.400879,65.913727,-40.281933,-5181.418457,-10.250419,12.306054,2132.593506,-1.950450,12.555619,1414.824585,71.439087,-43.252308,-5012.179199,1,1
198,1984,0.008491,0.701613,-0.303205,0.500418,-0.062671,-0.859063,-0.087550,0.008491,0.701613,-0.303205,0.500418,-0.062671,-0.859063,-0.087550,0.002971,0.614497,-0.215586,0.437021,-0.288433,-0.730495,-0.438402,0.078888,0.611398,-0.350135,0.389520,-0.246444,-0.792819,-0.398720,-0.329312,0.428399,-0.379105,0.430721,0.192443,-0.847492,0.243314,-0.213675,0.380511,-0.530629,0.519254,0.055798,-0.797336,0.302518,-0.107109,0.103317,-0.272093,0.387250,0.064041,-0.916136,0.081434,-0.044031,0.054753,-0.352846,0.598309,0.078148,-0.797444,0.001384,0.109883,0.759759,-0.247335,0.485765,0.044621,-0.867302,0.099136,0.043402,0.920701,-0.292117,0.381234,0.255523,-0.767930,0.446824,-0.044575,0.977114,-0.351089,0.381234,0.255523,-0.767930,0.446824,-0.154545,1.047631,-0.424803,0.381234,0.255523,-0.767930,0.446824,-0.032844,0.969593,-0.343226,0.410274,0.380312,-0.741268,0.370892,-0.032844,0.969593,-0.343226,0.334434,0.110526,-0.786987,0.506546,-0.223739,1.011053,-0.271281,0.227872,-0.107607,-0.965090,-0.071387,-0.021956,1.005675,-0.542180,0.645596,0.079252,-0.750344,-0.117931,-0.315243,0.731109,-0.327770,0.419757,0.045922,-0.877296,-0.228137,-0.069535,0.722855,-0.632070,0.503383,-0.189616,-0.841338,-0.052928,-0.357378,0.523341,-0.432369,0.424220,-0.001493,-0.856338,-0.294484,-0.164898,0.506767,-0.622317,0.482834,-0.256829,-0.828922,-0.117463,0.000000,0.000000,0.000000,5.130272,-23.670832,-3231.807861,-11.262178,11.703068,1968.124756,-120.063240,0.574748,170.954956,43.608246,-111.805389,-11956.368164,-2.864821,-10.098988,-1340.262695,-6.106114,-9.563764,-899.111755,90.264030,-195.498993,-22582.113281,27.314505,-26.204428,-3245.848389,-23.285349,29.513252,3360.524414,50.895947,-36.019218,9396.141602,-2.756319,15.068531,3787.389648,-0.223893,-18.820885,-2404.036133,98.844833,-93.100655,5445.079590,23.721674,-23.370955,-4143.773926,-8.633760,18.657789,2405.443115,24.373058,4.653931,-5493.587891,62.196091,-5.950928,-1230.381226,2.915412,0.612895,3299.964844,-10.639461,2.175755,-3177.807617,20.301064,1.252492,-3759.172363,-60.016666,29.935202,8131.804688,-1.587224,-0.012146,1532.787842,-9.533883,0.690036,-2155.121582,-0.527780,-3.299932,-197.440933,-2.115439,3.619062,161.191574,24.712616,-16.033596,-23.076481,-0.992649,-3.984200,-244.657928,-2.472280,1.933098,75.291702,24.776501,-16.221153,-34.414822,-1.063321,-3.822936,-254.868713,-2.816816,0.118229,-24.546812,24.786949,-16.390694,-46.188354,-4.085223,-1.469082,-764.902771,4.278066,-9.751532,1339.191162,-5.860223,-10.514153,-2204.035400,4.946175,-4.117966,2030.037109,-16.240473,2.997081,-1108.699341,-9.331109,9.691875,-144.958496,65.714355,-22.152370,2014.395874,-10.337028,-9.623210,-2436.584961,-1.896421,6.003208,-728.045715,71.340645,-10.938008,3590.477783,1,1
199,2033,0.008271,0.705393,-0.304118,0.500521,-0.062650,-0.859007,-0.087524,0.008271,0.705393,-0.304118,0.500521,-0.062650,-0.859007,-0.087524,0.002777,0.618277,-0.216498,0.439550,-0.285204,-0.735469,-0.429581,0.078663,0.615183,-0.351064,0.389534,-0.244457,-0.794977,-0.395620,-0.326481,0.424514,-0.377053,0.432126,0.187735,-0.848587,0.240670,-0.212053,0.381530,-0.530892,0.518571,0.054768,-0.798450,0.300937,-0.107968,0.096883,-0.270212,0.387049,0.061763,-0.916630,0.078537,-0.043865,0.054874,-0.353372,0.599901,0.077895,-0.796271,0.001936,0.109671,0.763547,-0.248273,0.485552,0.044096,-0.867507,0.098626,0.043589,0.924690,-0.293033,0.381131,0.253642,-0.769196,0.445806,-0.044014,0.981551,-0.352131,0.381131,0.253642,-0.769196,0.445806,-0.153517,1.052628,-0.426003,0.381131,0.253642,-0.769196,0.445806,-0.032334,0.973970,-0.344251,0.410540,0.378759,-0.742397,0.369928,-0.032334,0.973970,-0.344251,0.334409,0.109237,-0.788021,0.505233,-0.223066,1.015945,-0.272396,0.228103,-0.107496,-0.965050,-0.071360,-0.021136,1.010429,-0.543176,0.645543,0.079223,-0.750370,-0.118078,-0.314496,0.736012,-0.328916,0.419194,0.046935,-0.877241,-0.229177,-0.068766,0.727598,-0.633123,0.502751,-0.190482,-0.841574,-0.052070,-0.356359,0.528506,-0.434141,0.423723,-0.000056,-0.856314,-0.295270,-0.164262,0.511590,-0.622897,0.482348,-0.255241,-0.829693,-0.117478,0.000000,0.000000,0.000000,5.127467,-0.057250,481.909851,-11.259244,0.059887,-237.615936,-120.049286,0.284779,-5.917733,43.133579,-9.687074,2084.047363,-2.926093,-1.250452,180.582352,-6.231181,-2.552383,143.089417,89.570465,-14.154395,3700.910400,27.115108,-4.069309,451.737122,-23.379557,-1.922607,-641.548157,49.664864,-25.124140,222.348557,-2.875966,-2.441761,-357.352905,-0.110005,2.324244,431.533234,97.020760,-37.225994,1140.299194,23.618734,-2.100808,434.084595,-8.390654,4.961364,-279.518860,24.429482,1.151494,-71.478310,62.074638,-2.478619,70.863441,2.626060,-5.905147,-133.021240,-10.572637,1.363754,-16.571444,20.458849,3.220110,40.155472,-60.044155,-0.560994,-622.371338,-1.560668,0.541957,11.308228,-9.486876,0.959338,5.495951,-0.515949,0.241452,72.273140,-2.166793,-1.048039,-95.246964,24.627176,-1.743667,291.631226,-0.958214,0.702758,95.652206,-2.514611,-0.863883,-57.081245,24.693218,-1.699642,296.357361,-1.011476,1.058063,99.612213,-2.841402,-0.501740,-12.652426,24.706627,-1.639230,301.050293,-4.151546,-1.353526,2.358283,4.218729,-1.210943,174.297729,-5.802476,1.178518,238.625931,4.887758,-1.192190,59.709705,-16.270060,-0.603812,-73.487602,-9.230620,2.050789,-155.940521,65.545731,-3.441324,381.858093,-10.264765,1.474750,226.488998,-1.804603,1.873843,-84.272743,71.169548,-3.491771,151.964020,1,1
200,2045,0.003752,0.731232,-0.308896,0.499386,-0.062008,-0.859778,-0.086895,0.003752,0.731232,-0.308896,0.499386,-0.062008,-0.859778,-0.086895,-0.001840,0.644169,-0.221228,0.447031,-0.277003,-0.743566,-0.412967,0.074421,0.641104,-0.355583,0.394659,-0.230185,-0.808859,-0.370143,-0.324568,0.435422,-0.375764,0.435316,0.181202,-0.850447,0.233252,-0.203002,0.386274,-0.526671,0.517337,0.050113,-0.804019,0.288797,-0.112207,0.102841,-0.271859,0.387386,0.057726,-0.917310,0.071707,-0.042993,0.053190,-0.353591,0.600169,0.070622,-0.796748,-0.001519,0.104904,0.789591,-0.252813,0.484982,0.042895,-0.868137,0.096387,0.040014,0.951563,-0.296844,0.383372,0.249760,-0.773424,0.438705,-0.046712,1.010401,-0.355297,0.383372,0.249760,-0.773424,0.438705,-0.155119,1.083949,-0.428363,0.383372,0.249760,-0.773424,0.438705,-0.035148,1.002556,-0.347503,0.413779,0.373563,-0.746021,0.364268,-0.035148,1.002556,-0.347503,0.335381,0.106714,-0.792524,0.498034,-0.225096,1.047225,-0.275180,0.227907,-0.110408,-0.964914,-0.069349,-0.023127,1.041307,-0.545879,0.643610,0.080975,-0.751892,-0.117763,-0.317844,0.767646,-0.330314,0.417982,0.049298,-0.876013,-0.235504,-0.069678,0.758773,-0.636576,0.499274,-0.195878,-0.842251,-0.054494,-0.359868,0.561674,-0.438450,0.423970,-0.002648,-0.856244,-0.295109,-0.167748,0.543918,-0.626426,0.479423,-0.258434,-0.830476,-0.116942,0.000000,0.000000,0.000000,5.115986,-0.956734,-74.957024,-11.152137,8.925597,738.809143,-120.201134,-12.653987,-1078.230469,39.487663,-303.826324,-24511.603516,-2.693480,19.384424,1719.573120,-6.547715,-26.377876,-1985.457642,84.275322,-441.261932,-35592.292969,26.627871,-40.603161,-3044.487549,-22.761192,51.530361,4454.414062,47.298279,-197.215393,-14340.937500,-3.259113,-31.928957,-2457.266357,-0.394383,-23.698128,-2168.531006,93.393463,-302.274689,-22087.392578,23.411295,-17.286619,-1265.484253,-8.161670,19.081991,1176.718872,25.320492,74.250854,6091.613281,61.664482,-34.179688,-2641.755615,2.615549,-0.875850,419.108002,-10.141091,35.962105,2883.196045,21.534447,89.633148,7201.086426,-59.711506,27.720770,2356.813721,-2.417331,-71.388580,-5994.210938,-9.050191,36.390385,2952.587158,-0.501294,1.221225,81.647697,-2.096845,5.828997,573.086365,24.235037,-32.678288,-2577.885010,-0.967681,-0.788902,-124.305054,-2.459300,4.609227,456.092529,24.300386,-32.735981,-2586.361572,-1.029495,-1.501600,-213.305222,-2.809276,2.677142,264.906830,24.313152,-32.789547,-2595.859619,-4.168038,-1.374364,-1.736452,3.846657,-31.006037,-2482.924561,-5.873611,-5.927960,-592.206482,4.503889,-31.989098,-2566.408936,-16.108793,13.438861,1170.222778,-8.831358,33.271870,2601.756592,64.666992,-73.228203,-5815.573730,-10.276880,-1.009623,-207.031128,-1.496278,25.693764,1984.993286,70.346794,-68.562828,-5422.588379,1,1
201,2053,0.003897,0.731027,-0.308878,0.499429,-0.061966,-0.859752,-0.086931,0.003897,0.731027,-0.308878,0.499429,-0.061966,-0.859752,-0.086931,-0.001685,0.643954,-0.221220,0.449669,-0.274761,-0.744573,-0.409775,0.074565,0.640907,-0.355582,0.394477,-0.230286,-0.808835,-0.370327,-0.323001,0.432114,-0.374375,0.436457,0.180407,-0.850835,0.230300,-0.202925,0.386225,-0.526787,0.517251,0.050018,-0.804059,0.288858,-0.111934,0.098138,-0.272323,0.387377,0.057184,-0.917453,0.070344,-0.042972,0.053163,-0.353613,0.600201,0.070392,-0.796744,-0.001508,0.105051,0.789384,-0.252797,0.485356,0.042094,-0.868128,0.094927,0.040824,0.951822,-0.296341,0.385382,0.247763,-0.775230,0.434871,-0.045495,1.011702,-0.354335,0.385382,0.247763,-0.775230,0.434871,-0.153395,1.086552,-0.426827,0.385382,0.247763,-0.775230,0.434871,-0.033986,1.003718,-0.346602,0.416310,0.371240,-0.747479,0.360752,-0.033986,1.003718,-0.346602,0.336326,0.104857,-0.794573,0.494513,-0.223323,1.049548,-0.273576,0.229245,-0.110161,-0.964694,-0.068388,-0.021342,1.043435,-0.544628,0.641458,0.081074,-0.753649,-0.118208,-0.315892,0.769928,-0.328151,0.417540,0.049479,-0.875734,-0.237281,-0.067860,0.761010,-0.635618,0.499421,-0.197438,-0.841816,-0.054239,-0.358145,0.564387,-0.437014,0.423855,-0.003801,-0.856054,-0.295810,-0.166464,0.546423,-0.624971,0.479576,-0.258340,-0.830373,-0.117249,0.000000,0.000000,0.000000,5.121533,0.693381,206.264343,-11.150269,0.233531,-1086.508301,-120.195786,0.668526,1665.314087,39.512665,3.125191,38368.937500,-2.702344,-1.107991,-2561.551758,-6.570271,-2.819419,2944.807129,84.305115,3.724098,55623.253906,26.644665,2.099276,5337.804688,-22.758659,0.316620,-6401.717773,46.778034,-65.030579,16523.101562,-3.319192,-7.509857,3052.387451,-0.593712,-24.916176,-152.256012,92.540955,-106.563568,24463.890625,23.227236,-23.007393,-715.096741,-8.215709,-6.754875,-3229.608398,25.430128,13.704538,-7568.289551,61.906940,30.307293,8060.873047,2.414030,-25.189966,-3039.264404,-10.099020,5.258918,-3837.898193,21.847937,39.186241,-6305.863281,-59.842297,-16.348839,-5508.701172,-2.614740,-24.676085,5839.061523,-9.005248,5.617857,-3846.565918,-0.484641,2.081595,107.546341,-2.064972,3.984183,-230.601700,24.044281,-23.844481,1104.225830,-0.959409,1.033984,227.860809,-2.423864,4.429430,-22.474648,24.109501,-23.860693,1109.411011,-1.029198,0.037119,192.339844,-2.773818,4.432261,219.389832,24.121803,-23.918629,1108.864746,-4.088858,9.897470,1408.979248,3.650227,-24.553776,806.532593,-5.858390,1.902640,978.824951,4.331158,-21.591366,1299.716431,-15.956101,19.086479,705.952271,-8.700866,16.311527,-2120.042725,64.270729,-49.532890,2961.914062,-10.223725,6.644368,956.748901,-1.236995,32.410397,839.579102,69.860184,-60.826302,967.065796,1,1
202,2059,0.001565,0.740596,-0.310463,0.498487,-0.060934,-0.860713,-0.083497,0.001565,0.740596,-0.310463,0.498487,-0.060934,-0.860713,-0.083497,-0.003774,0.653949,-0.222370,0.455113,-0.268415,-0.748024,-0.401604,0.072806,0.650604,-0.356537,0.396394,-0.224771,-0.813643,-0.361019,-0.320767,0.434000,-0.372815,0.437883,0.179319,-0.851693,0.225217,-0.199454,0.388428,-0.524444,0.516773,0.048373,-0.806352,0.283551,-0.111828,0.097738,-0.273935,0.387387,0.055033,-0.917857,0.066643,-0.042818,0.052673,-0.353451,0.599804,0.069233,-0.797140,-0.003028,0.102285,0.799763,-0.254450,0.484347,0.041992,-0.868497,0.096729,0.038160,0.962199,-0.298458,0.385574,0.245569,-0.776475,0.433722,-0.047739,1.022579,-0.356559,0.385574,0.245569,-0.776475,0.433722,-0.155112,1.098053,-0.429186,0.385574,0.245569,-0.776475,0.433722,-0.036285,1.014528,-0.348812,0.416191,0.369583,-0.749028,0.359375,-0.036285,1.014528,-0.348812,0.336559,0.103457,-0.795563,0.493056,-0.225499,1.060960,-0.275982,0.228788,-0.111207,-0.964545,-0.070305,-0.023411,1.054643,-0.546821,0.641720,0.081077,-0.753404,-0.118342,-0.318835,0.781755,-0.331542,0.416645,0.049487,-0.875726,-0.238877,-0.070002,0.772238,-0.637855,0.499414,-0.197475,-0.841810,-0.054264,-0.361292,0.576604,-0.441059,0.423164,-0.003806,-0.856535,-0.295407,-0.168624,0.557660,-0.627209,0.479587,-0.258494,-0.830343,-0.117083,0.000000,0.000000,0.000000,4.846811,-45.786938,-7746.720215,-10.844123,51.024277,8465.124023,-120.305244,-18.243155,-3151.946533,38.546501,-161.027267,-27358.744141,-2.640988,10.225971,1888.993652,-6.510109,10.026853,2141.045166,82.274292,-338.470459,-57032.425781,26.310699,-55.660885,-9626.694336,-22.579887,29.795328,4913.118164,45.808273,-161.626816,-16099.372070,-3.387416,-11.370659,-643.466980,-1.169698,-95.997643,-11846.911133,90.626007,-319.157928,-35432.394531,23.126236,-16.833305,1029.014526,-8.382686,-27.829489,-3512.435547,25.434929,0.800133,-2150.734131,61.861702,-7.539749,-6307.840332,2.436980,3.825108,4835.845703,-10.087057,1.993815,-544.183777,21.823700,-4.039446,-7204.281250,-59.830868,1.904806,3042.274170,-2.726976,-18.706083,995.000183,-8.790667,35.763580,5024.287109,-0.481397,0.540718,-256.812836,-2.058005,1.161059,-470.520752,23.814402,-38.313229,-2411.458008,-0.951003,1.400908,61.153946,-2.417108,1.126051,-550.563171,23.880350,-38.191795,-2388.517090,-1.014726,2.412081,395.826996,-2.764423,1.565774,-477.747772,23.893770,-38.005512,-2347.813965,-4.173559,-14.116844,-4002.385742,3.574299,-12.654701,1983.179077,-5.815560,7.138411,872.628479,4.366092,5.822340,4568.950684,-15.998817,-7.119338,-4367.636230,-8.589501,18.560728,374.866821,64.067841,-33.814747,2619.690674,-10.178475,7.541656,149.548050,-1.194523,7.078628,-4221.961426,69.867081,1.149495,10329.299805,1,1
203,2064,0.003374,0.741371,-0.309519,0.499454,-0.060786,-0.860205,-0.083055,0.003374,0.741371,-0.309519,0.499454,-0.060786,-0.860205,-0.083055,-0.001701,0.654755,-0.221378,0.454916,-0.268404,-0.748341,-0.401244,0.074585,0.651416,-0.355712,0.396064,-0.224733,-0.814025,-0.360542,-0.318556,0.434564,-0.371755,0.437787,0.179021,-0.851743,0.225450,-0.197465,0.388987,-0.523494,0.516881,0.047018,-0.807169,0.281252,-0.109753,0.098304,-0.272584,0.387429,0.054931,-0.917872,0.066268,-0.042619,0.052029,-0.353240,0.599367,0.067988,-0.797565,-0.005196,0.104170,0.800641,-0.253751,0.485140,0.041977,-0.868131,0.096055,0.040244,0.963302,-0.297377,0.386365,0.245011,-0.777594,0.431322,-0.045476,1.024245,-0.355153,0.386365,0.245011,-0.777594,0.431322,-0.152627,1.100424,-0.427371,0.386365,0.245011,-0.777594,0.431322,-0.034047,1.016119,-0.347449,0.417337,0.368301,-0.749873,0.357595,-0.034047,1.016119,-0.347449,0.337191,0.103044,-0.796774,0.490749,-0.222996,1.063400,-0.274359,0.228773,-0.112722,-0.964443,-0.069323,-0.021131,1.056899,-0.545284,0.641592,0.081147,-0.753503,-0.118357,-0.317016,0.784289,-0.329222,0.416028,0.050329,-0.875719,-0.239799,-0.067688,0.774500,-0.636354,0.499462,-0.197461,-0.841787,-0.054235,-0.359236,0.579382,-0.439286,0.422773,-0.003005,-0.856975,-0.294700,-0.166299,0.559917,-0.625694,0.479646,-0.258404,-0.830339,-0.117063,0.000000,0.000000,0.000000,4.798648,-9.632587,7230.870117,-10.809300,6.964493,-8811.957031,-120.173401,26.368713,8922.374023,38.542744,-0.751495,32055.152344,-2.734887,-18.779850,-5801.164062,-6.653029,-28.583908,-7722.151367,81.905434,-73.771667,52939.757812,26.297901,-2.559662,10620.244141,-22.555746,4.828262,-4993.413086,45.826141,3.573608,33040.085938,-3.281335,21.216202,6517.372070,-1.059100,22.119497,23623.427734,90.586060,-7.989502,62233.687500,23.178326,10.417938,5450.249023,-8.332966,9.943962,7554.690430,25.435734,0.160980,-127.830505,61.881805,4.020691,2312.088135,2.428235,-1.748991,-1114.819946,-10.083302,0.750923,-248.578400,22.091604,53.580860,11524.061523,-59.750851,16.003418,2819.722412,-2.820349,-18.674660,6.284714,-8.616597,34.813881,-189.939880,-0.506661,-5.052728,-1118.689209,-2.074575,-3.313923,-894.996399,23.693933,-24.093628,2843.920166,-0.963583,-2.515864,-783.354492,-2.442746,-5.127621,-1250.734375,23.759869,-24.096298,2819.099365,-1.011312,0.682759,-345.864319,-2.793093,-5.734015,-1459.957764,23.774080,-23.937988,2813.504883,-4.163153,2.081203,3239.609619,3.499718,-14.916135,-452.286713,-5.871357,-11.159515,-3659.585205,4.221970,-28.824329,-6929.334473,-15.941580,11.447525,3713.372314,-8.454985,26.903345,1668.523438,63.839104,-45.747375,-2386.525879,-10.218792,-8.063316,-3120.994629,-1.139111,11.082315,800.737488,69.615784,-50.259399,-10281.779297,1,1
204,2074,0.003511,0.741397,-0.309422,0.499626,-0.060873,-0.860094,-0.083109,0.003511,0.741397,-0.309422,0.499626,-0.060873,-0.860094,-0.083109,-0.001544,0.654778,-0.221283,0.454928,-0.268375,-0.748245,-0.401428,0.074686,0.651430,-0.355649,0.395881,-0.224756,-0.814058,-0.360655,-0.318433,0.434694,-0.371749,0.437743,0.179162,-0.851746,0.225411,-0.197368,0.389077,-0.523544,0.516764,0.046897,-0.807266,0.281206,-0.109555,0.098460,-0.272648,0.387512,0.055136,-0.917823,0.066296,-0.042644,0.052087,-0.353240,0.599318,0.068021,-0.797601,-0.004944,0.104342,0.800645,-0.253694,0.485303,0.041803,-0.868048,0.096049,0.040469,0.963318,-0.297353,0.386643,0.244682,-0.777495,0.431439,-0.045223,1.024276,-0.355154,0.386643,0.244682,-0.777495,0.431439,-0.152338,1.100473,-0.427405,0.386643,0.244682,-0.777495,0.431439,-0.033797,1.016148,-0.347447,0.417598,0.368022,-0.749845,0.357636,-0.033797,1.016148,-0.347447,0.336417,0.102799,-0.797013,0.490945,-0.222718,1.063508,-0.274359,0.228762,-0.112564,-0.964478,-0.069131,-0.020267,1.057239,-0.545136,0.639108,0.083292,-0.755148,-0.119809,-0.316595,0.784416,-0.329205,0.414999,0.051305,-0.875720,-0.241366,-0.066183,0.775295,-0.637804,0.497075,-0.200594,-0.842403,-0.055091,-0.358599,0.579917,-0.440107,0.422253,-0.004035,-0.857073,-0.295149,-0.166161,0.561351,-0.627026,0.477719,-0.257852,-0.831572,-0.117411,0.000000,0.000000,0.000000,4.796794,-0.185442,944.714539,-10.822112,-1.281166,-824.565918,-120.150223,2.317810,-2405.090332,38.545471,0.272751,102.424622,-2.768438,-3.355098,1542.475220,-6.681919,-2.889013,2569.489502,81.909576,0.414276,7418.594727,26.264050,-3.385162,-82.550049,-22.553131,0.261497,-456.676453,45.835102,0.896072,-267.753601,-3.251160,3.017473,-1819.872803,-1.060863,-0.176322,-2229.582031,90.610657,2.459717,1044.921875,23.166456,-1.186943,-1160.488037,-8.324284,0.868225,-907.573730,25.933697,49.796295,4963.531738,61.644135,-23.767090,-2778.778076,2.112121,-31.611420,-2986.242676,-9.804296,27.900600,2714.967773,22.332760,24.115562,-2946.529785,-59.788986,-3.813553,-1981.697021,-3.095927,-27.557730,-888.307007,-8.598399,1.819801,-3299.407715,-0.492382,1.427868,648.059570,-2.082424,-0.784874,252.904877,23.693377,-0.055695,2403.793457,-0.947294,1.628864,414.472809,-2.444126,-0.137997,498.962402,23.759998,0.012970,2410.926758,-0.995831,1.548105,86.534622,-2.787732,0.536156,627.017029,23.774836,0.075531,2401.352051,-4.105284,5.786896,370.569244,3.387426,-11.229181,368.695374,-5.865895,0.546217,1170.573242,4.229610,0.764036,2958.836426,-15.904494,3.708553,-773.897156,-8.654655,-19.967079,-4687.041992,63.869678,3.057480,4880.485352,-10.211008,0.778389,884.170532,-1.110605,2.850592,-823.172363,69.598999,-1.678467,4858.093262,1,1
205,2088,-0.000207,0.752989,-0.313923,0.499647,-0.060952,-0.860294,-0.080823,-0.000207,0.752989,-0.313923,0.499647,-0.060952,-0.860294,-0.080823,-0.005063,0.666717,-0.225434,0.454801,-0.268788,-0.747802,-0.402121,0.071158,0.662992,-0.359795,0.398789,-0.217906,-0.820522,-0.346739,-0.322326,0.447269,-0.376054,0.437839,0.179141,-0.851764,0.225173,-0.193763,0.390247,-0.521958,0.516440,0.045074,-0.809127,0.276714,-0.113524,0.110939,-0.277120,0.387558,0.055442,-0.917760,0.066645,-0.042118,0.051005,-0.353366,0.599866,0.064849,-0.797427,-0.008044,0.100501,0.812682,-0.258448,0.485672,0.041033,-0.867938,0.095506,0.037239,0.975830,-0.301655,0.388546,0.242837,-0.780169,0.425908,-0.047946,1.038141,-0.358758,0.388546,0.242837,-0.780169,0.425908,-0.154428,1.116031,-0.430136,0.388546,0.242837,-0.780169,0.425908,-0.036588,1.029833,-0.351144,0.419938,0.365093,-0.752128,0.353075,-0.036588,1.029833,-0.351144,0.337437,0.101536,-0.800024,0.485581,-0.224920,1.078835,-0.277500,0.228587,-0.114083,-0.964407,-0.068201,-0.022711,1.072465,-0.548391,0.638250,0.083923,-0.755982,-0.118680,-0.319484,0.799839,-0.331680,0.414574,0.052294,-0.875607,-0.242292,-0.067877,0.790489,-0.640860,0.496716,-0.202552,-0.842097,-0.055839,-0.361217,0.595590,-0.443144,0.422156,-0.004157,-0.857057,-0.295331,-0.168757,0.576976,-0.629950,0.477627,-0.257742,-0.831615,-0.117721,0.000000,0.000000,0.000000,4.561859,-15.662321,-1031.791870,-10.698413,8.246613,635.185242,-120.132515,1.180522,-75.819229,36.827198,-114.551544,-7654.953125,-2.686436,5.466811,588.127258,-6.766927,-5.667178,-185.210953,79.379089,-168.699142,-11274.228516,26.271372,0.488154,258.221100,-22.414154,9.265137,600.242615,46.156593,21.432749,1369.111694,-3.183566,4.506286,99.254189,-1.186754,-8.392724,-547.760132,90.692093,5.429077,197.957352,23.087688,-5.251185,-270.949463,-8.314105,0.678571,-12.643603,26.304178,24.698767,-1673.168579,61.673691,1.970418,1715.833862,1.931534,-12.039128,1304.819580,-9.635642,11.243630,-1110.464722,22.601574,17.920938,-412.974945,-59.660778,8.547211,824.050903,-3.253286,-10.490641,1137.806030,-8.575550,1.523272,-19.768612,-0.564046,-4.777593,-413.697357,-2.030348,3.471692,283.771057,23.370749,-21.508535,-1430.189331,-1.022852,-5.037180,-444.402954,-2.425255,1.258071,93.071198,23.434019,-21.731951,-1449.661377,-1.059893,-4.270764,-387.924652,-2.800363,-0.842094,-91.883339,23.446222,-21.907553,-1465.538940,-4.077606,1.845201,-262.779663,3.144537,-16.192579,-330.893188,-5.947572,-5.445130,-399.423157,3.980850,-16.584047,-1156.538940,-15.747600,10.459645,450.072784,-8.304593,23.337492,2886.971680,63.202824,-44.456989,-3167.631348,-10.252451,-2.762858,-236.083145,-0.870294,16.020720,878.008545,69.027344,-38.110352,-2428.792236,1,1
206,2100,0.000726,0.754436,-0.312943,0.498688,-0.060588,-0.861084,-0.078575,0.000726,0.754436,-0.312943,0.498688,-0.060588,-0.861084,-0.078575,-0.004085,0.668483,-0.224143,0.455014,-0.268329,-0.748282,-0.401293,0.072446,0.664469,-0.358319,0.399061,-0.217606,-0.820446,-0.346795,-0.320931,0.448291,-0.374536,0.437802,0.179135,-0.851735,0.225360,-0.192352,0.391688,-0.520549,0.516806,0.044440,-0.809874,0.273936,-0.112080,0.112030,-0.275471,0.387545,0.055123,-0.917812,0.066263,-0.042170,0.051109,-0.353350,0.599786,0.065104,-0.797470,-0.007717,0.101142,0.814620,-0.257469,0.484857,0.040562,-0.868338,0.096217,0.038193,0.977915,-0.300848,0.388909,0.240944,-0.781697,0.423846,-0.046571,1.040867,-0.357875,0.388909,0.240944,-0.781697,0.423846,-0.152526,1.119557,-0.429159,0.388909,0.240944,-0.781697,0.423846,-0.035269,1.032473,-0.350272,0.420918,0.362643,-0.753405,0.351708,-0.035269,1.032473,-0.350272,0.336847,0.100316,-0.801765,0.483368,-0.223392,1.082525,-0.276773,0.227618,-0.114781,-0.964683,-0.066355,-0.020574,1.076144,-0.547236,0.635965,0.086326,-0.757397,-0.120191,-0.318085,0.803554,-0.329902,0.414527,0.051556,-0.875000,-0.244712,-0.065023,0.794691,-0.641411,0.494740,-0.204954,-0.842560,-0.057608,-0.360597,0.599881,-0.442123,0.422272,-0.004990,-0.856749,-0.296044,-0.167193,0.581773,-0.630876,0.476012,-0.258782,-0.832174,-0.118032,0.000000,0.000000,0.000000,4.368570,-17.571753,-173.584671,-10.527695,15.519836,661.202148,-120.248955,-10.585438,-1069.632690,37.063927,21.520788,12370.211914,-2.674158,1.116232,-395.507141,-6.556355,19.142887,2255.460449,79.031525,-31.596790,12463.850586,25.928354,-31.183416,-2879.233643,-22.290874,11.207233,176.554245,46.266937,10.031266,-1036.498413,-3.235248,-4.698385,-836.788330,-1.344618,-14.351281,-541.687012,90.585793,-9.663669,-1372.067871,23.163990,6.936507,1107.971924,-8.323243,-0.830737,-137.209824,26.782421,43.476624,1707.078003,61.476742,-17.904455,-1806.806763,1.898276,-3.023494,819.603088,-9.405902,20.885468,876.530640,23.082567,43.726662,2345.974854,-59.449177,19.236479,971.751709,-3.350331,-8.822224,151.674271,-8.401680,15.806372,1298.463623,-0.581895,-1.622693,286.809052,-2.006326,2.183849,-117.076660,23.168121,-18.420652,280.716644,-1.042061,-1.746318,299.169281,-2.411063,1.290170,2.918027,23.230564,-18.495907,294.185822,-1.075158,-1.387780,262.089478,-2.795301,0.460191,118.389603,23.242228,-18.544977,305.688690,-4.082472,-0.442375,-207.961426,2.954164,-17.306719,-101.285408,-5.981797,-3.111362,212.160706,3.814757,-15.099308,134.976303,-15.719614,2.544143,-719.591125,-8.337722,-3.011703,-2395.381348,62.972466,-20.941648,2137.758057,-10.261843,-0.853799,173.550873,-0.721438,13.532373,-226.213287,68.656212,-33.739262,397.371796,1,1
207,2113,0.000626,0.758439,-0.313275,0.498668,-0.060391,-0.861140,-0.078239,0.000626,0.758439,-0.313275,0.498668,-0.060391,-0.861140,-0.078239,-0.004134,0.672517,-0.224441,0.454860,-0.268530,-0.748155,-0.401570,0.072410,0.668503,-0.358610,0.399702,-0.215543,-0.822340,-0.342836,-0.321128,0.452594,-0.374922,0.437781,0.179088,-0.851750,0.225381,-0.190208,0.392824,-0.519278,0.516727,0.043223,-0.810999,0.270934,-0.112304,0.116327,-0.275820,0.387481,0.055102,-0.917822,0.066523,-0.042059,0.050775,-0.353270,0.599407,0.063662,-0.797865,-0.008346,0.100997,0.818713,-0.257817,0.484900,0.040350,-0.868413,0.095412,0.038389,0.982277,-0.300852,0.389537,0.239996,-0.783141,0.421133,-0.046091,1.045889,-0.357569,0.389537,0.239996,-0.783141,0.421133,-0.151690,1.125403,-0.428464,0.389537,0.239996,-0.783141,0.421133,-0.034827,1.037407,-0.350007,0.422048,0.361242,-0.754466,0.349514,-0.034827,1.037407,-0.350007,0.337333,0.099660,-0.803269,0.480659,-0.222644,1.088352,-0.276221,0.227565,-0.116245,-0.964573,-0.065573,-0.020008,1.081845,-0.546773,0.635950,0.086450,-0.757444,-0.119887,-0.318037,0.809608,-0.328757,0.414463,0.054136,-0.873653,-0.249039,-0.064294,0.800361,-0.640859,0.494789,-0.205133,-0.842488,-0.057598,-0.360361,0.607066,-0.443078,0.423310,-0.005383,-0.856126,-0.296359,-0.166530,0.587477,-0.630271,0.476053,-0.258846,-0.832125,-0.118065,0.000000,0.000000,0.000000,4.346371,-1.707591,1220.320190,-10.488671,3.001800,-962.925842,-120.250656,-0.130873,804.197266,36.550110,-39.524372,-4695.781738,-2.640554,2.584861,112.971420,-6.621320,-4.997327,-1856.939453,78.087250,-72.636528,-3156.902832,25.740858,-14.422784,1289.279297,-22.113548,13.640477,187.172592,46.356270,6.871737,-243.040710,-3.240567,-0.409145,329.941589,-1.338104,0.501147,1142.494385,90.628944,3.319374,998.695557,23.138651,-1.949164,-683.513123,-8.332116,-0.682537,11.399975,26.832878,3.881308,-3045.793213,61.485023,0.637054,1426.270020,1.883566,-1.131553,145.533966,-9.403732,0.166893,-1593.736450,23.781969,53.800144,774.883240,-59.114117,25.773855,502.875122,-3.865381,-39.619244,-2369.001465,-8.130693,20.845121,387.596130,-0.601873,-1.536709,6.614199,-1.992877,1.034562,-88.406670,23.031069,-10.542502,606.011536,-1.061415,-1.488759,19.812273,-2.407241,0.294007,-76.627907,23.092728,-10.602804,607.161743,-1.089200,-1.080165,23.662750,-2.799829,-0.348311,-62.192497,23.103930,-10.638310,608.205139,-4.091264,-0.676302,-17.994387,2.863224,-6.995366,793.180969,-5.999465,-1.359096,134.789734,3.661708,-11.773017,255.868546,-15.670029,3.814257,97.701088,-8.153224,14.192141,1323.372559,62.672680,-23.060432,-162.983383,-10.300750,-2.992850,-164.542419,-0.646626,5.754824,-598.273010,68.373993,-21.709148,925.393311,1,1
208,2120,-0.001969,0.764981,-0.316780,0.498686,-0.060391,-0.861156,-0.077944,-0.001969,0.764981,-0.316780,0.498686,-0.060391,-0.861156,-0.077944,-0.006699,0.679103,-0.227902,0.454934,-0.268600,-0.747977,-0.401770,0.069840,0.675043,-0.362073,0.401335,-0.211907,-0.825811,-0.334756,-0.323797,0.459343,-0.378405,0.437859,0.179159,-0.851737,0.225226,-0.188713,0.393685,-0.519158,0.516589,0.042329,-0.811704,0.269222,-0.114965,0.123037,-0.279450,0.387603,0.055192,-0.917776,0.066370,-0.041876,0.050791,-0.353729,0.600811,0.063223,-0.796845,-0.008135,0.098386,0.825313,-0.261357,0.485015,0.039279,-0.868579,0.093749,0.036677,0.989440,-0.303883,0.391052,0.236970,-0.785856,0.416359,-0.047093,1.054358,-0.360171,0.391052,0.236970,-0.785856,0.416359,-0.151805,1.135505,-0.430530,0.391052,0.236970,-0.785856,0.416359,-0.035923,1.045702,-0.352666,0.424045,0.358274,-0.756839,0.344993,-0.035923,1.045702,-0.352666,0.338062,0.097520,-0.806090,0.475838,-0.223031,1.098015,-0.278272,0.228690,-0.116744,-0.964214,-0.066051,-0.020390,1.091776,-0.549006,0.634269,0.088052,-0.758328,-0.122015,-0.318779,0.819436,-0.330995,0.413327,0.055084,-0.873753,-0.250365,-0.064677,0.810878,-0.644617,0.495091,-0.207715,-0.841565,-0.059231,-0.360832,0.617260,-0.446060,0.422625,-0.006140,-0.856232,-0.297013,-0.168243,0.598640,-0.634012,0.476612,-0.260096,-0.831343,-0.118570,0.000000,0.000000,0.000000,4.316460,-4.273006,-366.487885,-10.471727,2.420562,-83.034073,-120.246414,0.605992,105.266479,35.482471,-152.519775,-16142.201172,-2.519296,17.322676,2105.402100,-6.721637,-14.331000,-1333.381958,76.753647,-190.514694,-16839.738281,25.561420,-25.633947,-1601.594727,-22.139395,-3.692354,-2476.118896,46.411640,7.910047,148.330002,-3.234858,0.815528,174.953217,-1.368260,-4.308053,-687.028625,90.646454,2.501352,-116.860291,23.136351,-0.287533,207.703842,-8.326312,0.725508,176.005630,27.223989,48.888924,5625.951660,61.500782,1.969814,166.594986,1.808737,-9.353608,-1027.756958,-9.214390,23.667812,2937.614990,23.916594,16.828060,-4621.510742,-59.268169,-19.256592,-5628.806152,-4.087998,-27.827114,1474.016235,-8.143807,-1.639247,-2810.545898,-0.602676,-0.100389,179.539932,-1.991570,0.163376,-108.898254,22.773809,-32.157421,-2701.864746,-1.054845,0.821322,288.760132,-2.408225,-0.122935,-52.117672,22.835957,-32.096386,-2686.697754,-1.072995,2.025694,388.232300,-2.799528,0.037670,48.247669,22.848211,-31.964779,-2665.808594,-4.115576,-3.039002,-295.337555,2.623730,-29.936701,-2867.666748,-5.951087,6.047368,925.807983,3.491007,-21.337658,-1195.580078,-15.619073,6.369472,319.401794,-8.033543,14.960170,96.003654,62.230190,-55.311203,-4031.346436,-10.220471,10.034800,1628.456177,-0.398155,31.058777,3162.994141,67.901642,-59.043884,-4666.841797,1,1
209,2140,-0.000393,0.769928,-0.316731,0.497693,-0.059854,-0.861977,-0.075598,-0.000393,0.769928,-0.316731,0.497693,-0.059854,-0.861977,-0.075598,-0.005055,0.684368,-0.227542,0.454948,-0.268450,-0.748190,-0.401459,0.071809,0.680052,-0.361519,0.402892,-0.210446,-0.826853,-0.331217,-0.321996,0.464339,-0.377977,0.437813,0.179101,-0.851745,0.225331,-0.185176,0.396366,-0.516699,0.517816,0.040517,-0.812943,0.263342,-0.113175,0.128056,-0.278920,0.387606,0.055185,-0.917772,0.066412,-0.041668,0.050700,-0.354141,0.601733,0.061396,-0.796298,-0.007530,0.099639,0.830789,-0.261302,0.484555,0.038793,-0.868795,0.094328,0.038266,0.995113,-0.303863,0.392678,0.235162,-0.787107,0.413480,-0.045125,1.060809,-0.359809,0.392678,0.235162,-0.787107,0.413480,-0.149363,1.142929,-0.429742,0.392678,0.235162,-0.787107,0.413480,-0.034006,1.052050,-0.352350,0.426345,0.355941,-0.757742,0.342582,-0.034006,1.052050,-0.352350,0.338742,0.096334,-0.807574,0.473073,-0.220545,1.105622,-0.277450,0.229578,-0.118130,-0.963953,-0.064301,-0.018088,1.099041,-0.548419,0.633032,0.089225,-0.759114,-0.122702,-0.316887,0.827208,-0.328990,0.412653,0.055157,-0.873081,-0.253780,-0.062039,0.818373,-0.644767,0.495099,-0.209580,-0.841107,-0.059085,-0.359504,0.625902,-0.445366,0.422492,-0.006585,-0.856411,-0.296678,-0.166272,0.606488,-0.633652,0.476765,-0.260025,-0.831302,-0.118399,0.000000,0.000000,0.000000,4.123377,-10.162253,-309.960388,-10.278615,10.163809,407.539307,-120.367958,-6.397047,-368.580963,35.281876,-10.557676,7471.688965,-2.369286,7.895268,-496.179321,-6.506041,11.347194,1351.483887,75.546814,-63.517521,6684.062012,24.960615,-31.621332,-315.125519,-21.770174,19.432671,1217.106567,46.620590,10.997371,162.490723,-3.298885,-3.369821,-220.281509,-1.514360,-7.689482,-177.969925,90.607323,-2.059535,-240.046646,23.140266,0.206094,25.980360,-8.316949,0.492799,-12.247846,27.502613,14.664400,-1801.290894,61.502583,0.094765,-98.686798,1.613452,-10.278155,-48.660378,-9.096016,6.230204,-917.768921,24.528990,32.231380,810.701050,-59.223785,2.336000,1136.452148,-4.340415,-13.285085,765.369934,-7.769900,19.679346,1122.031128,-0.599660,0.158708,13.636707,-1.917406,3.903370,196.841782,22.537786,-12.422260,1038.692627,-1.073454,-0.979455,-94.777733,-2.339783,3.602191,196.059235,22.597988,-12.524655,1030.091187,-1.107762,-1.829838,-202.922699,-2.744287,2.907389,151.037842,22.607672,-12.659976,1016.042236,-4.106742,0.464941,184.418091,2.429358,-10.230140,1037.187500,-5.965232,-0.744493,-357.466400,3.310127,-9.519966,621.983765,-15.557038,3.264979,-163.394333,-7.968647,3.415584,-607.609741,61.899723,-17.393011,1995.694336,-10.210460,0.526930,-500.414215,-0.257616,7.396815,-1245.366333,67.517456,-20.220304,2043.346191,1,1
210,2146,-0.001920,0.777853,-0.317493,0.497637,-0.059733,-0.862041,-0.075336,-0.001920,0.777853,-0.317493,0.497637,-0.059733,-0.862041,-0.075336,-0.006555,0.692323,-0.228276,0.454851,-0.268582,-0.748026,-0.401784,0.070331,0.687996,-0.362239,0.405078,-0.205705,-0.830034,-0.323482,-0.323631,0.472563,-0.378828,0.437778,0.179159,-0.851755,0.225310,-0.181975,0.398668,-0.514220,0.517867,0.039515,-0.814756,0.257730,-0.114782,0.136290,-0.279799,0.387498,0.055279,-0.917810,0.066440,-0.041409,0.050465,-0.354532,0.602726,0.059573,-0.795685,-0.007588,0.098075,0.838780,-0.262071,0.484522,0.037818,-0.869046,0.092558,0.037618,1.003675,-0.304080,0.393915,0.232088,-0.790003,0.408486,-0.045004,1.070701,-0.359588,0.393915,0.232088,-0.790003,0.408486,-0.148282,1.154483,-0.428973,0.393915,0.232088,-0.790003,0.408486,-0.033988,1.061764,-0.352187,0.428374,0.352301,-0.760176,0.338396,-0.033988,1.061764,-0.352187,0.339806,0.094622,-0.810404,0.467786,-0.219866,1.117057,-0.276937,0.229508,-0.119584,-0.963863,-0.063191,-0.017888,1.110358,-0.547940,0.633832,0.090240,-0.758300,-0.122860,-0.316837,0.838849,-0.327742,0.411564,0.056390,-0.872542,-0.257111,-0.061561,0.829925,-0.644695,0.493907,-0.213981,-0.840641,-0.059934,-0.359472,0.638436,-0.445643,0.422566,-0.009088,-0.856486,-0.296288,-0.167624,0.618980,-0.633012,0.476072,-0.259734,-0.831758,-0.118625,0.000000,0.000000,0.000000,4.104580,-3.132820,1171.572144,-10.251185,4.571597,-932.035400,-120.374596,-1.106262,881.797363,34.186531,-182.557419,-28666.623047,-2.323246,7.673264,-37.000813,-6.489075,2.827565,-1419.938110,73.758026,-298.131317,-39102.300781,24.538343,-70.378624,-6459.548828,-21.422537,57.939529,6417.810059,46.698616,13.004303,334.488708,-3.300902,-0.336250,505.595215,-1.524265,-1.650751,1006.455261,90.654709,7.897695,1659.538208,23.133156,-1.185099,-231.865540,-8.320923,-0.662327,-192.520920,28.186907,114.048958,16564.093750,61.015045,-81.256233,-13558.500000,1.184453,-71.499786,-10203.604492,-8.750516,57.583332,8558.854492,25.110878,96.981361,10791.664062,-59.085243,23.090363,3459.060303,-4.931980,-98.594185,-14218.182617,-7.561787,34.685532,2501.031006,-0.605938,-1.046320,-200.838028,-1.921329,-0.653962,-759.555420,22.271862,-44.320740,-5316.413086,-1.069325,0.688155,277.935028,-2.347250,-1.244426,-807.769470,22.332445,-44.257160,-5288.750977,-1.090934,2.804578,772.402527,-2.750375,-1.014630,-653.669861,22.343208,-44.077240,-5236.210449,-4.222637,-19.315720,-3296.776611,2.220916,-34.740208,-4085.010986,-5.984322,-3.181617,-406.187225,3.057263,-42.144100,-5437.355957,-15.563309,-1.045068,-718.341309,-7.636764,55.313747,8649.694336,61.301170,-99.758789,-13727.628906,-10.192493,2.994378,411.241364,-0.014610,40.500969,5517.358887,66.935600,-96.975960,-12792.609375,1,1
211,2157,-0.002914,0.780862,-0.318239,0.497814,-0.059421,-0.862004,-0.074830,-0.002914,0.780862,-0.318239,0.497814,-0.059421,-0.862004,-0.074830,-0.007426,0.695375,-0.228974,0.468118,-0.249843,-0.762177,-0.370850,0.069417,0.691058,-0.362962,0.405122,-0.203759,-0.831777,-0.320164,-0.308408,0.448736,-0.369116,0.443457,0.160838,-0.858486,0.201192,-0.180754,0.399371,-0.513791,0.517172,0.038762,-0.815694,0.256269,-0.118841,0.098590,-0.279859,0.385556,0.046942,-0.919716,0.057136,-0.041424,0.050483,-0.354516,0.602700,0.059720,-0.795694,-0.007591,0.097036,0.841925,-0.262885,0.484614,0.037070,-0.869150,0.091400,0.037292,1.007247,-0.304529,0.394967,0.229315,-0.792242,0.404682,-0.044670,1.075322,-0.359737,0.394967,0.229315,-0.792242,0.404682,-0.147123,1.160416,-0.428748,0.394967,0.229315,-0.792242,0.404682,-0.033742,1.066246,-0.352376,0.430068,0.349346,-0.762068,0.335038,-0.033742,1.066246,-0.352376,0.340029,0.093290,-0.812818,0.463686,-0.218980,1.122995,-0.276739,0.230231,-0.121649,-0.963456,-0.062835,-0.017264,1.116205,-0.547824,0.633759,0.092268,-0.758269,-0.121914,-0.317074,0.845169,-0.327039,0.411435,0.058792,-0.871075,-0.261712,-0.059689,0.835868,-0.644963,0.492528,-0.216317,-0.840792,-0.060758,-0.359640,0.646017,-0.447081,0.423654,-0.009391,-0.855893,-0.296439,-0.166801,0.625457,-0.633228,0.474810,-0.260864,-0.832079,-0.118952,0.000000,0.000000,0.000000,4.069508,-3.188437,-5.056056,-10.191924,5.387393,74.163307,-120.349503,2.281189,307.950104,33.777500,-37.184628,13215.707031,-2.349972,-2.429615,-918.443542,-6.607142,-10.733344,-1232.809937,73.090431,-60.690445,21585.533203,24.375486,-14.805187,5052.130859,-21.434246,-1.064474,-5364.000000,42.067245,-421.033691,-39458.000000,-3.321116,-1.837579,-136.484451,-2.092855,-51.690060,-4549.027832,82.374420,-752.753540,-69150.117188,21.026024,-191.557434,-17306.576172,-7.876618,40.391315,3732.149170,28.770580,53.061222,-5544.339355,60.696117,-28.993433,4751.163574,1.103269,-7.380356,5829.039062,-8.629459,11.005141,-4234.380859,25.792906,62.002529,-3179.893799,-58.793762,26.498274,309.810120,-5.445654,-46.697704,4717.861816,-7.231647,30.012695,-424.803314,-0.592125,1.255756,209.279633,-1.938712,-1.580195,-84.202972,22.044697,-20.651384,2151.759521,-1.046521,2.073136,125.907356,-2.362216,-1.360590,-10.560371,22.106787,-20.514402,2158.432617,-1.058081,2.986691,16.555786,-2.759955,-0.870943,13.062445,22.119600,-20.328001,2159.021729,-4.313353,-8.246899,1006.256470,1.964404,-23.319342,1038.260620,-5.967889,1.493844,425.041901,2.874137,-16.647816,2317.843994,-15.548313,1.363234,218.936569,-7.368882,24.352898,-2814.622803,60.692726,-55.313110,4040.516357,-10.153487,3.546021,50.149353,0.112371,11.543715,-2632.477539,66.557579,-34.365566,5691.854004,1,1
212,2176,-0.007510,0.788778,-0.318913,0.497653,-0.060033,-0.862156,-0.073648,-0.007510,0.788778,-0.318913,0.497653,-0.060033,-0.862156,-0.073648,-0.012030,0.703530,-0.229419,0.468123,-0.250111,-0.761917,-0.371198,0.064840,0.698862,-0.363381,0.408139,-0.197557,-0.834986,-0.311757,-0.313262,0.457205,-0.369595,0.443538,0.161141,-0.858328,0.201445,-0.179572,0.400879,-0.510865,0.516941,0.039701,-0.817092,0.252105,-0.123400,0.107226,-0.280310,0.385704,0.046759,-0.919654,0.057299,-0.041370,0.050266,-0.354420,0.602156,0.058288,-0.796211,-0.007677,0.092422,0.850001,-0.263704,0.484703,0.036236,-0.869154,0.091223,0.033093,1.015552,-0.305228,0.395783,0.228169,-0.793500,0.402060,-0.048551,1.084261,-0.360123,0.395783,0.228169,-0.793500,0.402060,-0.150605,1.170147,-0.428741,0.395783,0.228169,-0.793500,0.402060,-0.037665,1.075100,-0.352803,0.431492,0.348055,-0.762881,0.332695,-0.037665,1.075100,-0.352803,0.340683,0.092324,-0.814102,0.461140,-0.222446,1.132502,-0.276657,0.231377,-0.121554,-0.963242,-0.062080,-0.021007,1.125717,-0.548049,0.633610,0.092091,-0.758378,-0.122148,-0.320448,0.854710,-0.326502,0.410970,0.060030,-0.870299,-0.264726,-0.063579,0.845554,-0.645278,0.491584,-0.218625,-0.840606,-0.062691,-0.363052,0.656391,-0.447902,0.423973,-0.009588,-0.855827,-0.296167,-0.171971,0.635780,-0.633879,0.474572,-0.260443,-0.832365,-0.118828,0.000000,0.000000,0.000000,3.917356,-8.007977,-253.660049,-10.184434,0.394219,-262.798645,-120.360458,-0.576622,-150.411087,32.574791,-63.300488,-1374.518921,-2.453649,-5.456711,-159.320847,-6.390843,11.384161,1164.079102,71.394592,-89.254677,-1503.380615,24.175274,-10.537498,224.615204,-20.944225,25.790565,1413.423096,42.198208,6.892756,22522.443359,-3.268031,2.793927,243.763443,-2.214996,-6.428455,2382.189697,82.476303,5.362260,39900.832031,21.063683,1.982036,10186.288086,-7.920544,-2.311857,-2247.535400,29.085552,16.577469,-1920.197632,60.539101,-8.264040,1091.020630,0.952611,-7.929350,-28.894451,-8.255926,19.659645,455.500214,26.269566,25.087357,-1942.903809,-58.801174,-0.390103,-1415.177734,-5.770192,-17.080935,1558.777344,-6.955741,14.521348,-815.334106,-0.641423,-2.594618,-202.651276,-1.913416,1.331342,153.238770,21.895243,-7.866006,672.914612,-1.097129,-2.663581,-249.300903,-2.357683,0.238557,84.165604,21.955374,-7.969103,660.278931,-1.101168,-2.267762,-276.550201,-2.774938,-0.788576,4.335124,21.966631,-8.051019,646.156982,-4.312382,0.051097,436.736572,1.882688,-4.300801,1000.975769,-5.945074,1.200801,-15.423298,2.730203,-7.575462,477.492279,-15.502748,2.278280,45.752312,-7.224832,7.202506,-857.519531,60.443226,-12.475014,2141.904785,-10.110523,2.148199,-69.891106,0.251897,6.976329,-228.369339,66.224579,-16.650009,885.777832,1,1
213,2183,-0.005955,0.788499,-0.318547,0.496733,-0.059074,-0.862841,-0.072604,-0.005955,0.788499,-0.318547,0.496733,-0.059074,-0.862841,-0.072604,-0.010455,0.703335,-0.228974,0.473475,-0.240969,-0.769132,-0.355234,0.066733,0.698728,-0.362754,0.407561,-0.197739,-0.835105,-0.312078,-0.302811,0.444049,-0.363712,0.445289,0.155425,-0.859835,0.195562,-0.177778,0.400995,-0.510527,0.516761,0.038667,-0.817783,0.250385,-0.118543,0.090588,-0.276447,0.385416,0.043012,-0.920206,0.053149,-0.040998,0.049581,-0.354629,0.602662,0.055436,-0.796016,-0.009114,0.093688,0.850045,-0.263175,0.484007,0.035765,-0.869582,0.091027,0.034869,1.015850,-0.304672,0.396965,0.225365,-0.794929,0.399646,-0.046202,1.085329,-0.359447,0.396965,0.225365,-0.794929,0.399646,-0.147541,1.172177,-0.427915,0.396965,0.225365,-0.794929,0.399646,-0.035393,1.076065,-0.352143,0.433138,0.345268,-0.764194,0.330437,-0.035393,1.076065,-0.352143,0.340366,0.090029,-0.815800,0.458821,-0.219605,1.134780,-0.275736,0.232047,-0.123675,-0.962836,-0.061690,-0.017684,1.127305,-0.547073,0.630918,0.092868,-0.760623,-0.121536,-0.318768,0.857313,-0.325011,0.411220,0.060468,-0.869497,-0.266864,-0.059462,0.847349,-0.644470,0.490934,-0.221998,-0.839896,-0.065382,-0.361660,0.659572,-0.447249,0.424679,-0.010386,-0.855130,-0.297139,-0.169689,0.638516,-0.633408,0.474196,-0.262101,-0.831838,-0.120361,0.000000,0.000000,0.000000,3.878215,-6.523530,247.408005,-10.024720,26.618958,4370.789551,-120.482674,-20.369211,-3298.764893,32.781044,34.375507,16279.332031,-2.369936,13.952136,3234.807861,-6.366048,4.132430,-1208.621948,71.207535,-31.176249,9679.738281,24.286131,18.476168,4835.610840,-20.807993,22.705397,-514.194824,40.001816,-366.065338,-62159.683594,-3.372839,-17.467936,-3376.976807,-2.428859,-35.643776,-4869.220215,79.173157,-550.524414,-92647.781250,20.779003,-47.446568,-8238.100586,-7.770377,25.027832,4556.614746,29.647413,93.643501,12844.338867,60.725838,31.122843,6564.480469,0.848434,-17.362833,-1572.247192,-8.040506,35.903294,2707.274658,26.597803,54.706257,4936.483398,-58.619915,30.209860,5099.993652,-5.958602,-31.401634,-2386.783203,-6.901412,9.054899,-911.074768,-0.579673,10.291606,2147.704102,-1.885325,4.681905,558.427246,21.689016,-34.371059,-4417.508789,-1.044327,8.800387,1910.661499,-2.311132,7.758578,1253.336914,21.750347,-34.171104,-4367.000488,-1.061798,6.561737,1471.583008,-2.714118,10.136643,1820.869995,21.762318,-34.052212,-4333.532227,-4.270493,6.981452,1155.059204,1.641674,-40.169121,-5978.053223,-5.917230,4.640738,573.322754,2.612823,-19.563356,-1997.982422,-15.393448,18.216610,2656.388428,-7.133657,15.195847,1332.223389,60.022785,-70.073448,-9599.739258,-10.068237,7.047653,816.575684,0.340868,14.828429,1308.683472,65.980896,-40.613811,-3993.967041,1,1
214,2190,-0.006285,0.792582,-0.319600,0.496776,-0.058840,-0.862857,-0.072318,-0.006285,0.792582,-0.319600,0.496776,-0.058840,-0.862857,-0.072318,-0.010720,0.707437,-0.230004,0.477090,-0.235800,-0.771734,-0.348152,0.066463,0.702849,-0.363788,0.407853,-0.195624,-0.837223,-0.307320,-0.298592,0.442190,-0.362313,0.446721,0.152740,-0.860755,0.190292,-0.175403,0.402096,-0.509503,0.516375,0.037054,-0.818973,0.247520,-0.117736,0.086309,-0.277791,0.385359,0.040769,-0.920486,0.050428,-0.040940,0.049370,-0.354557,0.602227,0.054124,-0.796434,-0.009246,0.093319,0.854211,-0.264249,0.484644,0.034610,-0.869519,0.088651,0.035598,1.020734,-0.304850,0.400207,0.222138,-0.797732,0.392572,-0.044638,1.091904,-0.358674,0.400207,0.222138,-0.797732,0.392572,-0.144933,1.180866,-0.425954,0.400207,0.222138,-0.797732,0.392572,-0.033940,1.082414,-0.351498,0.436533,0.341459,-0.766801,0.323822,-0.033940,1.082414,-0.351498,0.342201,0.087699,-0.819035,0.452094,-0.217175,1.142904,-0.274132,0.232088,-0.123600,-0.962838,-0.061644,-0.015601,1.135730,-0.545770,0.629140,0.094583,-0.761535,-0.123699,-0.316278,0.865501,-0.323425,0.410406,0.060411,-0.869482,-0.268178,-0.057281,0.856321,-0.644768,0.490601,-0.223840,-0.839542,-0.066148,-0.359340,0.668116,-0.446179,0.424099,-0.010661,-0.855373,-0.297259,-0.168356,0.647942,-0.633611,0.474162,-0.261852,-0.831913,-0.120521,0.000000,0.000000,0.000000,3.862337,-2.268212,607.902527,-9.985140,5.654335,-2994.946045,-120.476494,0.882830,3036.005859,32.187847,-84.742416,-17016.845703,-2.312613,8.189134,-823.286072,-6.501625,-19.368103,-3357.218750,70.184052,-146.211899,-16433.664062,24.031654,-36.353794,-7832.852051,-20.652184,22.258486,-63.844410,38.932835,-152.711594,30479.107422,-3.330112,6.103788,3367.389160,-2.679204,-35.763706,-17.132895,77.379807,-256.192902,42047.355469,20.488237,-41.537964,844.086243,-7.813992,-6.230763,-4465.513184,29.931969,40.650776,-7570.389648,60.658604,-9.604863,-5818.243652,0.672754,-25.097157,-1104.903442,-7.853680,26.689463,-1316.261597,26.756048,22.606441,-4585.687988,-58.681194,-8.754186,-5566.292480,-6.050196,-13.084821,2616.687744,-6.781735,17.096724,1148.832031,-0.568244,1.632742,-1236.980591,-1.816060,9.894934,744.718323,21.344097,-49.274170,-2129.015869,-1.048719,-0.627535,-1346.845947,-2.244689,9.491887,247.615616,21.404346,-49.428669,-2179.652100,-1.077457,-2.237098,-1256.976440,-2.655300,8.402586,-247.722488,21.414904,-49.630573,-2225.480225,-4.250888,2.800737,-597.245056,1.299818,-48.836487,-1238.195190,-5.957041,-5.687373,-1475.444458,2.403846,-29.853855,-1470.071289,-15.272325,17.303331,-130.468369,-6.945780,26.839529,1663.383179,59.369061,-93.389236,-3330.826904,-10.060676,1.080240,-852.487610,0.790245,64.196785,7052.622070,65.259262,-103.090561,-8925.250000,1,1
215,2199,-0.011826,0.799801,-0.320420,0.496665,-0.058963,-0.862902,-0.072438,-0.011826,0.799801,-0.320420,0.496665,-0.058963,-0.862902,-0.072438,-0.016311,0.714652,-0.230831,0.478249,-0.233976,-0.773022,-0.344919,0.060902,0.710047,-0.364597,0.409551,-0.188886,-0.840875,-0.299199,-0.302337,0.446889,-0.361944,0.447062,0.152603,-0.860610,0.190256,-0.174579,0.403213,-0.507632,0.514762,0.038192,-0.820821,0.244570,-0.121549,0.090962,-0.277466,0.385237,0.040867,-0.920609,0.048999,-0.040879,0.049333,-0.354669,0.602553,0.053838,-0.796207,-0.009267,0.087786,0.861392,-0.265042,0.484614,0.033534,-0.869740,0.087043,0.030925,1.028379,-0.305212,0.401332,0.219296,-0.799903,0.388584,-0.048603,1.100598,-0.358689,0.401332,0.219296,-0.799903,0.388584,-0.148013,1.190872,-0.425534,0.401332,0.219296,-0.799903,0.388584,-0.037999,1.090969,-0.351558,0.438572,0.338928,-0.768377,0.319967,-0.037999,1.090969,-0.351558,0.342500,0.085153,-0.821299,0.448230,-0.220393,1.152614,-0.273429,0.234334,-0.124212,-0.962223,-0.061534,-0.018746,1.145265,-0.545425,0.627285,0.094604,-0.762979,-0.124205,-0.319927,0.875405,-0.322432,0.410103,0.061899,-0.868535,-0.271352,-0.060408,0.866093,-0.644784,0.489424,-0.226126,-0.839461,-0.068089,-0.362982,0.678922,-0.446627,0.424732,-0.011442,-0.854903,-0.297680,-0.172744,0.658372,-0.634006,0.473128,-0.263616,-0.831800,-0.121516,0.000000,0.000000,0.000000,3.868670,0.703679,330.210144,-10.003758,-2.068732,-858.118469,-120.491417,-1.658122,-282.327972,30.882862,-144.998352,-6695.104004,-2.453275,-15.629186,-2646.479736,-6.493722,0.878122,2249.580566,68.644691,-171.040009,-2758.678711,23.923397,-12.028588,2702.800781,-20.412113,26.674482,490.666290,38.442944,-54.432339,10919.916992,-3.340370,-1.139773,-804.840088,-2.737431,-6.469621,3254.898438,76.900047,-53.306580,22542.925781,20.619150,14.545864,6231.536621,-7.752040,6.883568,1457.147949,30.212927,31.217577,-1048.133301,60.679005,2.266778,1319.071289,0.682969,1.134992,2914.682861,-7.729970,13.745573,-1438.209961,27.185665,47.735214,2792.085938,-58.731281,-5.565219,354.329590,-6.434348,-42.683548,-3288.747559,-6.608658,19.230736,237.112473,-0.559085,1.017650,-68.343506,-1.818956,-0.321825,-1135.195435,21.140656,-22.604624,2963.282959,-1.033353,1.707315,259.427826,-2.245181,-0.054651,-1060.726440,21.201597,-22.527695,2988.997070,-1.055901,2.395193,514.699036,-2.650972,0.480970,-880.179565,21.213194,-22.412193,3024.264648,-4.225514,2.819326,2.065447,1.109495,-21.147053,3076.603760,-5.866768,10.030323,1746.410645,2.211427,-21.379868,941.554138,-15.179707,10.290888,-779.160400,-6.776196,18.842644,-888.542786,58.940983,-47.564190,5091.671875,-9.944508,12.907558,1314.146484,0.964717,19.385775,-4979.001465,64.826126,-48.126221,6107.148926,1,1
216,2211,-0.010746,0.803411,-0.318889,0.494454,-0.059350,-0.864395,-0.069381,-0.010746,0.803411,-0.318889,0.494454,-0.059350,-0.864395,-0.069381,-0.015481,0.718803,-0.228802,0.480398,-0.231796,-0.774206,-0.340726,0.062395,0.713551,-0.362159,0.409038,-0.186369,-0.842622,-0.296552,-0.299306,0.447907,-0.358023,0.448334,0.151611,-0.860487,0.188607,-0.170578,0.404750,-0.504731,0.513685,0.036331,-0.823266,0.238831,-0.119608,0.091199,-0.274523,0.385212,0.039257,-0.920673,0.049315,-0.040662,0.048401,-0.354259,0.600966,0.050156,-0.797621,-0.011160,0.088458,0.865564,-0.263406,0.483193,0.032069,-0.870504,0.087859,0.032291,1.032814,-0.303832,0.402405,0.216432,-0.801868,0.385012,-0.046545,1.105995,-0.357024,0.402405,0.216432,-0.801868,0.385012,-0.145089,1.197472,-0.423515,0.402405,0.216432,-0.801868,0.385012,-0.036033,1.096238,-0.349932,0.439962,0.336339,-0.770178,0.316442,-0.036033,1.096238,-0.349932,0.342791,0.083069,-0.823359,0.444606,-0.217791,1.158983,-0.271379,0.235069,-0.125116,-0.961875,-0.062335,-0.016075,1.151615,-0.543447,0.626083,0.095618,-0.763723,-0.124920,-0.317930,0.882088,-0.320697,0.408772,0.061442,-0.868685,-0.272975,-0.057452,0.872730,-0.643532,0.488912,-0.228052,-0.839163,-0.069012,-0.361300,0.686044,-0.445474,0.423684,-0.012397,-0.855209,-0.298253,-0.170696,0.665504,-0.632726,0.472988,-0.263313,-0.831967,-0.121576,0.000000,0.000000,0.000000,3.564524,-25.345543,-2170.768555,-9.858448,12.109200,1181.494263,-120.766479,-22.921881,-1771.979980,30.737885,-12.081464,11076.407227,-2.569153,-9.656468,497.726440,-6.239524,21.183134,1692.084351,67.508308,-94.698586,6361.785156,23.720970,-16.868910,-403.360138,-19.946064,38.837433,1013.579163,38.098331,-28.717676,2142.888428,-3.457662,-9.774307,-719.544495,-3.243914,-42.206924,-2978.108643,76.084557,-67.957558,-1220.914917,20.465174,-12.831370,-2281.436279,-7.910870,-13.235806,-1676.614624,30.527224,26.191393,-418.848663,60.618896,-5.009016,-606.316101,0.509078,-14.490972,-1302.163574,-7.508667,18.441956,391.365204,27.274675,7.417520,-3359.807861,-58.890354,-13.256073,-640.904480,-6.551982,-9.802857,2740.057617,-6.515714,7.745346,-957.115784,-0.599023,-3.328150,-362.149933,-1.724182,7.897893,684.976562,20.853180,-23.956299,-112.639587,-1.095318,-5.163749,-572.588684,-2.171783,6.116430,514.256714,20.910696,-24.241766,-142.839279,-1.129187,-6.107221,-708.534485,-2.604643,3.860752,281.648529,20.918468,-24.560450,-179.021362,-4.256921,-2.617240,-453.047211,0.904482,-17.084379,338.556122,-5.815543,4.268805,-480.126495,2.100917,-9.209156,1014.226013,-15.147238,2.705733,-632.096191,-6.636040,11.679688,-596.912903,58.522327,-34.887951,1056.353271,-9.873744,5.896966,-584.216064,1.130799,13.840110,-462.138702,64.512917,-26.100794,1835.452271,1,1
217,2216,-0.014729,0.810424,-0.321156,0.494435,-0.059112,-0.864466,-0.068834,-0.014729,0.810424,-0.321156,0.494435,-0.059112,-0.864466,-0.068834,-0.019389,0.725876,-0.231007,0.483515,-0.227352,-0.776777,-0.333379,0.058501,0.720602,-0.364355,0.409934,-0.181055,-0.846389,-0.287748,-0.298816,0.449405,-0.357418,0.450151,0.147178,-0.861599,0.182619,-0.168584,0.406084,-0.503392,0.512271,0.035657,-0.825076,0.235706,-0.123952,0.089703,-0.276541,0.385138,0.039161,-0.920770,0.048134,-0.040658,0.048436,-0.354304,0.601179,0.050477,-0.797440,-0.011210,0.084411,0.872711,-0.265710,0.483333,0.031763,-0.870517,0.087061,0.028649,1.040237,-0.305764,0.403409,0.215214,-0.803216,0.381823,-0.049805,1.114131,-0.358532,0.403409,0.215214,-0.803216,0.381823,-0.147873,1.206500,-0.424492,0.403409,0.215214,-0.803216,0.381823,-0.039345,1.104279,-0.351496,0.441120,0.334808,-0.771353,0.313578,-0.039345,1.104279,-0.351496,0.343499,0.082127,-0.824819,0.441517,-0.220711,1.167737,-0.272585,0.234864,-0.125166,-0.961924,-0.062252,-0.019223,1.160464,-0.544750,0.626146,0.095719,-0.763673,-0.124830,-0.320861,0.890832,-0.321858,0.408922,0.061465,-0.868644,-0.272879,-0.060528,0.881574,-0.644829,0.488877,-0.228177,-0.839151,-0.068988,-0.364224,0.694761,-0.446595,0.423808,-0.012338,-0.855142,-0.298272,-0.173814,0.674373,-0.633989,0.472985,-0.263243,-0.832003,-0.121488,0.000000,0.000000,0.000000,3.523164,-8.271933,3414.721924,-9.803467,10.996246,-222.590622,-120.767128,-0.129700,4558.436523,29.549862,-237.604523,-45104.613281,-2.583838,-2.937126,1343.868408,-6.383443,-28.783703,-9993.367188,65.886299,-324.401855,-45940.656250,23.431879,-57.818226,-8189.863281,-19.893507,10.511398,-5665.207031,37.082382,-203.189850,-34894.433594,-3.457511,0.030184,1960.898193,-3.432880,-37.793114,882.762085,74.132156,-390.480042,-64504.500000,19.730568,-146.921158,-26817.957031,-7.645811,53.011799,13249.520508,30.558990,6.353378,-3967.602783,60.598602,-4.058838,190.035538,0.493196,-3.176332,2262.927979,-7.490258,3.681660,-2952.059082,27.275455,0.156021,-1452.299805,-58.849541,8.162689,4283.752441,-6.540936,2.209282,2402.427979,-6.527130,-2.283192,-2005.707642,-0.613216,-2.838743,97.881363,-1.699358,4.964733,-586.632080,20.688108,-33.014297,-1811.599854,-1.112598,-3.455901,341.569550,-2.154586,3.439522,-535.381592,20.744770,-33.185196,-1788.685913,-1.145565,-3.275633,566.317688,-2.595306,1.867390,-398.672424,20.751793,-33.335114,-1754.932861,-4.259629,-0.541592,415.129639,0.792417,-22.412991,-1065.722290,-5.840597,-5.010796,-1855.920166,1.992826,-21.618246,-2481.817871,-15.096072,10.233116,1505.476562,-6.448847,37.438679,5151.798340,58.186443,-67.176819,-6457.773438,-9.878488,-0.948715,-1369.136108,1.309053,35.650921,4362.162109,64.188057,-64.971924,-7774.226562,1,1
218,2232,-0.013353,0.811154,-0.320593,0.494397,-0.059496,-0.864412,-0.069452,-0.013353,0.811154,-0.320593,0.494397,-0.059496,-0.864412,-0.069452,-0.018125,0.726550,-0.230503,0.484492,-0.225431,-0.778686,-0.328780,0.059763,0.721268,-0.363853,0.409559,-0.181018,-0.846492,-0.288002,-0.295111,0.446914,-0.355074,0.450664,0.145519,-0.861723,0.182099,-0.167303,0.406882,-0.503161,0.512079,0.034965,-0.825683,0.234093,-0.121500,0.086649,-0.274000,0.384194,0.038902,-0.921280,0.046097,-0.040532,0.048549,-0.354733,0.601893,0.048459,-0.797048,-0.009521,0.085865,0.873276,-0.265102,0.483242,0.030991,-0.870762,0.085385,0.030777,1.041174,-0.304686,0.403587,0.213543,-0.805121,0.378546,-0.047152,1.115839,-0.357148,0.403587,0.213543,-0.805121,0.378546,-0.144563,1.209170,-0.422726,0.403587,0.213543,-0.805121,0.378546,-0.036761,1.105884,-0.350153,0.441837,0.333079,-0.772854,0.310701,-0.036761,1.105884,-0.350153,0.343095,0.080189,-0.826838,0.438400,-0.217723,1.170055,-0.270972,0.234973,-0.125153,-0.961902,-0.062199,-0.015758,1.162702,-0.543035,0.624531,0.095024,-0.765249,-0.123795,-0.317860,0.893149,-0.320216,0.408794,0.061458,-0.868681,-0.272953,-0.056809,0.883769,-0.642563,0.487651,-0.230443,-0.839070,-0.071089,-0.361222,0.697100,-0.444987,0.423672,-0.012271,-0.855181,-0.298356,-0.171377,0.677251,-0.632178,0.472056,-0.263324,-0.832295,-0.122914,0.000000,0.000000,0.000000,3.563915,2.546936,676.179260,-9.876830,-4.585207,-973.840820,-120.773552,-0.401497,-16.987324,29.490120,-3.733873,14616.916016,-2.619596,-2.234861,43.891548,-6.415964,-2.032578,1671.945312,65.706070,-11.264324,19571.095703,23.217775,-13.381481,2777.296631,-19.619741,17.110348,412.434326,36.380199,-43.886421,9956.464844,-3.489384,-1.992062,-126.390335,-3.406544,1.645967,2464.942383,73.352280,-48.742294,21358.607422,19.815098,5.283117,9512.766602,-7.489120,9.793162,-2701.164795,30.852337,18.334150,748.798279,60.703350,6.546736,662.848328,0.317987,-10.950589,-485.891113,-7.292435,12.363940,542.642517,27.289846,0.899434,46.463310,-58.873466,-1.495361,-603.628174,-6.533748,0.449210,-110.004471,-6.523645,0.217795,156.311691,-0.639211,-1.624633,75.881882,-1.713739,-0.898816,-366.471802,20.560234,-7.992148,1563.884277,-1.128279,-0.980049,154.740753,-2.178383,-1.487300,-307.926361,20.616833,-7.996082,1574.319580,-1.147286,-0.107534,198.006165,-2.623981,-1.792207,-228.724808,20.624454,-7.958651,1586.028931,-4.195194,4.027158,285.546844,0.672474,-7.496454,932.283508,-5.824160,1.027286,377.380096,1.843745,-9.317584,768.791382,-14.968465,7.975459,-141.103561,-6.217162,14.480293,-1434.899048,57.793659,-24.549007,2664.238281,-9.840440,2.377987,207.918884,1.469127,10.004610,-1602.894409,63.824947,-22.694349,2642.348389,1,1
219,2238,-0.013621,0.814596,-0.319568,0.494350,-0.059427,-0.864453,-0.069333,-0.013621,0.814596,-0.319568,0.494350,-0.059427,-0.864453,-0.069333,-0.018384,0.730005,-0.229466,0.485071,-0.223636,-0.780324,-0.325251,0.059521,0.724721,-0.362805,0.409620,-0.178369,-0.848122,-0.284754,-0.293262,0.447880,-0.352821,0.450953,0.142998,-0.862421,0.180062,-0.164845,0.408104,-0.501127,0.511209,0.034071,-0.827364,0.230159,-0.122030,0.086383,-0.272177,0.384843,0.040322,-0.921029,0.044459,-0.040434,0.048168,-0.354592,0.600484,0.044160,-0.798371,-0.008540,0.085577,0.876750,-0.264074,0.483608,0.030257,-0.870731,0.083880,0.031178,1.045069,-0.303088,0.405549,0.211634,-0.806713,0.374106,-0.046209,1.120731,-0.354920,0.405549,0.211634,-0.806713,0.374106,-0.142943,1.215307,-0.419711,0.405549,0.211634,-0.806713,0.374106,-0.035891,1.110642,-0.348009,0.443869,0.330812,-0.774325,0.306536,-0.035891,1.110642,-0.348009,0.344000,0.078242,-0.828748,0.434418,-0.216228,1.175843,-0.268220,0.234803,-0.125074,-0.961956,-0.062160,-0.014117,1.168566,-0.540382,0.622088,0.095426,-0.766856,-0.125823,-0.316308,0.898925,-0.317467,0.408767,0.061407,-0.868696,-0.272959,-0.055491,0.890336,-0.641104,0.485349,-0.236877,-0.838270,-0.075031,-0.359688,0.702875,-0.442232,0.423656,-0.012418,-0.855171,-0.298402,-0.173254,0.685606,-0.631058,0.471023,-0.261341,-0.833326,-0.124123,0.000000,0.000000,0.000000,3.556434,-1.246850,-632.297668,-9.863065,2.294223,1146.571411,-120.779503,-0.991821,-98.387398,28.998833,-81.881203,-13024.554688,-2.695333,-12.622872,-1731.335083,-6.484164,-11.366605,-1555.671021,64.739243,-161.137894,-24978.927734,22.983467,-39.051373,-4278.314941,-18.951532,111.368187,15709.640625,35.903297,-79.483665,-5932.874512,-3.480413,1.495123,581.197449,-3.379087,4.576167,488.366547,72.490158,-143.686935,-15824.106445,19.541180,-45.653027,-8489.356445,-7.049528,73.265388,10578.704102,31.663477,135.190018,19475.978516,60.428528,-45.803707,-8725.073242,-0.369891,-114.646179,-17282.597656,-6.511260,130.195938,19638.666016,27.293613,0.627836,-45.266418,-58.865246,1.370112,477.578888,-6.541862,-1.352390,-300.266693,-6.532693,-1.507998,-287.632141,-0.637013,0.366181,331.802277,-1.664327,8.235295,1522.351929,20.352688,-34.591038,-4433.147949,-1.137259,-1.496673,-86.103874,-2.132417,7.660985,1524.714233,20.408411,-34.736950,-4456.811035,-1.164276,-2.831618,-454.014008,-2.584563,6.569664,1393.645386,20.414900,-34.925777,-4494.520996,-4.114195,13.499896,1578.789673,0.473332,-33.190250,-4282.299316,-5.854141,-4.996777,-1004.010437,1.718420,-20.887396,-1928.301880,-14.843468,20.832857,2142.899658,-6.177757,6.567478,-1318.802490,57.474979,-53.113300,-4760.715332,-9.841921,-0.246843,-437.471588,1.748741,46.602268,6099.609375,63.377151,-74.632645,-8656.381836,1,1
220,2246,-0.017697,0.819530,-0.320220,0.494311,-0.059510,-0.864471,-0.069320,-0.017697,0.819530,-0.320220,0.494311,-0.059510,-0.864471,-0.069320,-0.022477,0.734949,-0.230109,0.484733,-0.221764,-0.782115,-0.322723,0.055437,0.729640,-0.363442,0.410899,-0.173639,-0.850505,-0.278662,-0.295366,0.450861,-0.353126,0.450316,0.140392,-0.863628,0.177911,-0.164201,0.408907,-0.499479,0.510237,0.034849,-0.828587,0.227788,-0.126708,0.088091,-0.272771,0.385237,0.041365,-0.920879,0.043171,-0.040410,0.048096,-0.354582,0.600563,0.044301,-0.798299,-0.008960,0.081505,0.881676,-0.264726,0.483676,0.029142,-0.870876,0.082362,0.027984,1.050435,-0.303326,0.406869,0.208606,-0.808695,0.370073,-0.048641,1.127122,-0.354782,0.406869,0.208606,-0.808695,0.370073,-0.144422,1.222980,-0.419103,0.406869,0.208606,-0.808695,0.370073,-0.038425,1.116897,-0.347922,0.445599,0.327903,-0.776094,0.302654,-0.038425,1.116897,-0.347922,0.343816,0.075672,-0.831063,0.430580,-0.218089,1.183232,-0.267698,0.234954,-0.125028,-0.961925,-0.062169,-0.015422,1.175952,-0.539757,0.618940,0.096748,-0.769079,-0.126773,-0.318154,0.906301,-0.316944,0.408833,0.061501,-0.868685,-0.272871,-0.056237,0.898228,-0.641549,0.483625,-0.241028,-0.837828,-0.077820,-0.361488,0.710230,-0.441691,0.423733,-0.012356,-0.855183,-0.298263,-0.176100,0.694703,-0.631858,0.469685,-0.263019,-0.833356,-0.125440,0.000000,0.000000,0.000000,3.550885,-0.693619,69.153801,-9.870440,-0.921965,-402.023407,-120.784187,-0.585556,50.783157,28.062082,-117.093803,-4401.575195,-2.776105,-10.096401,315.808899,-6.477429,0.841856,1526.057617,63.592636,-143.325806,2226.510986,22.882309,-12.644768,3300.825684,-18.799236,19.037008,-11541.397461,35.515888,-48.426151,3882.189209,-3.369098,13.914436,1552.414185,-3.286652,11.554360,872.274231,71.709953,-97.525597,5770.167480,19.230028,-38.893936,844.886292,-6.639868,51.207481,-2757.238281,32.299023,79.443214,-6968.350586,60.380939,-5.948544,4981.895508,-0.529281,-19.923866,11840.289062,-6.218596,36.582947,-11701.624023,27.283897,-1.214504,-230.292465,-58.874535,-1.161098,-316.401306,-6.547371,-0.688612,82.972153,-6.529004,0.461221,246.152283,-0.618762,2.281435,239.406708,-1.664047,0.035033,-1025.032837,20.140585,-26.512861,1009.772034,-1.113740,2.939820,554.561646,-2.127270,0.643402,-877.197876,20.197168,-26.405334,1041.451904,-1.136151,3.515586,793.400513,-2.572266,1.537174,-629.061218,20.204844,-26.257038,1083.592407,-4.072053,5.267739,-1029.019653,0.200449,-34.110451,-115.025040,-5.819292,4.356146,1169.115356,1.578365,-17.506882,422.564270,-14.739130,13.042212,-973.830688,-6.107461,8.787036,277.444733,57.022530,-56.556225,-430.365570,-9.777802,8.014798,1032.705078,2.016593,33.481537,-1640.091431,62.922707,-56.805611,2228.379150,1,1
221,2254,-0.018307,0.823422,-0.320841,0.493119,-0.060040,-0.865192,-0.068345,-0.018307,0.823422,-0.320841,0.493119,-0.060040,-0.865192,-0.068345,-0.023324,0.739062,-0.230535,0.485221,-0.219613,-0.784287,-0.318158,0.054934,0.733424,-0.363653,0.411479,-0.170909,-0.852162,-0.274399,-0.293519,0.451851,-0.351953,0.450375,0.138206,-0.864139,0.176990,-0.161699,0.410067,-0.497927,0.509761,0.033990,-0.829955,0.223972,-0.126664,0.088298,-0.271373,0.385373,0.040668,-0.920940,0.041261,-0.040119,0.047739,-0.354953,0.600696,0.039539,-0.798463,-0.007674,0.080753,0.885701,-0.265243,0.483338,0.026917,-0.871297,0.080627,0.028667,1.055122,-0.303375,0.409681,0.203855,-0.811536,0.363336,-0.046762,1.133466,-0.354098,0.409681,0.203855,-0.811536,0.363336,-0.141048,1.231395,-0.417501,0.409681,0.203855,-0.811536,0.363336,-0.036705,1.123020,-0.347335,0.448772,0.323204,-0.778769,0.296077,-0.036705,1.123020,-0.347335,0.345606,0.072163,-0.834018,0.423985,-0.215231,1.191223,-0.266303,0.234922,-0.125030,-0.961924,-0.062298,-0.013073,1.183651,-0.538658,0.619019,0.096958,-0.768984,-0.126802,-0.315310,0.914299,-0.315623,0.408835,0.061564,-0.868703,-0.272798,-0.053819,0.905940,-0.640527,0.483707,-0.240961,-0.837813,-0.077683,-0.358605,0.718210,-0.440355,0.423744,-0.012526,-0.855095,-0.298490,-0.173628,0.702385,-0.630786,0.469707,-0.263153,-0.833296,-0.125471,0.000000,0.000000,0.000000,3.436105,-14.347494,-1706.734375,-9.863202,0.904799,228.345398,-120.934319,-18.766403,-2272.605957,27.521364,-67.589760,6188.005371,-2.790856,-1.843899,1031.562744,-6.332407,18.127680,2160.728027,62.527771,-133.108139,1277.208374,22.655142,-28.395891,-1968.890381,-18.150156,81.135033,7762.252930,34.946041,-71.230888,-2850.592041,-3.378124,-1.128256,-1880.336548,-3.402901,-14.531046,-3260.676025,70.846077,-107.984543,-1307.368286,19.246126,2.012253,5113.273438,-6.419066,27.600170,-2950.913818,32.309162,1.267433,-9771.972656,60.365864,-1.884460,508.010376,-0.518882,1.299925,2652.973877,-6.248031,-3.679335,-5032.785645,27.262899,-2.624750,-176.280731,-58.872837,0.212193,171.661377,-6.556184,-1.101613,-51.625072,-6.573436,-5.554080,-751.912598,-0.601848,2.114296,-20.892351,-1.578825,10.652765,1327.216675,19.772083,-46.062706,-2443.730713,-1.118017,-0.534579,-434.299957,-2.047137,10.016621,1171.652344,19.826624,-46.318054,-2489.089844,-1.155183,-2.378970,-736.819641,-2.503544,8.590221,881.630920,19.831875,-46.621086,-2545.506104,-4.134503,-7.806242,-1634.247559,-0.115762,-39.526398,-676.993347,-5.790297,3.624320,-91.478226,1.381470,-24.611860,-888.122314,-14.682385,7.093072,-743.642456,-5.728910,47.318874,4816.479492,56.208710,-101.727486,-5646.407715,-9.700733,9.633660,202.357773,2.477067,57.559280,3009.718018,62.198978,-90.466019,-4207.550781,1,1
222,2271,-0.018171,0.826245,-0.319956,0.493152,-0.060025,-0.865183,-0.068234,-0.018171,0.826245,-0.319956,0.493152,-0.060025,-0.865183,-0.068234,-0.023169,0.741900,-0.229635,0.487226,-0.214528,-0.787581,-0.310330,0.055080,0.736250,-0.362758,0.411935,-0.169362,-0.852935,-0.272264,-0.288035,0.448991,-0.348509,0.451050,0.133920,-0.865439,0.172148,-0.159942,0.411563,-0.496169,0.509660,0.033295,-0.830936,0.220643,-0.125705,0.083021,-0.269643,0.385172,0.038597,-0.921229,0.038600,-0.040198,0.047936,-0.354954,0.600665,0.040066,-0.798465,-0.007099,0.080885,0.888547,-0.264376,0.483291,0.026221,-0.871467,0.079293,0.029480,1.058326,-0.302081,0.410118,0.201700,-0.813504,0.359625,-0.045297,1.137522,-0.352441,0.410118,0.201700,-0.813504,0.359625,-0.138769,1.236518,-0.415392,0.410118,0.201700,-0.813504,0.359625,-0.035327,1.126963,-0.345726,0.449836,0.321016,-0.780314,0.292756,-0.035327,1.126963,-0.345726,0.345422,0.069844,-0.836068,0.420470,-0.213318,1.196039,-0.264350,0.235013,-0.125063,-0.961917,-0.062004,-0.010702,1.188383,-0.536605,0.617063,0.096574,-0.770534,-0.127218,-0.313382,0.919099,-0.313499,0.408761,0.061496,-0.868709,-0.272906,-0.051530,0.910866,-0.638681,0.482069,-0.243220,-0.837912,-0.079732,-0.356715,0.723038,-0.438263,0.423621,-0.012243,-0.855153,-0.298510,-0.172586,0.708027,-0.629448,0.468810,-0.263373,-0.833812,-0.124940,0.000000,0.000000,0.000000,3.425348,-0.597649,763.880249,-9.855509,0.427405,-26.521858,-120.929382,0.274234,1057.813232,27.214613,-17.041737,2808.223633,-2.813054,-1.233233,33.925896,-6.333500,-0.060717,-1010.466492,61.818481,-39.404976,5205.731445,22.221241,-24.105600,238.349503,-17.999035,8.395618,-4041.078613,33.803196,-63.491402,429.971497,-3.271415,5.928238,392.027466,-3.455564,-2.925727,644.739990,68.932289,-106.321548,92.388580,18.894949,-19.509846,-1195.672119,-6.237159,10.105954,-971.900940,32.552498,13.518651,680.623230,60.368122,0.125461,111.662308,-0.569847,-2.831413,-229.518738,-5.863726,21.350277,1390.533936,27.307487,2.477116,283.437012,-58.883301,-0.581317,-44.083889,-6.524512,1.759556,158.953812,-6.545540,1.549774,394.658539,-0.613885,-0.668767,-154.614639,-1.592013,-0.732660,-632.523682,19.587189,-10.271920,1988.376953,-1.121916,-0.216603,17.665327,-2.067041,-1.105785,-617.911438,19.642361,-10.236846,2004.511475,-1.147229,0.441856,156.712570,-2.527022,-1.304362,-549.699036,19.648849,-10.168076,2025.167358,-4.081917,2.921422,595.981323,-0.254580,-7.712107,1767.460571,-5.770507,1.099454,-140.270340,1.213173,-9.349856,847.889099,-14.580144,5.680084,-78.499313,-5.571535,8.743074,-2143.099854,55.858959,-19.430584,4572.050293,-9.652825,2.661546,-387.339722,2.675406,11.018806,-2585.581787,61.770805,-23.787392,3704.368164,1,1
223,2277,-0.018842,0.829872,-0.320314,0.491689,-0.061323,-0.865940,-0.068041,-0.018842,0.829872,-0.320314,0.491689,-0.061323,-0.865940,-0.068041,-0.024301,0.745710,-0.229850,0.487921,-0.211224,-0.789442,-0.306756,0.054344,0.739638,-0.362721,0.412234,-0.167057,-0.854389,-0.268654,-0.286079,0.449912,-0.348076,0.450689,0.132305,-0.866370,0.169637,-0.158087,0.412780,-0.494664,0.509077,0.032535,-0.832133,0.217568,-0.125756,0.082846,-0.270205,0.385500,0.038784,-0.921126,0.037584,-0.040206,0.047963,-0.354960,0.600172,0.038499,-0.798921,-0.005987,0.080177,0.892065,-0.264547,0.482476,0.024270,-0.872098,0.077928,0.029843,1.062277,-0.301991,0.411051,0.198904,-0.815587,0.355376,-0.044149,1.142472,-0.351930,0.411051,0.198904,-0.815587,0.355376,-0.136639,1.242716,-0.414354,0.411051,0.198904,-0.815587,0.355376,-0.034283,1.131779,-0.345272,0.451187,0.318327,-0.782132,0.288735,-0.034283,1.131779,-0.345272,0.345560,0.067294,-0.838265,0.416379,-0.211636,1.201875,-0.263491,0.234881,-0.124978,-0.961946,-0.062225,-0.008603,1.194320,-0.535627,0.614750,0.097176,-0.771978,-0.129183,-0.311674,0.924952,-0.312786,0.408701,0.061508,-0.868697,-0.273031,-0.049630,0.917414,-0.638914,0.480350,-0.247572,-0.837354,-0.082522,-0.355018,0.728926,-0.437600,0.423602,-0.012309,-0.855181,-0.298455,-0.172843,0.715863,-0.629995,0.467740,-0.263428,-0.834246,-0.125932,0.000000,0.000000,0.000000,3.348994,-15.270615,-2934.593018,-9.968904,-22.679138,-4621.308594,-121.115517,-37.226868,-7500.220215,26.649357,-113.051224,-19201.898438,-2.849847,-7.358598,-1225.072998,-6.162944,34.111214,6834.386719,60.935349,-176.626587,-27444.324219,21.884958,-67.256546,-8630.189453,-17.642138,71.379471,12596.770508,33.149155,-130.808258,-13463.372070,-3.122489,29.785206,4771.393555,-3.710947,-51.076557,-9630.166016,67.989723,-188.513184,-16438.326172,18.626541,-53.681568,-6834.344727,-6.056789,36.074066,5193.622559,33.101536,109.807594,19257.787109,60.189491,-35.726166,-7170.325684,-0.900160,-66.062416,-12646.201172,-5.427438,87.257576,13181.460938,27.296741,-2.149200,-925.263306,-58.880573,0.545502,225.363815,-6.542512,-3.600025,-1071.916260,-6.530046,3.098965,309.838196,-0.651453,-7.513618,-1368.970215,-1.531809,12.040830,2554.697998,19.393333,-38.771057,-5699.827637,-1.171830,-9.982800,-1953.239502,-2.024159,8.576393,1936.435791,19.445900,-39.292145,-5811.059570,-1.201667,-10.887504,-2265.871826,-2.504072,4.590130,1178.898193,19.449633,-39.843369,-5935.058594,-4.062880,3.807545,177.224487,-0.444798,-38.043530,-6066.284180,-5.742456,5.610180,902.145203,1.066656,-29.303503,-3990.729736,-14.515675,12.893867,1442.756592,-5.495442,15.218544,1295.093994,55.515732,-68.645477,-9842.978516,-9.594685,11.628151,1793.321045,2.932482,51.415302,8079.299316,61.315536,-91.053772,-13453.276367,1,1
224,2288,-0.022018,0.832864,-0.319743,0.491729,-0.061259,-0.865918,-0.068089,-0.022018,0.832864,-0.319743,0.491729,-0.061259,-0.865918,-0.068089,-0.027464,0.748687,-0.229292,0.488161,-0.209778,-0.790615,-0.304336,0.051171,0.742641,-0.362169,0.413417,-0.163244,-0.855817,-0.264606,-0.287584,0.451225,-0.346776,0.450700,0.130521,-0.866942,0.168063,-0.157649,0.413027,-0.492713,0.508445,0.033612,-0.833064,0.215307,-0.129029,0.083314,-0.269278,0.384992,0.037260,-0.921391,0.037838,-0.040068,0.047439,-0.354783,0.599264,0.035775,-0.799724,-0.006650,0.077001,0.895055,-0.263974,0.482336,0.023669,-0.872320,0.076484,0.027341,1.065615,-0.300958,0.411187,0.196796,-0.817622,0.351697,-0.045984,1.146634,-0.350550,0.411187,0.196796,-0.817622,0.351697,-0.137639,1.247909,-0.412541,0.411187,0.196796,-0.817622,0.351697,-0.036207,1.135832,-0.343938,0.451990,0.316258,-0.783710,0.285455,-0.036207,1.135832,-0.343938,0.345097,0.065061,-0.840383,0.412832,-0.213042,1.206744,-0.261838,0.234999,-0.125163,-0.961898,-0.062142,-0.009487,1.199205,-0.533821,0.612781,0.097084,-0.773496,-0.129533,-0.313179,0.929836,-0.311047,0.408795,0.061435,-0.868677,-0.272972,-0.050450,0.922508,-0.637374,0.479017,-0.249770,-0.837263,-0.084550,-0.356555,0.733790,-0.435820,0.423669,-0.012316,-0.855148,-0.298455,-0.174873,0.721682,-0.628928,0.466680,-0.263445,-0.834639,-0.127216,0.000000,0.000000,0.000000,3.356978,0.665267,1327.990112,-9.965333,0.297626,1914.730469,-121.110870,0.387192,3134.504883,25.989182,-55.014606,4836.384766,-2.948135,-8.190652,-69.337807,-6.117279,3.805478,-2525.477783,60.090160,-70.432343,8849.520508,21.978642,7.806937,6255.290527,-17.165981,39.679688,-2641.648682,32.803074,-28.840065,8497.349609,-3.088616,2.822777,-2246.869141,-3.668307,3.553271,4552.485840,67.368416,-51.775616,11394.796875,18.430979,-16.296864,3115.391846,-6.099844,-3.587961,-3305.168945,33.374584,22.754034,-7254.462891,60.215836,2.195358,3160.126953,-1.075542,-14.615203,4287.267578,-5.224740,16.891479,-5863.841309,27.297684,0.078519,185.643295,-58.874901,0.472705,-6.066429,-6.531780,0.894388,374.534424,-6.533535,-0.290751,-282.476349,-0.667962,-1.375715,511.491974,-1.555387,-1.964897,-1167.143921,19.215967,-14.780521,1999.211304,-1.175007,-0.264814,809.832275,-2.053930,-2.480924,-921.443115,19.269077,-14.735222,2046.410278,-1.188763,1.075307,996.900940,-2.534793,-2.560119,-595.854065,19.274126,-14.625549,2101.484863,-4.019748,3.594319,-17.768801,-0.584414,-11.634675,2200.738037,-5.716476,2.164960,-287.101654,0.897185,-14.122570,1265.077759,-14.423732,7.661899,-435.997345,-5.334966,13.373017,-153.793900,55.159325,-29.700598,3245.406494,-9.543020,4.305363,-610.232361,3.104572,14.340838,-3089.538330,60.910465,-33.755939,4774.819336,1,1
225,2293,-0.022444,0.835861,-0.319403,0.490716,-0.060351,-0.866630,-0.067143,-0.022444,0.835861,-0.319403,0.490716,-0.060351,-0.866630,-0.067143,-0.027906,0.751758,-0.228884,0.488494,-0.206922,-0.792348,-0.301234,0.051071,0.745777,-0.361562,0.414180,-0.161386,-0.856711,-0.261640,-0.285284,0.451854,-0.345865,0.450274,0.128497,-0.867985,0.165360,-0.155697,0.414456,-0.490737,0.508473,0.032888,-0.834013,0.211650,-0.129095,0.082731,-0.269331,0.385177,0.036945,-0.921386,0.036355,-0.040082,0.047496,-0.354804,0.599376,0.036102,-0.799626,-0.006596,0.076285,0.898349,-0.263452,0.481609,0.023232,-0.872804,0.075671,0.027275,1.069236,-0.300111,0.412191,0.194082,-0.819496,0.347645,-0.045288,1.151190,-0.349285,0.412191,0.194082,-0.819496,0.347645,-0.135992,1.253632,-0.410754,0.412191,0.194082,-0.819496,0.347645,-0.035613,1.140263,-0.342729,0.453390,0.313668,-0.785341,0.281583,-0.035613,1.140263,-0.342729,0.345113,0.061968,-0.842376,0.409218,-0.211808,1.212148,-0.260207,0.234900,-0.125057,-0.961928,-0.062271,-0.007653,1.204240,-0.532115,0.610050,0.095921,-0.775737,-0.129882,-0.311896,0.935237,-0.309513,0.408732,0.061503,-0.868700,-0.272974,-0.048934,0.927658,-0.635608,0.477376,-0.252064,-0.837330,-0.086341,-0.355235,0.739195,-0.434304,0.423632,-0.012319,-0.855192,-0.298382,-0.174547,0.727558,-0.627571,0.465766,-0.264004,-0.835100,-0.126383,0.000000,0.000000,0.000000,3.324769,-6.441736,-1421.400635,-9.816962,29.674149,5875.304199,-121.245476,-26.921082,-5461.654785,25.715567,-54.722973,58.326721,-2.832999,23.027134,6243.557129,-6.000605,23.334694,3905.843018,59.239101,-170.211792,-19955.890625,21.570650,-81.598282,-17881.042969,-17.011263,30.943680,-1747.201538,32.440121,-72.590637,-8750.114258,-3.058025,6.118155,659.075562,-3.744797,-15.298033,-3770.260498,66.459938,-181.695557,-25983.988281,18.197298,-46.736145,-6087.856445,-5.918285,36.311913,7979.974121,33.514812,28.045654,1058.323975,60.362183,29.269409,5414.810059,-1.096190,-4.129577,2097.125244,-4.854236,74.100784,11441.861328,27.285273,-2.482224,-512.148560,-58.877190,-0.457764,-186.093643,-6.543690,-2.381992,-655.276001,-6.528507,1.005459,259.242065,-0.640391,5.514288,1378.000610,-1.511383,8.800960,2153.171387,18.963974,-50.398636,-7123.622559,-1.156896,3.622246,777.411865,-2.006306,9.524775,2401.139893,19.016949,-50.425720,-7138.100098,-1.178718,2.009082,186.754868,-2.486183,9.721994,2456.422607,19.021709,-50.483322,-7171.554688,-3.922583,19.432974,3167.730957,-0.757330,-34.583176,-4589.700195,-5.688144,5.666542,700.316406,0.759178,-27.601349,-2695.755859,-14.275147,29.716873,4410.994629,-5.191364,28.720282,3069.452881,54.771683,-77.528381,-9565.556641,-9.485854,11.433220,1425.571533,3.356042,50.294018,7190.635742,60.470684,-87.956238,-10840.059570,1,1
226,2304,-0.024873,0.837941,-0.320044,0.489689,-0.059495,-0.867329,-0.066374,-0.024873,0.837941,-0.320044,0.489689,-0.059495,-0.867329,-0.066374,-0.030376,0.753891,-0.229478,0.490146,-0.203471,-0.793397,-0.298123,0.048943,0.747989,-0.361955,0.415751,-0.159221,-0.857371,-0.258291,-0.284830,0.451373,-0.345787,0.450686,0.127691,-0.868485,0.162209,-0.155571,0.414706,-0.489436,0.508896,0.033525,-0.834087,0.210237,-0.130244,0.081187,-0.271153,0.384880,0.035718,-0.921555,0.036434,-0.040027,0.047274,-0.354722,0.598883,0.034670,-0.800058,-0.006702,0.073580,0.900684,-0.263891,0.480640,0.023076,-0.873413,0.074847,0.025093,1.071853,-0.300208,0.412176,0.192039,-0.821531,0.343976,-0.046798,1.154606,-0.349032,0.412176,0.192039,-0.821531,0.343976,-0.136661,1.258046,-0.410061,0.412176,0.192039,-0.821531,0.343976,-0.037212,1.143572,-0.342522,0.455931,0.311968,-0.785664,0.278452,-0.037212,1.143572,-0.342522,0.344617,0.059804,-0.844459,0.405649,-0.211875,1.216945,-0.258430,0.242637,-0.131286,-0.959234,-0.061327,-0.008238,1.208393,-0.531426,0.608213,0.095884,-0.777093,-0.130420,-0.315629,0.941624,-0.305800,0.406672,0.066500,-0.863194,-0.291705,-0.049541,0.932041,-0.635237,0.477126,-0.253338,-0.836885,-0.088285,-0.360401,0.751026,-0.438282,0.426529,-0.015641,-0.853100,-0.300080,-0.176011,0.732461,-0.627693,0.466033,-0.263572,-0.835046,-0.126653,0.000000,0.000000,0.000000,3.307260,-1.750946,469.078949,-9.683645,13.331698,-1634.244873,-121.382523,-13.704681,1321.640015,25.363106,-35.246086,1947.688721,-2.692691,14.030813,-899.632019,-5.794946,20.565939,-276.875488,58.632477,-60.662464,10954.932617,21.556839,-1.381111,8021.717285,-16.700226,31.103704,16.002464,32.014954,-42.516708,3007.393066,-3.034848,2.317715,-380.044006,-3.999830,-25.503302,-1020.526855,65.558411,-90.152740,9154.281250,17.889273,-30.802536,1593.360962,-6.085372,-16.708708,-5302.062012,33.675079,16.026688,-1201.896729,60.528275,16.609192,-1266.021729,-1.176063,-7.987344,-385.776764,-4.581052,27.318430,-4678.235352,29.801264,251.599121,25408.134766,-58.580658,29.653168,3011.093262,-8.337331,-179.364105,-17698.210938,-5.160418,136.808929,13580.346680,-0.643846,-0.345498,-585.978638,-1.490763,2.061975,-673.898438,18.747396,-21.657753,2874.088379,-1.161439,-0.454247,-407.649261,-1.990633,1.567316,-795.745850,18.800194,-21.675491,2875.022949,-1.180891,-0.217283,-222.636444,-2.475005,1.117826,-860.416870,18.805000,-21.670914,2881.240723,-3.888578,3.400445,-1603.253052,-0.885151,-12.782061,2180.111572,-5.539184,14.896011,922.946960,0.359885,-39.929298,-1232.794922,-14.194857,8.029079,-2168.779297,-5.036835,15.452909,-1326.737183,54.433323,-33.835983,4369.239746,-9.333901,15.195274,376.205444,3.026819,-32.922386,-8321.639648,60.246876,-22.380829,6557.540527,1,1
227,2315,-0.028277,0.844036,-0.324138,0.489724,-0.059299,-0.867364,-0.065829,-0.028277,0.844036,-0.324138,0.489724,-0.059299,-0.867364,-0.065829,-0.033701,0.760049,-0.233509,0.490388,-0.202026,-0.794498,-0.295768,0.045616,0.754117,-0.365986,0.417737,-0.155187,-0.859960,-0.248761,-0.286493,0.455951,-0.349086,0.450727,0.125937,-0.869023,0.160573,-0.153503,0.415940,-0.488406,0.509000,0.032540,-0.834832,0.207160,-0.133680,0.084941,-0.274894,0.383554,0.036002,-0.922100,0.036358,-0.039857,0.047356,-0.355233,0.599963,0.032919,-0.799333,-0.005300,0.070124,0.906908,-0.268039,0.481141,0.022359,-0.873265,0.073562,0.022330,1.078452,-0.303801,0.414368,0.189948,-0.822885,0.339233,-0.048919,1.162174,-0.351907,0.414368,0.189948,-0.822885,0.339233,-0.137981,1.266826,-0.412039,0.414368,0.189948,-0.822885,0.339233,-0.039420,1.151011,-0.345493,0.458189,0.309573,-0.786893,0.273909,-0.039420,1.151011,-0.345493,0.345350,0.057651,-0.846280,0.401523,-0.213331,1.225404,-0.260691,0.242317,-0.131143,-0.959351,-0.061073,-0.009604,1.216745,-0.533841,0.605960,0.095955,-0.778803,-0.130654,-0.316966,0.950032,-0.307957,0.406876,0.066442,-0.863125,-0.291637,-0.050719,0.940595,-0.637905,0.476408,-0.255323,-0.836491,-0.090160,-0.361780,0.759410,-0.440390,0.426650,-0.015545,-0.852938,-0.300374,-0.178282,0.741699,-0.630731,0.465741,-0.264957,-0.834756,-0.126751,0.000000,0.000000,0.000000,3.262872,-4.035191,-207.658646,-9.633404,4.567406,-796.753845,-121.375923,0.599948,1300.420776,24.199841,-105.751389,-6409.573242,-2.507949,16.794746,251.266647,-5.827959,-3.001170,-2142.464355,57.013248,-134.935699,-6189.437012,21.180042,-31.399727,-2501.551270,-16.389856,25.864126,-436.631500,31.743206,-22.645632,1655.922974,-2.985792,4.088005,147.524155,-3.978775,1.754642,2271.495117,64.942467,-51.328659,3235.340088,17.618320,-22.579351,685.265381,-5.974310,9.255171,2163.656494,33.938461,21.948496,493.484009,60.665539,11.438687,-430.875366,-1.134336,3.477256,955.383301,-4.364657,18.032907,-773.793518,29.820404,1.595020,-20833.675781,-58.534058,3.883362,-2147.483887,-8.300693,3.053188,15201.441406,-5.193058,-2.720038,-11627.414062,-0.637317,0.544026,74.127068,-1.431549,4.934500,239.377060,18.513115,-19.523462,177.857559,-1.169096,-0.638107,-15.321706,-1.936497,4.511307,245.332565,18.564526,-19.639015,169.706345,-1.198060,-1.430760,-101.123085,-2.429734,3.772577,221.229248,18.567722,-19.773165,158.145737,-3.791131,8.120597,393.345978,-1.135417,-20.855566,-672.792114,-5.569639,-2.537966,-1452.831421,0.233598,-10.523887,2450.450928,-14.035789,13.255676,435.549713,-4.907966,10.739128,-392.815094,53.947906,-40.451366,-551.281921,-9.338928,-0.418901,-1301.181274,3.335234,25.701284,4885.306152,59.756104,-40.897686,-1543.071411,1,1
228,2339,-0.025634,0.845233,-0.322617,0.489656,-0.059595,-0.867325,-0.066572,-0.025634,0.845233,-0.322617,0.489656,-0.059595,-0.867325,-0.066572,-0.031175,0.761163,-0.232072,0.490439,-0.201841,-0.794662,-0.295367,0.048151,0.755263,-0.364545,0.417789,-0.155546,-0.859870,-0.248759,-0.283724,0.456812,-0.347493,0.450733,0.125867,-0.869020,0.160626,-0.151201,0.417227,-0.486809,0.509373,0.031054,-0.835494,0.203776,-0.130940,0.085803,-0.273239,0.383637,0.035869,-0.922078,0.036170,-0.039875,0.047374,-0.355206,0.599844,0.032886,-0.799424,-0.005194,0.072838,0.907926,-0.266443,0.481237,0.020215,-0.873557,0.070006,0.026840,1.080268,-0.301200,0.416411,0.184296,-0.826510,0.330933,-0.042790,1.165833,-0.348427,0.416411,0.184296,-0.826510,0.330933,-0.129828,1.272788,-0.407460,0.416411,0.184296,-0.826510,0.330933,-0.033506,1.154424,-0.342130,0.462903,0.305455,-0.788636,0.265466,-0.033506,1.154424,-0.342130,0.346110,0.052659,-0.850033,0.393547,-0.205077,1.230589,-0.254946,0.250317,-0.132111,-0.957151,-0.061246,-0.002144,1.221891,-0.529628,0.604227,0.095861,-0.780050,-0.131313,-0.309669,0.956087,-0.301532,0.404971,0.068666,-0.858844,-0.306057,-0.043355,0.945943,-0.634034,0.475777,-0.257277,-0.836149,-0.091099,-0.356182,0.769832,-0.439479,0.429031,-0.018657,-0.852005,-0.299452,-0.171809,0.747621,-0.626860,0.465479,-0.264745,-0.834985,-0.126644,0.000000,0.000000,0.000000,3.321921,2.460351,270.647552,-9.704728,-2.971848,-314.135590,-121.387505,-0.482559,-45.104462,24.130928,-2.871354,4286.668457,-2.459301,2.026985,-615.323425,-5.831552,-0.149707,118.810944,56.599648,-17.233372,4904.263672,20.751013,-17.876228,563.479065,-16.259504,5.431334,-851.366394,31.598476,-6.030401,692.301270,-2.997305,-0.479688,-190.320541,-3.968850,0.413517,-55.880184,64.889000,-2.227783,2045.869751,17.646563,1.176755,989.837708,-5.967309,0.291705,-373.477753,34.131535,8.044720,-579.324036,60.715347,2.075354,-390.138885,-1.296369,-6.751359,-426.192261,-4.129873,9.782672,-343.759796,31.539944,71.647484,2918.852539,-58.821808,-11.989594,-661.373108,-9.707569,-58.619858,-2569.710205,-3.846009,56.127048,2451.961914,-0.608698,1.192468,27.018393,-1.432332,-0.032643,-206.964294,18.127127,-16.082842,143.359177,-1.132693,1.516774,89.786743,-1.932805,0.153835,-181.561340,18.179874,-16.027132,150.495132,-1.152611,1.893704,138.519333,-2.418384,0.472933,-137.485153,18.185066,-15.944004,159.548355,-3.797560,-0.267863,-349.519165,-1.486215,-14.616554,259.958832,-5.273206,12.351375,620.389221,-0.235956,-19.564745,-376.702423,-13.927382,4.516959,-364.113190,-4.518280,16.236902,229.073914,53.049671,-37.426472,126.037285,-8.999104,14.159322,607.425964,3.567655,9.684205,-667.378235,58.878128,-36.582310,179.807358,1,1
229,2345,-0.026097,0.848040,-0.325512,0.486410,-0.058621,-0.869414,-0.063937,-0.026097,0.848040,-0.325512,0.486410,-0.058621,-0.869414,-0.063937,-0.031975,0.764336,-0.234651,0.490408,-0.201823,-0.794636,-0.295500,0.048366,0.758196,-0.366500,0.418062,-0.154400,-0.861330,-0.243917,-0.284553,0.460043,-0.350165,0.450687,0.125876,-0.869061,0.160527,-0.148727,0.417989,-0.485998,0.509240,0.029061,-0.836262,0.201235,-0.131802,0.089008,-0.275973,0.383736,0.036001,-0.922027,0.036292,-0.039809,0.047151,-0.355152,0.599503,0.031646,-0.799728,-0.005424,0.071695,0.911376,-0.268873,0.479394,0.019801,-0.874509,0.070881,0.026047,1.083852,-0.303753,0.418279,0.182473,-0.827238,0.327756,-0.043083,1.170080,-0.350507,0.418279,0.182473,-0.827238,0.327756,-0.129495,1.277863,-0.408949,0.418279,0.182473,-0.827238,0.327756,-0.033865,1.158583,-0.344273,0.465432,0.303395,-0.788942,0.262479,-0.033865,1.158583,-0.344273,0.346647,0.050741,-0.851133,0.390941,-0.204514,1.235854,-0.256259,0.252206,-0.134070,-0.956456,-0.060075,-0.001734,1.226535,-0.531370,0.601939,0.095702,-0.781776,-0.131667,-0.310094,0.961517,-0.301765,0.404968,0.068655,-0.858877,-0.305969,-0.042881,0.950894,-0.636039,0.474140,-0.261271,-0.835505,-0.094125,-0.356594,0.775236,-0.439680,0.429024,-0.018747,-0.852002,-0.299464,-0.173370,0.753887,-0.629354,0.464436,-0.264723,-0.835380,-0.127914,0.000000,0.000000,0.000000,3.146693,-35.045673,-7501.204590,-9.446801,51.585388,10911.447266,-121.808784,-84.255981,-16754.683594,23.891768,-47.832108,-8992.150391,-2.129575,65.945335,12783.669922,-5.534099,59.490490,11928.040039,55.658199,-188.289642,-34211.257812,20.482031,-53.796387,-7184.032227,-16.149822,21.936417,3301.016846,31.900913,60.487366,13303.552734,-3.215436,-43.626308,-8629.324219,-4.360324,-78.294800,-15741.664062,64.892784,0.756836,596.923828,17.615736,-6.165314,-1468.413696,-5.957549,1.951981,332.055115,34.655148,104.722595,19335.574219,60.687534,-5.562592,-1527.589233,-1.607147,-62.155579,-11080.843750,-3.715499,82.874825,14618.431641,31.678679,27.746964,-8780.103516,-58.863548,-8.348083,728.302002,-9.710479,-0.581932,11607.584961,-3.860564,-2.911043,-11807.619141,-0.583543,5.031097,767.725769,-1.238463,38.773895,7761.307617,17.872871,-50.851059,-6953.643555,-1.162852,-6.031632,-1509.681396,-1.743673,37.826469,7534.526367,17.921049,-51.765064,-7147.585938,-1.231835,-15.844751,-3547.690918,-2.250432,33.590267,6623.466309,17.919786,-53.055958,-7422.390625,-3.707859,17.940187,3641.609863,-1.689576,-40.672207,-5211.130371,-5.271724,0.296497,-2410.975342,-0.403463,-33.501488,-2787.348633,-13.799895,25.497246,4196.057129,-4.482634,7.129288,-1821.522827,52.723995,-65.135193,-5541.744141,-8.983530,3.114891,-2208.886230,3.654456,17.360258,1535.210693,58.549896,-65.646362,-5812.810547,1,1
230,2351,-0.027177,0.852838,-0.327069,0.485326,-0.057861,-0.870274,-0.061107,-0.027177,0.852838,-0.327069,0.485326,-0.057861,-0.870274,-0.061107,-0.032944,0.769512,-0.235854,0.490389,-0.201918,-0.794625,-0.295497,0.047750,0.763115,-0.367475,0.418023,-0.151236,-0.863736,-0.237371,-0.285577,0.465249,-0.351328,0.450715,0.125834,-0.869041,0.160590,-0.145104,0.419647,-0.483907,0.508004,0.026976,-0.838238,0.196371,-0.132831,0.094222,-0.277082,0.383585,0.036008,-0.922086,0.036375,-0.039783,0.047054,-0.355122,0.598678,0.029012,-0.800453,-0.004201,0.070218,0.916818,-0.270468,0.478498,0.019530,-0.874963,0.071397,0.024971,1.089486,-0.305291,0.418561,0.180339,-0.829089,0.323876,-0.043448,1.176506,-0.351621,0.418561,0.180339,-0.829089,0.323876,-0.128972,1.285280,-0.409532,0.418561,0.180339,-0.829089,0.323876,-0.034325,1.164903,-0.345443,0.466332,0.301388,-0.790354,0.258922,-0.034325,1.164903,-0.345443,0.346351,0.048976,-0.853125,0.387065,-0.204390,1.242916,-0.257020,0.252273,-0.134082,-0.956439,-0.060046,-0.001398,1.233927,-0.532040,0.600835,0.096826,-0.782377,-0.132314,-0.309973,0.968723,-0.302513,0.404124,0.067692,-0.858609,-0.308047,-0.042114,0.958616,-0.637494,0.472445,-0.263456,-0.835579,-0.095887,-0.357133,0.783045,-0.441016,0.428044,-0.017964,-0.851990,-0.300947,-0.173726,0.762344,-0.631250,0.463407,-0.265340,-0.835847,-0.127312,0.000000,0.000000,0.000000,2.914868,-38.637440,-598.627747,-9.208318,39.747238,-1973.025024,-121.940521,-21.956125,10383.309570,23.356909,-89.143120,-6885.168457,-2.083219,7.725874,-9703.243164,-5.529753,0.724316,-9794.362305,54.172546,-247.608826,-9886.530273,19.946560,-89.245155,-5908.128418,-15.675185,79.106171,9528.291992,32.219303,53.064983,-1237.063721,-3.256255,-6.803155,6137.192871,-4.535659,-29.222410,8178.730957,64.901672,1.481374,120.756371,17.612297,-0.573158,932.025879,-5.960828,-0.546455,-416.406006,35.058140,67.165375,-6259.536621,60.448833,-39.783478,-5703.480957,-1.629160,-3.668904,9747.779297,-3.381717,55.630325,-4540.750000,31.894699,36.003429,1376.077637,-58.933681,-11.688869,-556.797485,-9.565510,24.161499,4123.905273,-3.700783,26.630203,4923.541016,-0.618100,-5.759617,-1798.452271,-1.198033,6.738266,-5339.271484,17.582224,-48.441254,401.634186,-1.201891,-6.506622,-79.164902,-1.719760,3.985445,-5640.171387,17.628748,-48.716862,508.033783,-1.267606,-5.961975,1647.129395,-2.243141,1.215180,-5395.848145,17.626036,-48.958462,682.916016,-3.725850,-2.998551,-3489.789795,-1.857012,-27.906099,2127.684570,-5.245368,4.392704,682.700989,-0.568096,-27.438810,1010.446228,-13.770125,4.961649,-3422.599609,-4.328249,25.730848,3100.260010,52.325150,-66.474281,-223.181396,-8.939228,7.383665,711.462219,3.840739,31.047186,2281.154541,58.126038,-70.643105,-832.790344,1,1
231,2356,-0.027862,0.855737,-0.327626,0.484334,-0.056898,-0.870957,-0.060142,-0.027862,0.855737,-0.327626,0.484334,-0.056898,-0.870957,-0.060142,-0.033633,0.772482,-0.236346,0.490419,-0.201818,-0.794685,-0.295355,0.047392,0.766169,-0.367767,0.418446,-0.149336,-0.864905,-0.233541,-0.286161,0.468117,-0.351777,0.450706,0.125859,-0.869036,0.160624,-0.142994,0.420825,-0.482304,0.507629,0.025904,-0.839260,0.193094,-0.133386,0.097105,-0.277516,0.383680,0.035882,-0.922057,0.036246,-0.039796,0.047088,-0.355121,0.598137,0.027413,-0.800919,-0.003029,0.069232,0.920020,-0.270853,0.477770,0.019118,-0.875435,0.070594,0.024641,1.092989,-0.305343,0.419436,0.177544,-0.830845,0.319763,-0.042951,1.180884,-0.351232,0.419436,0.177544,-0.830845,0.319763,-0.127440,1.290753,-0.408594,0.419436,0.177544,-0.830845,0.319763,-0.033939,1.169165,-0.345113,0.467626,0.299222,-0.791784,0.254695,-0.033939,1.169165,-0.345113,0.346625,0.046151,-0.854897,0.383240,-0.203086,1.248050,-0.255914,0.254148,-0.135508,-0.955628,-0.061817,-0.000154,1.238787,-0.531305,0.600020,0.095791,-0.783200,-0.131904,-0.309735,0.974468,-0.302060,0.402462,0.068679,-0.857676,-0.312570,-0.041070,0.963486,-0.636324,0.471227,-0.265644,-0.835339,-0.097916,-0.357132,0.790230,-0.442394,0.427831,-0.018538,-0.852199,-0.300622,-0.173859,0.767993,-0.630547,0.462462,-0.265390,-0.836173,-0.128497,0.000000,0.000000,0.000000,2.881620,-6.649590,6397.569824,-9.054228,30.817987,-1785.850220,-122.071877,-26.271057,-862.986328,23.000097,-71.362305,3556.162842,-1.944382,27.767445,4008.313965,-5.472003,11.549950,2165.126709,53.260101,-182.489014,13023.962891,19.547405,-79.830933,1882.844482,-15.305331,73.970795,-1027.075195,32.341175,24.374390,-5738.118652,-3.371536,-23.056126,-3250.593994,-4.623305,-17.529297,2338.622559,64.885307,-3.273010,-950.876831,17.637119,4.964447,1107.521118,-5.965601,-0.954723,-81.653595,35.295631,47.498322,-3933.410645,60.444920,-0.782776,7800.140625,-1.800076,-34.183071,-6102.833496,-3.171895,41.964291,-2733.207031,32.273052,75.670624,7933.438965,-59.016449,-16.553497,-972.925781,-10.005276,-87.953186,-22422.937500,-3.256732,88.810349,12436.029297,-0.586352,6.349659,2421.854980,-1.157120,8.182693,288.885406,17.327957,-50.853348,-482.418854,-1.179123,4.553628,2212.049805,-1.674939,8.964252,995.761536,17.374245,-50.900650,-436.757660,-1.252374,3.046417,1801.678467,-2.196944,9.239531,1604.870239,17.371201,-50.967026,-401.712799,-3.694974,6.175232,1834.756470,-2.009360,-25.391340,419.126495,-5.160950,14.069557,1612.808960,-0.690990,-20.482351,1159.409790,-13.683563,14.427026,1577.562622,-4.087352,40.149448,2403.099854,51.859787,-77.560425,-1847.690552,-8.843576,15.941937,1426.378906,3.930502,14.960448,-2681.123047,57.866100,-43.322880,4553.370605,1,1
232,2365,-0.031501,0.859539,-0.330440,0.484234,-0.056910,-0.871007,-0.060209,-0.031501,0.859539,-0.330440,0.484234,-0.056910,-0.871007,-0.060209,-0.037301,0.776277,-0.239168,0.490385,-0.202030,-0.794542,-0.295650,0.043754,0.769968,-0.370571,0.417864,-0.145071,-0.867819,-0.226350,-0.290055,0.472122,-0.354678,0.450736,0.125914,-0.869005,0.160661,-0.141343,0.420954,-0.482095,0.505296,0.025413,-0.841050,0.191480,-0.137226,0.101132,-0.280419,0.383615,0.036029,-0.922074,0.036335,-0.039505,0.046664,-0.355443,0.598708,0.024434,-0.800588,-0.003126,0.065586,0.923808,-0.273638,0.477611,0.018441,-0.875662,0.069019,0.021724,1.097116,-0.307594,0.419678,0.175471,-0.832758,0.315585,-0.045132,1.185824,-0.352993,0.419678,0.175471,-0.832758,0.315585,-0.128703,1.296709,-0.409743,0.419678,0.175471,-0.832758,0.315585,-0.036218,1.173997,-0.346940,0.469244,0.296806,-0.792822,0.251296,-0.036218,1.173997,-0.346940,0.346744,0.044256,-0.856799,0.379085,-0.204565,1.254005,-0.257199,0.254947,-0.136749,-0.955377,-0.059630,-0.001862,1.244559,-0.532705,0.600164,0.095847,-0.783067,-0.131994,-0.311613,0.980481,-0.301916,0.401881,0.068808,-0.857292,-0.314336,-0.042797,0.969274,-0.637779,0.471113,-0.265759,-0.835373,-0.097858,-0.359214,0.796801,-0.442910,0.427744,-0.019173,-0.851983,-0.301318,-0.175614,0.773802,-0.631972,0.462355,-0.265348,-0.836254,-0.128444,0.000000,0.000000,0.000000,2.888826,0.900716,943.788147,-9.058874,-0.580788,-3924.846924,-122.085411,-1.691818,3072.404785,21.997730,-125.295876,-6741.696289,-1.983065,-4.835397,-4075.354980,-5.702311,-28.788387,-5042.291992,52.073860,-148.280151,4276.107910,19.604141,7.091999,10865.366211,-15.069521,29.476284,-5561.813965,32.376911,4.467010,-2488.422363,-3.389621,-2.260715,2599.426270,-4.633836,-1.316369,2026.616089,64.937271,6.495476,1221.060791,17.626919,-1.275063,-779.938721,-5.962814,0.348449,162.896515,35.311508,1.984596,-5689.215820,60.397907,-5.876541,-636.720642,-1.816241,-2.020687,4020.298096,-3.163328,1.070946,-5111.667969,32.759903,60.856342,-1851.785156,-58.958683,7.220745,2971.780273,-10.149495,-18.027424,8740.720703,-3.180778,9.494215,-9914.516602,-0.606501,-2.518564,-1108.527954,-1.164834,-0.964269,-1143.370117,17.139423,-23.566723,3410.828125,-1.192730,-1.700878,-781.813293,-1.691193,-2.031729,-1374.497681,17.185686,-23.569822,3416.353516,-1.255508,-0.391737,-429.769226,-2.219200,-2.782077,-1502.700928,17.183098,-23.512840,3431.773193,-3.716590,-2.702028,-1109.657349,-2.122660,-14.162481,1403.607422,-5.167438,-0.810921,-1860.059692,-0.981240,-36.281212,-1974.857544,-13.653749,3.726840,-1337.523193,-3.830709,32.080414,-1008.629333,51.432842,-53.368092,3024.041748,-8.828259,1.914740,-1753.399780,4.070356,17.481745,315.162048,57.304642,-70.182327,-3357.430908,1,1
233,2373,-0.029244,0.860615,-0.329722,0.483338,-0.056405,-0.871700,-0.057801,-0.029244,0.860615,-0.329722,0.483338,-0.056405,-0.871700,-0.057801,-0.034964,0.777690,-0.238139,0.490451,-0.201641,-0.794833,-0.295025,0.046376,0.771129,-0.369353,0.417981,-0.145495,-0.867766,-0.226065,-0.287274,0.473108,-0.353456,0.450686,0.125828,-0.869039,0.160687,-0.138917,0.422163,-0.480496,0.505652,0.023778,-0.841655,0.188061,-0.134502,0.102108,-0.279138,0.383623,0.035826,-0.922087,0.036126,-0.039526,0.046689,-0.355414,0.598622,0.024548,-0.800649,-0.003082,0.067523,0.925413,-0.272976,0.476861,0.018094,-0.876060,0.069244,0.024092,1.098922,-0.306799,0.419833,0.173539,-0.834552,0.311684,-0.042072,1.188379,-0.351741,0.419833,0.173539,-0.834552,0.311684,-0.124777,1.300200,-0.407919,0.419833,0.173539,-0.834552,0.311684,-0.033250,1.176451,-0.345749,0.469994,0.294986,-0.794174,0.247743,-0.033250,1.176451,-0.345749,0.346789,0.042419,-0.858573,0.375221,-0.201035,1.257128,-0.255593,0.254930,-0.136835,-0.955366,-0.059684,0.001691,1.247867,-0.531101,0.600154,0.095801,-0.783052,-0.132161,-0.308152,0.983702,-0.300304,0.402057,0.069117,-0.856512,-0.316166,-0.039321,0.972609,-0.636235,0.471075,-0.265777,-0.835381,-0.097927,-0.356025,0.800601,-0.441958,0.428478,-0.019870,-0.851344,-0.302035,-0.172159,0.777150,-0.630456,0.462310,-0.265325,-0.836271,-0.128539,0.000000,0.000000,0.000000,2.682726,-22.899971,-2644.520508,-8.871060,20.868195,2383.220215,-122.193359,-11.994256,-1144.715332,22.267717,29.998569,17254.939453,-1.937130,5.103893,1104.365479,-5.546758,17.283598,5119.109375,51.624470,-49.932266,10927.542969,19.157598,-49.615860,-6300.873047,-14.961908,11.956957,-1946.592041,32.545319,18.711937,1582.769653,-3.391469,-0.205225,228.387695,-4.784891,-16.783821,-1718.605957,64.843124,-10.460748,-1884.024780,17.657518,3.399955,519.446411,-5.962873,-0.006623,-39.452385,35.302315,-1.021491,-334.009705,60.389137,-0.974443,544.677490,-1.822053,-0.645770,152.768539,-3.163768,-0.048955,-124.433525,32.982414,24.723476,-4014.762939,-58.839436,13.249715,669.885498,-10.319160,-18.851706,-91.586853,-3.122351,6.491899,-333.590607,-0.649482,-4.775696,-250.792419,-1.133281,3.505919,496.687500,16.872055,-29.707590,-682.318604,-1.237924,-5.021559,-368.964508,-1.677816,1.486262,390.887817,16.916796,-29.876709,-700.765198,-1.295043,-4.392783,-444.560669,-2.223453,-0.472519,256.617493,16.912943,-30.017220,-722.708801,-3.729985,-1.488315,134.856979,-2.224301,-11.293385,318.788513,-5.147944,2.165900,330.757935,-1.143472,-18.025848,2028.373657,-13.620355,3.710429,-1.823452,-3.597371,25.926405,-683.778748,51.047081,-42.862362,1167.303223,-8.794082,3.797425,209.187302,4.242319,19.107023,180.586487,56.895889,-45.416939,2751.709961,1,1
234,2388,-0.030242,0.863803,-0.329329,0.481012,-0.056272,-0.873102,-0.056161,-0.030242,0.863803,-0.329329,0.481012,-0.056272,-0.873102,-0.056161,-0.036301,0.781157,-0.237515,0.490438,-0.201869,-0.794649,-0.295385,0.045737,0.774323,-0.368280,0.417986,-0.143004,-0.868921,-0.223190,-0.288873,0.476824,-0.352934,0.450741,0.125870,-0.869013,0.160641,-0.136900,0.423776,-0.478438,0.504644,0.023234,-0.843135,0.184167,-0.136082,0.105819,-0.278672,0.383682,0.035938,-0.922053,0.036258,-0.039617,0.047036,-0.355526,0.598612,0.024479,-0.800663,-0.001458,0.066116,0.928946,-0.272282,0.474791,0.017171,-0.877261,0.068503,0.023557,1.102797,-0.305822,0.418928,0.170651,-0.837512,0.306515,-0.041562,1.193259,-0.350275,0.418928,0.170651,-0.837512,0.306515,-0.122961,1.306337,-0.405841,0.418928,0.170651,-0.837512,0.306515,-0.032879,1.181198,-0.344348,0.470824,0.292525,-0.795978,0.243254,-0.032879,1.181198,-0.344348,0.345027,0.038999,-0.861602,0.370241,-0.199835,1.262729,-0.253607,0.256028,-0.136567,-0.955168,-0.058767,0.004093,1.253782,-0.528768,0.595634,0.096101,-0.786092,-0.134328,-0.306739,0.989280,-0.297757,0.401880,0.069281,-0.855816,-0.318231,-0.037082,0.979295,-0.635167,0.470424,-0.270019,-0.833807,-0.102744,-0.354929,0.806833,-0.440145,0.428897,-0.020043,-0.851196,-0.301847,-0.172377,0.785502,-0.630349,0.463010,-0.264331,-0.836134,-0.128959,0.000000,0.000000,0.000000,2.547816,-9.636453,947.394165,-8.759700,7.954325,-922.419312,-122.492432,-21.362305,-669.146362,21.998125,-19.256592,-3518.225830,-1.953350,-1.158578,-447.319336,-5.283848,18.779278,106.834274,50.741302,-63.083374,-939.364807,18.616842,-38.625446,785.029602,-14.645194,22.622450,761.820923,32.744389,14.219284,-320.903778,-3.528063,-9.756719,-682.249512,-5.089894,-21.785975,-357.296661,64.894279,3.653935,1008.191711,17.635349,-1.583508,-355.961639,-5.961902,0.069414,5.431186,35.846828,38.893833,2851.094482,60.655128,18.999372,1426.701172,-2.116512,-21.032759,-1456.213623,-2.400754,54.501026,3896.427246,33.330711,24.878366,11.063576,-58.873276,-2.417156,-1119.062134,-10.481038,-11.562688,520.644104,-2.902150,15.728609,659.765015,-0.708137,-4.189636,41.861469,-1.092217,2.933145,-40.912422,16.573009,-21.360397,596.228027,-1.299222,-4.378378,45.941456,-1.660317,1.249918,-16.881695,16.615540,-21.518297,597.029419,-1.349274,-3.873655,37.080563,-2.228474,-0.358667,8.132318,16.609783,-21.654266,597.353821,-3.650163,5.701576,513.563599,-2.411367,-13.361914,-147.752075,-5.062903,6.074360,279.175720,-1.473635,-23.583080,-396.945129,-13.499413,8.638655,352.016113,-3.511182,6.156376,-1412.144897,50.692379,-25.335857,1251.893188,-8.685187,7.778168,284.338745,4.438376,14.004060,-364.497375,56.228146,-47.695976,-162.788406,1,1
235,2393,-0.034893,0.867584,-0.332431,0.481074,-0.056155,-0.873099,-0.055787,-0.034893,0.867584,-0.332431,0.481074,-0.056155,-0.873099,-0.055787,-0.040892,0.784984,-0.240573,0.490416,-0.201929,-0.794566,-0.295604,0.041132,0.778126,-0.371345,0.419089,-0.139004,-0.871166,-0.214735,-0.293573,0.480776,-0.356093,0.450724,0.125929,-0.869022,0.160592,-0.136168,0.423693,-0.477114,0.503824,0.023036,-0.843916,0.182855,-0.140759,0.109770,-0.281885,0.383666,0.036028,-0.922056,0.036267,-0.039678,0.046532,-0.354872,0.595743,0.020632,-0.802909,-0.001272,0.061436,0.932812,-0.275432,0.474843,0.015596,-0.877467,0.065827,0.020374,1.107288,-0.308069,0.420242,0.165700,-0.840751,0.298460,-0.043163,1.199320,-0.351581,0.420242,0.165700,-0.840751,0.298460,-0.122585,1.314360,-0.405970,0.420242,0.165700,-0.840751,0.298460,-0.034692,1.187049,-0.345779,0.473044,0.288499,-0.798532,0.235255,-0.034692,1.187049,-0.345779,0.344970,0.034261,-0.865057,0.362626,-0.200317,1.269797,-0.253955,0.256260,-0.135125,-0.955253,-0.059690,0.004023,1.261158,-0.529227,0.593456,0.096110,-0.787679,-0.134669,-0.306621,0.996353,-0.298744,0.402464,0.069037,-0.854651,-0.320669,-0.037038,0.986831,-0.635877,0.469946,-0.271787,-0.833390,-0.103652,-0.355493,0.814657,-0.441858,0.429995,-0.020736,-0.850229,-0.302960,-0.173134,0.793600,-0.631069,0.462735,-0.264259,-0.836260,-0.129279,0.000000,0.000000,0.000000,2.515781,-5.339106,716.224426,-8.727426,5.379041,-429.213989,-122.482887,1.590729,3825.505615,20.937309,-176.802628,-26257.671875,-1.862752,15.099724,2709.717041,-5.355499,-11.941751,-5120.171387,49.480103,-210.199997,-24519.437500,18.661674,7.472038,7682.914062,-14.098536,91.109596,11414.523438,32.815731,11.890411,-388.145416,-3.514437,2.270858,2004.596069,-5.095122,-0.871261,3485.785400,64.920471,4.365285,118.558411,17.626911,-1.406352,29.526075,-5.961539,0.060399,-1.502415,36.039825,32.166164,-1121.278198,60.787510,22.063574,510.700226,-2.274632,-26.353477,-886.786438,-2.233049,27.950766,-4425.043457,33.475346,24.105707,-128.776550,-58.855190,3.014247,905.233704,-10.603675,-20.439466,-1479.463013,-2.798382,17.294764,261.025757,-0.704124,0.668774,809.734924,-1.099964,-1.291295,-704.073242,16.172153,-66.809334,-7574.822754,-1.285957,2.210836,1098.202393,-1.673766,-2.241393,-581.885132,16.215485,-66.675819,-7526.253906,-1.321655,4.603306,1412.826782,-2.243928,-2.575676,-369.501495,16.211407,-66.396080,-7456.968750,-3.620263,4.983425,-119.691856,-2.746168,-55.800121,-7073.035156,-4.947413,19.248405,2195.674316,-1.740614,-44.496433,-3485.558838,-13.370235,21.529673,2148.502930,-3.149020,60.360233,9033.976562,49.836048,-142.721817,-19564.326172,-8.543169,23.669718,2648.591553,4.916289,79.652229,10941.362305,55.356777,-145.228073,-16255.348633,1,1
236,2405,-0.032128,0.868050,-0.331417,0.480098,-0.054503,-0.873706,-0.056335,-0.032128,0.868050,-0.331417,0.480098,-0.054503,-0.873706,-0.056335,-0.038168,0.785219,-0.239770,0.493348,-0.182341,-0.808067,-0.265307,0.044202,0.778861,-0.370350,0.418546,-0.139855,-0.871218,-0.215035,-0.268436,0.461159,-0.345885,0.448328,0.121219,-0.871020,0.160098,-0.133697,0.424771,-0.476110,0.503733,0.021150,-0.844641,0.179966,-0.119283,0.089051,-0.269771,0.383418,0.035845,-0.922168,0.036226,-0.039684,0.046634,-0.354956,0.595973,0.020816,-0.802734,-0.000925,0.063904,0.933366,-0.274020,0.474078,0.015594,-0.878033,0.063755,0.023612,1.108213,-0.305925,0.421146,0.162689,-0.842586,0.293627,-0.038966,1.201168,-0.348859,0.421146,0.162689,-0.842586,0.293627,-0.117188,1.317363,-0.402526,0.421146,0.162689,-0.842586,0.293627,-0.030622,1.188774,-0.343134,0.475074,0.285843,-0.799621,0.230662,-0.030622,1.188774,-0.343134,0.344868,0.030947,-0.867028,0.358290,-0.195250,1.272475,-0.250505,0.257292,-0.134871,-0.955075,-0.058673,0.009492,1.263642,-0.525899,0.590488,0.095479,-0.789719,-0.136206,-0.301337,0.999061,-0.294671,0.402057,0.067985,-0.853993,-0.323147,-0.032051,0.989735,-0.633179,0.469272,-0.273465,-0.832848,-0.106608,-0.351050,0.818115,-0.438445,0.430052,-0.021048,-0.850332,-0.302570,-0.169314,0.797312,-0.629224,0.462889,-0.265556,-0.835787,-0.129131,0.000000,0.000000,0.000000,2.672668,14.262503,1781.964355,-8.588199,12.656992,661.631897,-122.623428,-12.776462,-1306.108276,21.055443,10.739413,17049.275391,-1.580111,25.694597,963.170288,-5.390386,-3.171531,797.292725,49.163929,-28.743050,16496.085938,18.227238,-39.494255,-4269.663086,-14.062803,3.248475,-7987.375000,28.498804,-392.447876,-36758.027344,-3.079175,39.569355,3390.772461,-4.811479,25.785749,2423.364746,60.145798,-434.061218,-39856.953125,17.319998,-27.901217,-2408.624023,-5.424055,48.862198,4436.527344,36.156799,10.633988,-1957.470703,61.019691,21.107414,-86.923599,-2.136434,12.563489,3537.906006,-1.888794,31.295982,304.110626,33.840286,33.176422,824.610413,-58.954445,-9.023147,-1094.308472,-10.686965,-7.571827,1169.785400,-2.452804,31.416157,1283.763062,-0.630356,6.706162,548.853455,-1.061323,3.512849,436.740326,15.928004,-22.195381,4055.813965,-1.218595,6.123781,355.722321,-1.618720,5.004146,658.685303,15.972654,-22.075480,4054.576660,-1.263203,5.313765,64.587158,-2.173574,6.395795,815.588257,15.969953,-21.950377,4040.518555,-3.544488,6.888563,173.194366,-2.946779,-18.237309,3414.801025,-4.882933,5.861803,-1216.963867,-1.986320,-22.336884,2014.504395,-13.252564,10.697365,-984.755249,-3.057922,8.281643,-4734.417480,49.454811,-34.657913,9823.991211,-8.459529,7.603645,-1460.552002,5.174307,23.456182,-5108.731445,54.738831,-56.176968,8095.554688,1,1
237,2419,-0.034360,0.872858,-0.332112,0.479045,-0.053850,-0.874365,-0.055700,-0.034360,0.872858,-0.332112,0.479045,-0.053850,-0.874365,-0.055700,-0.040486,0.790078,-0.240424,0.493397,-0.182441,-0.807972,-0.265435,0.042218,0.783773,-0.370796,0.420299,-0.135878,-0.872765,-0.207768,-0.270870,0.466101,-0.346556,0.448384,0.121348,-0.870955,0.160197,-0.130752,0.426384,-0.472774,0.503514,0.020268,-0.845971,0.174346,-0.121589,0.094046,-0.270433,0.383696,0.036044,-0.922041,0.036318,-0.039654,0.046501,-0.354901,0.595058,0.018077,-0.803480,0.000197,0.061419,0.938376,-0.274522,0.473182,0.015323,-0.878588,0.062829,0.021685,1.113468,-0.306033,0.421206,0.160719,-0.844265,0.289779,-0.040174,1.207116,-0.348503,0.421206,0.160719,-0.844265,0.289779,-0.117498,1.324175,-0.401589,0.421206,0.160719,-0.844265,0.289779,-0.031926,1.194629,-0.342840,0.476305,0.284275,-0.800464,0.227110,-0.031926,1.194629,-0.342840,0.344787,0.029058,-0.868687,0.354486,-0.195706,1.278968,-0.249431,0.259395,-0.135502,-0.954429,-0.058473,0.008807,1.270288,-0.525173,0.590531,0.095512,-0.789675,-0.136248,-0.302209,1.005807,-0.293202,0.401669,0.068429,-0.852779,-0.326722,-0.032741,0.996388,-0.632481,0.469301,-0.273378,-0.832861,-0.106598,-0.352393,0.826026,-0.438267,0.430687,-0.021059,-0.850054,-0.302446,-0.169971,0.803941,-0.628538,0.462864,-0.265452,-0.835805,-0.129311,0.000000,0.000000,0.000000,2.654749,-1.279933,-1110.173950,-8.484123,7.433959,-373.073761,-122.762276,-9.917668,204.199509,20.174286,-62.939781,-5262.799805,-1.430771,10.667137,-1073.390015,-5.215850,12.466840,1117.026489,47.535107,-116.344444,-6257.242676,17.663544,-40.263855,-54.971424,-13.379858,48.781803,3252.380615,28.609131,7.880483,28594.884766,-3.190225,-7.932203,-3392.968262,-4.924761,-8.091620,-2419.812012,60.183765,2.711977,31198.083984,17.315704,-0.306674,1971.038696,-5.407915,1.152890,-3407.807861,36.148075,-0.623158,-804.081909,61.016872,-0.201362,-1522.055420,-2.149142,-0.907694,-962.227356,-1.907602,-1.343438,-2331.387207,34.301559,32.948086,-16.309738,-58.982803,-2.025604,499.824463,-10.945774,-18.486362,-779.609680,-2.085856,26.210581,-371.826874,-0.634894,-0.324160,-502.165863,-1.032034,2.092098,-101.482224,15.719805,-14.871392,523.142029,-1.226598,-0.571626,-478.243347,-1.594121,1.757051,-231.935349,15.763781,-14.919554,511.137543,-1.271579,-0.598243,-422.286316,-2.153944,1.402208,-356.684784,15.760460,-14.963762,499.043884,-3.559019,-1.037887,-566.174988,-3.050186,-7.386259,775.075012,-4.811850,5.077396,-56.029049,-2.214243,-16.280243,432.617188,-13.223797,2.054827,-617.324097,-2.824633,16.663483,598.702820,49.059799,-28.215136,460.198425,-8.374590,6.067071,-109.755272,5.254377,5.719287,-1266.921021,54.333839,-28.927938,1946.359253,1,1
238,2439,-0.035832,0.875533,-0.332267,0.477987,-0.052797,-0.875071,-0.054694,-0.035832,0.875533,-0.332267,0.477987,-0.052797,-0.875071,-0.054694,-0.041962,0.792823,-0.240516,0.494678,-0.171892,-0.813356,-0.253375,0.041089,0.786624,-0.370672,0.421854,-0.133591,-0.873297,-0.203827,-0.261346,0.461078,-0.343773,0.449167,0.106801,-0.875799,0.140776,-0.129165,0.427470,-0.470517,0.503863,0.020004,-0.846499,0.170766,-0.128892,0.081199,-0.275566,0.385320,0.034633,-0.921621,0.030712,-0.039650,0.046511,-0.354922,0.595104,0.018041,-0.803446,0.000268,0.059619,0.941370,-0.274496,0.472545,0.014898,-0.878999,0.061971,0.020574,1.116747,-0.305618,0.422411,0.157818,-0.845746,0.285267,-0.040380,1.211239,-0.347521,0.422411,0.157818,-0.845746,0.285267,-0.116572,1.329354,-0.399901,0.422411,0.157818,-0.845746,0.285267,-0.032253,1.198640,-0.341934,0.477946,0.281667,-0.801658,0.222659,-0.032253,1.198640,-0.341934,0.344717,0.025674,-0.870376,0.350651,-0.195187,1.283874,-0.247907,0.259289,-0.135554,-0.954453,-0.058418,0.009840,1.274742,-0.523660,0.587680,0.094194,-0.791919,-0.136469,-0.301710,1.010721,-0.291640,0.401792,0.068392,-0.852673,-0.326856,-0.032025,1.001002,-0.630827,0.466973,-0.277964,-0.832372,-0.108764,-0.351957,0.830980,-0.436734,0.430834,-0.021014,-0.850011,-0.302358,-0.171271,0.810005,-0.627027,0.460961,-0.265577,-0.836678,-0.130211,0.000000,0.000000,0.000000,2.621142,-1.680350,-20.020861,-8.319232,8.244562,40.530132,-122.901535,-6.962967,147.735077,19.793533,-19.037628,2195.107666,-1.285812,7.247978,-170.957947,-4.991098,11.237574,-61.463306,46.596764,-46.917152,3471.364502,17.290241,-18.665123,1079.936646,-13.128814,12.552214,-1811.479492,26.893332,-85.789963,-4683.522461,-2.779912,20.515692,1422.394775,-5.004017,-3.962803,206.440872,55.444046,-236.985962,-11984.896484,15.131022,-109.234093,-5446.371094,-4.331903,53.800587,2632.385010,36.582527,21.722603,1117.287964,61.003445,-0.671387,-23.501259,-2.541664,-19.626093,-935.919922,-1.521073,19.326420,1033.492920,34.323196,1.081848,-1593.311890,-58.950024,1.638985,183.229446,-10.949129,-0.167751,915.930542,-2.059523,1.316643,-1244.696899,-0.591912,2.149141,123.665039,-0.971668,3.018284,46.309319,15.450782,-13.451147,71.012253,-1.199423,1.358742,96.518356,-1.529523,3.229910,73.642960,15.493622,-13.507937,70.580818,-1.258301,0.663877,63.105988,-2.089731,3.210604,90.419823,15.488872,-13.579416,69.217300,-3.447760,5.562949,330.041809,-3.265256,-10.753477,-168.360931,-4.779670,1.608968,-173.421417,-2.363849,-7.480287,439.997742,-13.064177,7.981014,296.309326,-2.696913,6.386006,-513.873901,48.620857,-21.947098,313.401886,-8.329741,2.242422,-191.232468,5.514586,13.010431,364.557190,53.845234,-24.430275,224.883179,1,1
239,2446,-0.036156,0.877773,-0.331905,0.477903,-0.052966,-0.875085,-0.055047,-0.036156,0.877773,-0.331905,0.477903,-0.052966,-0.875085,-0.055047,-0.042356,0.795025,-0.240193,0.494663,-0.171853,-0.813360,-0.253418,0.040715,0.788831,-0.370336,0.422078,-0.131735,-0.874176,-0.200777,-0.261729,0.463285,-0.343497,0.449110,0.106953,-0.875790,0.140898,-0.127251,0.428323,-0.468752,0.503223,0.019266,-0.847533,0.167580,-0.129130,0.083463,-0.275255,0.385381,0.034443,-0.921596,0.030908,-0.039629,0.046408,-0.354876,0.594257,0.015543,-0.804124,0.001377,0.059326,0.943522,-0.274088,0.472329,0.014140,-0.879245,0.060287,0.021039,1.119197,-0.304671,0.422331,0.155746,-0.847502,0.281285,-0.039151,1.214386,-0.346098,0.422331,0.155746,-0.847502,0.281285,-0.114388,1.333373,-0.397882,0.422331,0.155746,-0.847502,0.281285,-0.031126,1.201695,-0.340575,0.479956,0.280738,-0.801856,0.218757,-0.031126,1.201695,-0.340575,0.344430,0.023125,-0.872049,0.346934,-0.192847,1.287239,-0.245156,0.264610,-0.134891,-0.953107,-0.058075,0.011883,1.278296,-0.521829,0.586919,0.092895,-0.792660,-0.136330,-0.299201,1.014166,-0.288362,0.401011,0.068748,-0.851613,-0.330485,-0.030418,1.004593,-0.628574,0.466208,-0.279919,-0.831876,-0.110809,-0.349896,0.835621,-0.434769,0.431265,-0.022663,-0.849243,-0.303780,-0.170738,0.814375,-0.625228,0.460793,-0.265066,-0.836921,-0.130281,0.000000,0.000000,0.000000,2.648359,3.402054,635.300598,-8.355426,-4.524231,-1596.099121,-122.913666,-1.516342,680.828125,19.327229,-58.288097,-4906.308594,-1.290054,-0.530303,-972.285095,-5.017297,-3.274798,-1814.046509,45.800999,-99.470612,-6569.182617,16.962961,-40.910004,-2780.610107,-12.642884,60.741188,6023.621582,26.850588,-5.342960,10055.875977,-2.779835,0.009507,-2563.273193,-5.010187,-0.771165,398.954742,55.467850,2.975464,29995.177734,15.143305,1.535296,13846.172852,-4.368371,-4.558444,-7294.878906,36.756706,21.772385,6.222725,61.063137,7.461548,1016.616821,-2.687126,-18.182755,180.417297,-1.172695,43.547333,3027.614014,34.767761,55.570602,6811.094238,-59.418339,-58.539391,-7522.296875,-11.294650,-43.190121,-5377.796387,-1.931940,15.947848,1828.900635,-0.610748,-2.354555,-562.961914,-0.991105,-2.429605,-680.986023,15.284035,-20.843388,-924.030090,-1.209755,-1.291558,-331.287445,-1.555960,-3.304541,-816.806458,15.327157,-20.808102,-912.520508,-1.257011,0.161216,-62.832607,-2.120402,-3.833830,-880.554321,15.323176,-20.711899,-891.560303,-3.397618,6.267696,88.093399,-3.353934,-11.084825,-41.418434,-4.585205,24.308205,2837.404785,-2.693739,-41.236282,-4219.499512,-12.974134,11.255264,409.281250,-2.461627,29.410780,2878.096924,48.245831,-46.878338,-3116.405029,-8.118506,26.404381,3020.244873,5.561279,5.836606,-896.728149,53.343838,-62.674522,-4780.530762,1,1
240,2454,-0.037919,0.880123,-0.334221,0.475897,-0.050808,-0.876559,-0.050833,-0.037919,0.880123,-0.334221,0.475897,-0.050808,-0.876559,-0.050833,-0.043913,0.797851,-0.242068,0.493006,-0.162708,-0.818925,-0.244609,0.039819,0.791564,-0.371783,0.423218,-0.130262,-0.874803,-0.196567,-0.253865,0.460323,-0.344467,0.447023,0.096014,-0.880303,0.126560,-0.125850,0.429429,-0.467656,0.503493,0.018417,-0.847854,0.165225,-0.134171,0.075297,-0.281755,0.387721,0.036557,-0.920578,0.029526,-0.039730,0.046808,-0.355012,0.594303,0.015625,-0.804083,0.003144,0.056778,0.946937,-0.276332,0.470812,0.014770,-0.879952,0.061656,0.018601,1.122719,-0.306899,0.422785,0.153833,-0.849060,0.276922,-0.040845,1.218635,-0.347719,0.422785,0.153833,-0.849060,0.276922,-0.115152,1.338530,-0.398745,0.422785,0.153833,-0.849060,0.276922,-0.032919,1.205846,-0.342277,0.481416,0.279106,-0.802645,0.214708,-0.032919,1.205846,-0.342277,0.344019,0.020566,-0.873789,0.343104,-0.193729,1.292064,-0.245994,0.266364,-0.135575,-0.952536,-0.057841,0.011401,1.283112,-0.522822,0.583720,0.092256,-0.794811,-0.137967,-0.300527,1.019208,-0.288763,0.401344,0.068229,-0.850540,-0.332942,-0.031386,1.009763,-0.630253,0.465848,-0.279855,-0.831817,-0.112902,-0.351974,0.841440,-0.435852,0.432071,-0.022479,-0.848893,-0.303627,-0.172083,0.819810,-0.627787,0.460971,-0.264716,-0.836909,-0.130442,0.000000,0.000000,0.000000,2.358234,-41.446381,-6406.918945,-7.900627,64.971306,9927.934570,-123.166504,-36.119732,-4943.341309,19.354059,3.832953,8874.435547,-1.068897,31.593832,4589.162109,-4.698789,45.501095,6967.984863,44.986561,-116.348267,-2411.093506,16.491552,-67.344124,-3776.302979,-12.431910,30.139242,-4371.706543,25.956999,-127.655571,-17473.230469,-2.280628,71.315292,10186.541016,-4.955379,7.829666,1228.690186,51.890827,-511.003204,-73425.515625,13.054823,-298.354553,-42841.410156,-3.261373,158.142532,23242.996094,36.616398,-20.044054,-5973.776855,61.407841,49.243382,5968.833008,-2.606087,11.576994,4251.392578,-0.954476,31.174089,-1767.606201,35.063782,42.288643,-1897.422852,-59.417385,0.136239,8382.232422,-11.368344,-10.527747,4666.053223,-1.625578,43.766075,3974.032471,-0.623566,-1.831114,74.777214,-0.895371,13.676252,2300.836670,14.913054,-52.997181,-4593.398926,-1.242016,-4.608733,-473.882111,-1.472061,11.985558,2184.299805,14.953868,-53.327019,-4645.559570,-1.301778,-6.395272,-936.641113,-2.052850,9.650299,1926.304077,14.947122,-53.722107,-4715.743652,-3.293327,14.898778,1233.011719,-3.515791,-23.122345,-1719.645752,-4.539445,6.537029,-2538.739502,-2.917286,-31.935284,1328.714111,-12.839833,19.185883,1132.945435,-2.415707,6.560053,-3264.389404,47.969292,-39.505550,1053.255371,-8.061094,8.201735,-2600.377686,5.672798,15.931266,1442.094360,52.903511,-62.903812,-32.755714,1,1
241,2459,-0.041831,0.883977,-0.336318,0.476081,-0.050903,-0.876462,-0.050707,-0.041831,0.883977,-0.336318,0.476081,-0.050903,-0.876462,-0.050707,-0.047787,0.801732,-0.244139,0.492809,-0.159841,-0.820940,-0.240100,0.035887,0.795404,-0.373889,0.425145,-0.126100,-0.876250,-0.188511,-0.254181,0.461715,-0.345075,0.446585,0.093988,-0.880956,0.125076,-0.124391,0.429943,-0.465433,0.503276,0.018320,-0.848597,0.162052,-0.136478,0.076041,-0.282580,0.387365,0.034766,-0.920847,0.027920,-0.039655,0.046421,-0.354821,0.593583,0.014057,-0.804647,0.002375,0.052894,0.950804,-0.278490,0.470424,0.013106,-0.880349,0.059296,0.016177,1.127081,-0.308399,0.422360,0.148606,-0.852293,0.270416,-0.041631,1.224231,-0.348650,0.422360,0.148606,-0.852293,0.270416,-0.113892,1.345668,-0.398962,0.422360,0.148606,-0.852293,0.270416,-0.033924,1.211277,-0.343283,0.482948,0.275575,-0.804647,0.208235,-0.033924,1.211277,-0.343283,0.342769,0.015550,-0.876871,0.336696,-0.193344,1.298418,-0.245957,0.268785,-0.134638,-0.951954,-0.058411,0.012360,1.289635,-0.522926,0.581661,0.092142,-0.796280,-0.138268,-0.299835,1.025578,-0.288967,0.401222,0.068641,-0.849829,-0.334815,-0.030365,1.016413,-0.630547,0.465518,-0.281258,-0.831433,-0.113609,-0.351473,0.848441,-0.436749,0.432557,-0.023190,-0.848230,-0.304732,-0.171685,0.826924,-0.628076,0.460688,-0.266295,-0.836496,-0.130877,0.000000,0.000000,0.000000,2.338566,-3.278057,6361.387207,-7.903830,-0.533819,-10917.520508,-123.141289,4.202525,6720.376465,18.293852,-176.701233,-30089.031250,-1.010883,9.669005,-3654.137939,-4.637187,10.267019,-5872.346191,43.570198,-236.060471,-19952.033203,16.338684,-25.478045,6977.680176,-12.091852,56.676228,4422.831055,25.334309,-103.781700,3978.978516,-2.142976,22.942146,-8062.190918,-4.831188,20.698469,2144.800537,50.973614,-152.868912,59689.046875,13.057085,0.377019,49788.593750,-3.212458,8.152485,-24998.341797,36.749580,22.197088,7040.189941,61.558628,25.131226,-4018.692627,-2.573008,5.513191,-1010.633789,-0.937015,2.910167,-4710.653809,35.206650,23.811340,-3079.550537,-59.636631,-36.540985,-6112.870605,-11.536165,-27.970154,-2907.067627,-1.608494,2.847255,-6819.803223,-0.612452,1.852324,613.906311,-0.980233,-14.143676,-4636.654785,14.574978,-56.346100,-558.153137,-1.203476,6.423394,1838.687866,-1.557299,-14.206349,-4365.317871,14.618902,-55.827618,-416.766479,-1.233209,11.428119,2970.565186,-2.130500,-12.941600,-3765.316650,14.616796,-55.054348,-222.040176,-3.312405,-3.179709,-3013.081299,-3.764350,-41.426540,-3050.699219,-4.317592,36.975544,5073.085938,-3.271666,-59.063313,-4521.338379,-12.783678,9.359200,-1637.780273,-2.083351,55.392624,8138.761719,47.248894,-120.066322,-13426.795898,-7.823348,39.624454,5237.119629,5.945840,45.507034,4929.294434,52.120842,-130.444839,-11256.838867,1,1
242,2465,-0.040096,0.884737,-0.334570,0.474941,-0.050098,-0.877150,-0.050295,-0.040096,0.884737,-0.334570,0.474941,-0.050098,-0.877150,-0.050295,-0.046157,0.802493,-0.242396,0.491794,-0.154417,-0.824458,-0.233590,0.037878,0.796295,-0.371919,0.424492,-0.126005,-0.876425,-0.189232,-0.246433,0.458700,-0.341900,0.445305,0.089040,-0.882907,0.119376,-0.122480,0.431072,-0.464106,0.502632,0.017370,-0.849559,0.159087,-0.134343,0.071043,-0.281383,0.387009,0.033114,-0.921087,0.026958,-0.039691,0.046695,-0.354998,0.593481,0.012859,-0.804733,0.004375,0.054355,0.951738,-0.276497,0.469490,0.013666,-0.880817,0.059615,0.017475,1.127981,-0.306434,0.421949,0.148879,-0.852449,0.270416,-0.040368,1.225111,-0.346681,0.421949,0.148879,-0.852449,0.270416,-0.112673,1.346524,-0.396990,0.421949,0.148879,-0.852449,0.270416,-0.032656,1.212160,-0.341315,0.482993,0.275802,-0.804491,0.208433,-0.032656,1.212160,-0.341315,0.342605,0.015346,-0.876911,0.336768,-0.192045,1.299269,-0.243918,0.269448,-0.134595,-0.951816,-0.057694,0.013873,1.290442,-0.520867,0.580501,0.091378,-0.796960,-0.139728,-0.298482,1.026502,-0.286413,0.401807,0.067860,-0.848572,-0.337449,-0.029587,1.017592,-0.628923,0.465854,-0.282585,-0.830457,-0.116046,-0.351055,0.850198,-0.434860,0.433708,-0.023126,-0.847865,-0.304119,-0.171842,0.828797,-0.627005,0.461655,-0.264985,-0.836321,-0.131242,0.000000,0.000000,0.000000,2.351193,2.525473,1160.705933,-7.796870,21.391869,4385.137695,-123.292755,-30.293274,-6899.160156,18.446951,30.619812,41464.210938,-0.965136,9.149468,-103.907394,-4.577168,12.003803,347.356781,43.281876,-57.664490,35679.195312,15.860187,-95.699501,-14044.291992,-11.727596,72.851181,3234.990723,24.438547,-179.152298,-15074.120117,-1.951515,38.292049,3069.980713,-4.708668,24.503994,761.104980,49.099396,-374.843597,-44394.937500,12.389171,-133.582870,-26791.978516,-2.989955,44.500496,7269.602539,36.835514,17.186737,-1002.070190,61.708496,29.973602,968.475403,-2.732017,-31.801891,-7463.016602,-0.564770,74.449028,14307.773438,35.568584,72.386932,9715.119141,-59.549900,17.346191,10777.435547,-11.630685,-18.903923,1813.246094,-1.230047,75.689384,14568.426758,-0.604109,1.668620,-36.740685,-0.942056,7.635510,4355.836914,14.552407,-4.514122,10366.395508,-1.204710,-0.246882,-1334.055298,-1.518649,7.730007,4387.270996,14.595540,-4.672432,10231.037109,-1.243623,-2.082682,-2702.160156,-2.093827,7.334566,4055.232910,14.592310,-4.897118,10031.446289,-3.271619,8.157158,2267.373535,-3.716422,9.585619,10202.431641,-4.311076,1.303196,-7134.469727,-3.333799,-12.426615,9327.338867,-12.760206,4.694366,-932.966797,-2.172809,-17.891645,-14656.854492,47.417694,33.760071,30765.277344,-7.813829,1.903725,-7544.145996,5.913787,-6.410503,-10383.507812,52.065926,-10.983276,23892.312500,1,1
243,2476,-0.041083,0.887146,-0.335961,0.473111,-0.048316,-0.878343,-0.048432,-0.041083,0.887146,-0.335961,0.473111,-0.048316,-0.878343,-0.048432,-0.047146,0.805047,-0.243659,0.491409,-0.151730,-0.825917,-0.230990,0.037479,0.799013,-0.372805,0.425949,-0.124494,-0.876845,-0.184965,-0.244634,0.459646,-0.342795,0.444598,0.087691,-0.883685,0.117229,-0.120525,0.432243,-0.462346,0.503106,0.016312,-0.849916,0.155757,-0.134312,0.071340,-0.283194,0.387209,0.033208,-0.920998,0.027013,-0.039755,0.046924,-0.355062,0.593431,0.012829,-0.804764,0.005443,0.052791,0.954712,-0.277606,0.468127,0.014658,-0.881436,0.060925,0.015580,1.130867,-0.307768,0.421997,0.148763,-0.852465,0.270354,-0.042237,1.228014,-0.348014,0.421997,0.148763,-0.852465,0.270354,-0.114508,1.349447,-0.398321,0.421997,0.148763,-0.852465,0.270354,-0.034528,1.215061,-0.342648,0.483380,0.276323,-0.804174,0.208071,-0.034528,1.215061,-0.342648,0.342040,0.014976,-0.877084,0.336911,-0.193688,1.301879,-0.244829,0.271635,-0.133721,-0.951267,-0.058518,0.012484,1.293283,-0.522032,0.578428,0.091400,-0.798403,-0.140071,-0.299901,1.029154,-0.287676,0.402370,0.068320,-0.847473,-0.339440,-0.030836,1.020563,-0.630373,0.465271,-0.282891,-0.830534,-0.117085,-0.352793,0.853522,-0.436805,0.434935,-0.023263,-0.847179,-0.304266,-0.173390,0.831990,-0.628883,0.461402,-0.264874,-0.836514,-0.131131,0.000000,0.000000,0.000000,2.275371,-6.892941,-856.219482,-7.510179,26.062878,424.637207,-123.531898,-21.740307,777.542419,18.206171,-21.889080,-4773.535645,-0.674232,26.445839,1572.397339,-4.280961,26.927904,1356.736450,42.347179,-84.972382,-2482.535645,15.352906,-46.116394,4507.555176,-11.488084,21.773859,-4643.393066,24.296749,-12.890729,15114.687500,-1.962457,-0.994682,-3571.520996,-4.818091,-9.947559,-3131.959473,48.374100,-65.936005,28082.507812,12.080146,-28.093164,9589.973633,-2.891864,8.917418,-3234.825195,36.860657,2.285697,-1354.640015,61.873234,14.976154,-1363.404419,-2.709720,2.026991,3075.353027,-0.421536,13.021231,-5584.345215,35.696468,11.625810,-5523.738770,-59.658630,-9.884574,-2475.524170,-11.801567,-15.534748,306.288635,-1.079033,13.728521,-5632.805176,-0.567194,3.355855,153.385025,-0.860862,7.381233,-23.116112,14.453579,-8.984392,-406.388184,-1.187725,1.544118,162.818222,-1.432137,7.864659,12.241103,14.495433,-9.100654,-402.565613,-1.246416,-0.253883,166.254410,-2.007018,7.891742,50.652370,14.490332,-9.270755,-397.603394,-3.214328,5.208319,-268.076294,-3.775761,-5.394502,-1361.829224,-4.217263,8.528492,656.845093,-3.360990,-2.471859,904.977783,-12.704153,5.095742,36.488663,-2.268906,-8.736069,832.325195,47.438778,1.916712,-2894.850830,-7.718996,8.621173,610.677124,5.882748,-2.821749,326.250397,52.074688,0.796578,1070.895874,1,1
244,2485,-0.043377,0.890518,-0.338342,0.472994,-0.048365,-0.878394,-0.048591,-0.043377,0.890518,-0.338342,0.472994,-0.048365,-0.878394,-0.048591,-0.049485,0.808400,-0.246059,0.491457,-0.151955,-0.825776,-0.231244,0.035173,0.802374,-0.375184,0.427619,-0.121692,-0.877864,-0.178011,-0.247221,0.463150,-0.345244,0.444693,0.087687,-0.883640,0.117214,-0.118676,0.433057,-0.460668,0.503155,0.015422,-0.850456,0.152715,-0.136899,0.074841,-0.285665,0.387082,0.033468,-0.921041,0.027028,-0.039751,0.046897,-0.355047,0.593402,0.012803,-0.804787,0.005336,0.050497,0.958049,-0.279947,0.467985,0.014678,-0.881519,0.060823,0.013287,1.134206,-0.310087,0.421745,0.148895,-0.852561,0.270372,-0.044546,1.231341,-0.350338,0.421745,0.148895,-0.852561,0.270372,-0.116837,1.352759,-0.400651,0.421745,0.148895,-0.852561,0.270372,-0.036835,1.218389,-0.344971,0.484017,0.277089,-0.803558,0.207952,-0.036835,1.218389,-0.344971,0.341905,0.015027,-0.877143,0.336891,-0.195694,1.304871,-0.246606,0.274733,-0.132569,-0.950548,-0.058356,0.010195,1.296620,-0.524342,0.578427,0.091333,-0.798400,-0.140134,-0.301448,1.032153,-0.289209,0.403054,0.069064,-0.845435,-0.343537,-0.033137,1.024098,-0.632747,0.464476,-0.284150,-0.830112,-0.120143,-0.354993,0.857913,-0.439732,0.436940,-0.023793,-0.845834,-0.305093,-0.176703,0.836289,-0.632264,0.461412,-0.264546,-0.836571,-0.131392,0.000000,0.000000,0.000000,2.289871,1.611074,944.890503,-7.523528,-1.483228,-3060.678467,-123.547813,-1.768324,2219.109131,17.314453,-99.079765,-8576.743164,-0.521943,16.920937,-1058.322510,-4.199885,9.008408,-1991.055176,41.101952,-138.358643,-5931.806641,15.012810,-37.788498,925.321838,-11.342896,16.132036,-626.869202,24.315901,2.127965,1668.743774,-1.986424,-2.663016,-185.370438,-4.838580,-2.276474,852.342896,48.412395,4.255083,7799.009766,12.062309,-1.981841,2901.258057,-2.871293,2.285640,-736.864319,37.139187,30.947792,3184.677002,61.794128,-8.789486,-2640.626709,-2.716362,-0.737958,-307.216644,-0.037566,42.663414,3293.575928,36.193790,55.258011,4848.022461,-59.732368,-8.193122,187.939117,-12.131728,-36.684566,-2349.979736,-0.821301,28.636986,1656.496094,-0.573794,-0.733236,-454.343536,-0.863602,-0.304447,-853.964478,14.463065,1.054022,1115.379395,-1.193645,-0.657704,-244.646912,-1.436350,-0.468029,-925.854248,14.504831,1.044273,1127.214111,-1.251386,-0.552310,-33.158512,-2.012521,-0.611517,-944.806519,14.499644,1.034737,1145.054565,-3.212541,0.198497,-556.646851,-3.759351,1.823346,801.983093,-4.106583,12.297736,418.804901,-3.460212,-11.024767,-950.323120,-12.704289,-0.015153,-567.877197,-2.263244,0.629107,1040.575073,47.457378,2.066718,16.667353,-7.605015,12.664531,449.261993,5.828943,-5.978319,-350.730042,52.004013,-7.852766,-961.038330,1,1
245,2499,-0.042734,0.892270,-0.338786,0.470112,-0.045316,-0.880255,-0.045739,-0.042734,0.892270,-0.338786,0.470112,-0.045316,-0.880255,-0.045739,-0.048821,0.810343,-0.246332,0.490734,-0.146279,-0.828884,-0.225241,0.036765,0.804660,-0.374859,0.429543,-0.120887,-0.877731,-0.174549,-0.240459,0.461588,-0.344355,0.443505,0.084276,-0.885212,0.112248,-0.115492,0.434273,-0.457894,0.504235,0.013633,-0.850736,0.147683,-0.134401,0.071779,-0.286864,0.387361,0.032898,-0.920985,0.025601,-0.039713,0.046750,-0.354998,0.592984,0.011529,-0.805113,0.005469,0.050199,0.960695,-0.279927,0.465839,0.016381,-0.882483,0.062838,0.012444,1.136712,-0.310397,0.421869,0.148679,-0.852564,0.270288,-0.045345,1.233873,-0.350649,0.421869,0.148679,-0.852564,0.270288,-0.117580,1.355325,-0.400964,0.421869,0.148679,-0.852564,0.270288,-0.037640,1.220918,-0.345282,0.484104,0.276819,-0.803619,0.207872,-0.037640,1.220918,-0.345282,0.342012,0.014591,-0.877093,0.336931,-0.196469,1.307513,-0.246949,0.274517,-0.132825,-0.950581,-0.058249,0.009617,1.299066,-0.524591,0.577350,0.090777,-0.799022,-0.141389,-0.302335,1.034820,-0.289470,0.403055,0.068979,-0.845451,-0.343514,-0.034275,1.026807,-0.633423,0.463968,-0.285978,-0.829661,-0.120885,-0.355909,0.860570,-0.439969,0.436921,-0.023857,-0.845825,-0.305141,-0.178610,0.839589,-0.632878,0.460764,-0.266414,-0.836159,-0.132508,0.000000,0.000000,0.000000,2.189596,-8.356174,-830.603943,-7.052836,39.224266,3392.291016,-123.924896,-31.423569,-2471.270264,17.360960,3.875573,8579.611328,-0.077319,37.052059,1677.593628,-3.714978,40.408970,2616.713623,40.075661,-85.524239,4402.866699,14.443095,-47.476212,-807.309509,-10.962134,31.730095,1299.838257,23.821463,-41.203182,-3610.928711,-1.955501,2.576937,436.662842,-4.956268,-9.807388,-627.576233,46.752796,-138.299942,-11879.584961,11.536637,-43.805996,-3485.345947,-2.644939,18.862803,1381.430298,37.245476,8.857409,-1840.865112,61.762497,-2.635956,512.794189,-2.735581,-1.601636,-71.973160,-0.079858,-3.524323,-3848.978271,36.205383,0.966072,-4524.328125,-59.696976,2.949397,928.543213,-12.125430,0.524839,3100.783447,-0.827654,-0.529453,-2430.536621,-0.503585,5.850737,548.664490,-0.734446,10.762989,922.286377,14.306071,-13.082822,-1178.070312,-1.155822,3.151874,317.464813,-1.296828,11.626820,1007.904053,14.345675,-13.263066,-1192.278320,-1.245996,0.449240,83.462502,-1.870865,11.804650,1034.680542,14.337424,-13.518333,-1212.755859,-3.185464,2.256453,171.496353,-3.752904,0.537296,-107.170799,-4.115167,-0.715335,-1084.422607,-3.458964,0.104010,927.398010,-12.687694,1.382987,116.511627,-2.353376,-7.511019,-678.343872,47.565521,9.011905,578.765564,-7.613489,-0.706156,-1114.223877,5.838607,0.805338,565.304810,51.994331,-0.806808,587.163147,1,1
246,2509,-0.042947,0.892241,-0.338851,0.469784,-0.045095,-0.880442,-0.045734,-0.042947,0.892241,-0.338851,0.469784,-0.045095,-0.880442,-0.045734,-0.049074,0.810297,-0.246415,0.490251,-0.143359,-0.830478,-0.222283,0.036613,0.804667,-0.374876,0.429568,-0.120757,-0.877763,-0.174417,-0.237603,0.459818,-0.343929,0.442696,0.083154,-0.885954,0.110416,-0.115510,0.434216,-0.457864,0.504205,0.013700,-0.850753,0.147675,-0.133047,0.069489,-0.287220,0.388801,0.032297,-0.920396,0.025723,-0.039691,0.046693,-0.354997,0.593001,0.011392,-0.805104,0.005295,0.049914,0.960692,-0.279910,0.465550,0.016608,-0.882628,0.062894,0.012079,1.136691,-0.310376,0.421632,0.148953,-0.852595,0.270410,-0.045763,1.233817,-0.350635,0.421632,0.148953,-0.852595,0.270410,-0.118066,1.355225,-0.400959,0.421632,0.148953,-0.852595,0.270410,-0.038051,1.220867,-0.345267,0.485369,0.277853,-0.802491,0.207900,-0.038051,1.220867,-0.345267,0.341161,0.014094,-0.877252,0.337401,-0.196381,1.307073,-0.246108,0.279253,-0.131330,-0.949475,-0.057156,0.009753,1.298653,-0.524445,0.575240,0.089626,-0.800832,-0.140481,-0.301517,1.034232,-0.287834,0.403279,0.069412,-0.843992,-0.346736,-0.034091,1.026292,-0.632648,0.462521,-0.288551,-0.829381,-0.122228,-0.355611,0.861085,-0.439417,0.437632,-0.022837,-0.844910,-0.306732,-0.179552,0.839947,-0.632263,0.459780,-0.264828,-0.837225,-0.132374,0.000000,0.000000,0.000000,2.203649,1.171072,793.937073,-7.029283,1.962821,-3105.120361,-123.968643,-3.645579,2314.832520,17.351681,-0.773271,-387.403687,-0.046352,2.580551,-2872.625732,-3.680439,2.878268,-3127.558350,40.057076,-1.548767,6997.955566,14.472195,2.424955,4158.430664,-10.956072,0.505209,-2602.073975,23.368465,-37.749767,287.784576,-1.804269,12.602676,835.478210,-4.890353,5.492926,1275.026123,46.023911,-60.740467,6463.289551,11.305425,-19.267717,2044.856567,-2.600185,3.729562,-1261.103394,37.499531,21.171251,1026.153442,61.884182,10.140419,1064.697876,-3.090480,-29.574852,-2331.101318,0.312358,32.684654,3017.414795,36.684490,39.925575,3246.625244,-60.036655,-28.306643,-2604.669922,-12.165673,-3.353596,-323.202850,-0.634341,16.109432,1386.573730,-0.505234,-0.137468,-499.017120,-0.725566,0.740036,-835.246094,14.311607,0.461340,1128.680176,-1.159690,-0.322292,-289.513855,-1.288581,0.687222,-911.633118,14.351058,0.448624,1142.640869,-1.251903,-0.492314,-78.462891,-1.863813,0.587742,-934.742371,14.342560,0.427961,1162.191284,-3.069629,9.652893,616.369995,-3.785998,-2.757828,-274.593628,-3.966092,12.422939,1094.856201,-3.634814,-14.654120,-1229.844238,-12.570729,9.747028,697.003418,-2.385038,-2.638499,406.043365,47.560154,-0.447273,-788.264832,-7.458613,12.906314,1134.372437,5.756037,-6.880880,-640.518188,51.847015,-12.276332,-955.793640,1,1
247,2526,-0.043753,0.895932,-0.340171,0.470030,-0.045183,-0.880318,-0.045499,-0.043753,0.895932,-0.340171,0.470030,-0.045183,-0.880318,-0.045499,-0.049821,0.814031,-0.247694,0.489858,-0.141230,-0.831963,-0.218932,0.035792,0.808347,-0.376203,0.431715,-0.117880,-0.878554,-0.166941,-0.235617,0.461903,-0.344072,0.442419,0.080913,-0.886556,0.108338,-0.111910,0.435367,-0.454692,0.504447,0.011869,-0.851595,0.142049,-0.133413,0.070864,-0.287974,0.388565,0.032867,-0.920464,0.026147,-0.039624,0.046378,-0.354859,0.592990,0.011704,-0.805116,0.003662,0.049136,0.964418,-0.281316,0.465763,0.016539,-0.882512,0.062955,0.011320,1.140425,-0.311775,0.421769,0.148894,-0.852620,0.270149,-0.046493,1.237589,-0.351983,0.421769,0.148894,-0.852620,0.270149,-0.118761,1.359045,-0.402244,0.421769,0.148894,-0.852620,0.270149,-0.038785,1.224634,-0.346622,0.485875,0.277898,-0.802234,0.207649,-0.038785,1.224634,-0.346622,0.340403,0.012811,-0.877412,0.337801,-0.196852,1.310910,-0.247161,0.280851,-0.131892,-0.948931,-0.057073,0.009927,1.301855,-0.525570,0.571643,0.087345,-0.803693,-0.140262,-0.302351,1.038243,-0.288601,0.403107,0.069735,-0.843194,-0.348806,-0.034421,1.029635,-0.633208,0.460128,-0.292767,-0.828589,-0.126531,-0.356704,0.865816,-0.440910,0.438205,-0.022900,-0.844727,-0.306412,-0.182110,0.845051,-0.633891,0.458323,-0.264307,-0.838032,-0.133355,0.000000,0.000000,0.000000,2.172998,-1.803033,-174.947403,-7.026165,0.183358,-104.674271,-123.934998,1.979155,330.866699,16.440990,-53.570019,-3105.691162,0.092267,8.154058,327.853302,-3.570839,6.447021,209.926590,38.437725,-95.255913,-5512.185059,13.958886,-30.194620,-1918.798584,-10.828428,7.508446,411.955139,22.924299,-26.127424,683.667236,-1.682854,7.142032,-321.214355,-4.764618,7.396165,111.955254,45.207684,-48.013348,748.654053,10.896300,-24.066141,-282.260223,-2.392856,12.195826,498.015503,37.899136,23.506165,137.347839,62.104080,12.935189,164.398254,-3.405638,-18.538713,649.184631,0.929481,36.301327,212.745453,36.952694,15.776690,-1420.522583,-60.053181,-0.972075,1607.915771,-12.348092,-10.730519,-433.936676,-0.404264,13.533948,-151.499084,-0.513332,-0.476318,-19.932358,-0.730244,-0.275181,-59.718643,14.295090,-0.971626,-84.292099,-1.166415,-0.395607,-4.312606,-1.295549,-0.409870,-64.534782,14.334478,-0.975272,-83.758621,-1.256583,-0.275254,12.768250,-1.872682,-0.521737,-65.263443,14.325968,-0.976002,-82.586052,-2.886106,10.795495,67.211876,-3.837732,-3.043175,-16.785131,-3.940458,1.507885,-642.062012,-3.687455,-3.096538,679.857788,-12.390828,10.582419,49.140652,-2.484636,-5.858702,-189.423691,47.604782,2.625185,180.732834,-7.430434,1.657598,-661.689148,5.696184,-3.520741,197.655212,51.841076,-0.349381,701.585327,1,1
248,2539,-0.045667,0.897200,-0.341121,0.468272,-0.042207,-0.881538,-0.042784,-0.045667,0.897200,-0.341121,0.468272,-0.042207,-0.881538,-0.042784,-0.051497,0.815461,-0.248484,0.490052,-0.135941,-0.834439,-0.212323,0.034707,0.810154,-0.376614,0.432296,-0.116100,-0.879126,-0.163644,-0.231269,0.459924,-0.342832,0.442531,0.077441,-0.887404,0.103359,-0.110641,0.435989,-0.453370,0.504039,0.011437,-0.852222,0.139755,-0.133294,0.067486,-0.289003,0.388582,0.032575,-0.920508,0.024657,-0.039641,0.046426,-0.354861,0.592916,0.011612,-0.805171,0.003939,0.046437,0.966534,-0.282026,0.464525,0.012776,-0.883826,0.053901,0.013551,1.144412,-0.308863,0.425500,0.132194,-0.862745,0.239050,-0.038233,1.246504,-0.344860,0.425500,0.132194,-0.862745,0.239050,-0.102963,1.374117,-0.389857,0.425500,0.132194,-0.862745,0.239050,-0.031329,1.232891,-0.340061,0.494120,0.264271,-0.808972,0.177681,-0.031329,1.232891,-0.340061,0.341276,-0.003328,-0.887947,0.308332,-0.183777,1.323452,-0.235949,0.282823,-0.132344,-0.948297,-0.056820,0.022288,1.315331,-0.515507,0.571823,0.087646,-0.803542,-0.140205,-0.289588,1.050949,-0.276963,0.403294,0.069303,-0.842260,-0.350925,-0.021925,1.043089,-0.623205,0.460182,-0.292526,-0.828716,-0.126059,-0.344570,0.879228,-0.429844,0.438825,-0.022977,-0.844242,-0.306856,-0.169444,0.858369,-0.623757,0.458096,-0.264757,-0.837941,-0.133814,0.000000,0.000000,0.000000,2.071182,-8.484681,-556.804016,-6.573798,37.697277,3126.159912,-124.164642,-19.137064,-1759.684937,16.433004,-0.665506,4408.709473,0.337062,20.399618,1020.463379,-3.365649,17.099161,887.678406,37.734837,-58.574039,3056.822998,13.690221,-22.388777,650.486938,-10.673420,12.917359,450.742767,22.375975,-45.693714,-1630.524048,-1.681210,0.136981,-583.754211,-4.856267,-7.637381,-1252.795532,43.514442,-141.103424,-7757.505859,10.362719,-44.465145,-1699.916992,-2.164310,19.045511,570.807129,37.887600,-0.961304,-2038.955688,62.070301,-2.814929,-1312.509888,-3.385917,1.643419,1681.844360,0.791602,-11.489883,-3982.600830,37.213928,21.769524,499.402740,-60.106056,-4.406293,-286.184906,-12.411972,-5.323330,450.599091,-0.215028,15.769672,186.310364,-0.470602,3.560774,336.424347,-0.651044,6.599993,572.931091,12.739547,-129.628586,-10721.414062,-1.128802,3.134410,294.167999,-1.239395,4.679481,424.112549,12.778593,-129.657104,-10723.486328,-1.202360,4.518528,399.481903,-1.839393,2.774050,274.648895,12.771497,-129.539261,-10713.605469,-2.922123,-3.001412,-1149.742188,-4.865823,-85.674263,-6885.923828,-3.653760,23.891449,1865.296997,-4.926241,-103.232170,-8344.635742,-12.111675,23.262739,1056.693237,-0.846282,136.529510,11865.684570,44.281166,-276.967987,-23299.429688,-7.144380,23.837845,1848.353882,7.025896,110.809288,9527.502930,48.511341,-277.477905,-23094.041016,1,1
249,2548,-0.048416,0.899760,-0.345577,0.467479,-0.041062,-0.882179,-0.039214,-0.048416,0.899760,-0.345577,0.467479,-0.041062,-0.882179,-0.039214,-0.053976,0.818486,-0.252515,0.490912,-0.132939,-0.835430,-0.208302,0.032486,0.812957,-0.380460,0.432874,-0.113820,-0.880578,-0.155715,-0.230304,0.460971,-0.345359,0.443334,0.075965,-0.887418,0.100862,-0.108553,0.436375,-0.452437,0.503107,0.009574,-0.853118,0.137772,-0.134212,0.067888,-0.292856,0.388373,0.032013,-0.920627,0.024247,-0.039768,0.046293,-0.354412,0.591759,0.012221,-0.806017,0.002967,0.043209,0.969901,-0.286690,0.463606,0.011671,-0.884350,0.053468,0.011540,1.148153,-0.313126,0.425645,0.126541,-0.865684,0.231094,-0.038358,1.251492,-0.348212,0.425645,0.126541,-0.865684,0.231094,-0.100731,1.380667,-0.392070,0.425645,0.126541,-0.865684,0.231094,-0.031705,1.237714,-0.343534,0.496091,0.260589,-0.810682,0.169654,-0.031705,1.237714,-0.343534,0.340822,-0.008651,-0.890730,0.300609,-0.182470,1.329131,-0.238046,0.285014,-0.131478,-0.947713,-0.057626,0.023556,1.321339,-0.518049,0.571939,0.087681,-0.803472,-0.140108,-0.288048,1.056698,-0.279428,0.403239,0.069389,-0.841389,-0.353055,-0.020621,1.049076,-0.625711,0.460138,-0.292581,-0.828740,-0.125930,-0.343414,0.885715,-0.432995,0.439480,-0.023933,-0.843463,-0.307985,-0.168134,0.864351,-0.626208,0.458030,-0.264721,-0.837996,-0.133768,0.000000,0.000000,0.000000,1.775397,-32.864944,-2708.918213,-6.264092,34.411751,-365.058472,-124.257729,-10.342916,977.127625,15.917264,-57.304489,-6293.220703,0.515389,19.814051,-65.063057,-3.294763,7.876264,-1024.766235,36.493420,-137.935226,-8817.910156,13.459347,-25.652672,-362.654999,-10.785510,-12.454456,-2819.090576,22.209536,-18.493229,3022.276123,-1.558734,13.608442,1496.828979,-5.052667,-21.822241,-1576.095581,42.592510,-102.436920,4296.278320,10.100739,-29.108788,1706.261963,-2.154799,1.056777,-1998.748047,37.899704,1.344893,256.244049,62.048927,-2.374861,48.896420,-3.400359,-1.604689,-360.901001,0.787929,-0.408087,1231.310791,37.353184,15.472836,-699.632019,-60.295612,-21.061790,-1850.610718,-12.588318,-19.593981,-1585.627808,-0.171958,4.785543,-1220.458740,-0.466457,0.460618,-344.461792,-0.660992,-1.105315,-856.145325,12.211753,-58.643764,7887.202148,-1.115373,1.492050,-182.484421,-1.255570,-1.797226,-719.634033,12.251388,-58.578384,7897.635254,-1.173529,3.203498,-146.114502,-1.858828,-2.159384,-548.159302,12.245739,-58.417534,7902.414062,-2.975121,-5.888727,-320.812836,-5.123883,-28.673384,6333.431152,-3.434434,24.369558,53.123264,-5.305441,-42.133385,6788.753906,-12.081858,3.313065,-2216.630371,-0.380182,51.788857,-9415.628906,43.379536,-100.181152,19642.980469,-6.927017,24.151484,34.848740,7.342546,35.183376,-8402.878906,47.614681,-99.628876,19761.003906,1,1
250,2555,-0.046698,0.900664,-0.343557,0.467335,-0.041310,-0.882215,-0.039852,-0.046698,0.900664,-0.343557,0.467335,-0.041310,-0.882215,-0.039852,-0.052373,0.819314,-0.250569,0.491092,-0.132964,-0.835393,-0.208009,0.034125,0.813807,-0.378492,0.432958,-0.113766,-0.880417,-0.156433,-0.228627,0.461705,-0.343175,0.443550,0.075901,-0.887305,0.100953,-0.107104,0.437427,-0.450966,0.503059,0.008962,-0.853592,0.135028,-0.132534,0.068631,-0.290609,0.388764,0.032457,-0.920445,0.024316,-0.039869,0.046678,-0.354534,0.591591,0.011766,-0.806136,0.005007,0.044982,0.970658,-0.284579,0.463417,0.010822,-0.884587,0.051320,0.014193,1.149202,-0.310281,0.425648,0.124406,-0.867291,0.226171,-0.034807,1.253211,-0.344650,0.425648,0.124406,-0.867291,0.226171,-0.096056,1.383222,-0.387611,0.425648,0.124406,-0.867291,0.226171,-0.028273,1.239343,-0.340067,0.497345,0.259037,-0.811349,0.165106,-0.028273,1.239343,-0.340067,0.340518,-0.011017,-0.892382,0.295941,-0.178020,1.331280,-0.233625,0.286906,-0.132062,-0.947078,-0.057345,0.027832,1.323758,-0.513955,0.571898,0.087690,-0.803506,-0.140078,-0.283957,1.059000,-0.274576,0.403148,0.069425,-0.840679,-0.354839,-0.016325,1.051512,-0.621612,0.460089,-0.292754,-0.828657,-0.126261,-0.339652,0.888637,-0.428713,0.439909,-0.023643,-0.843389,-0.307596,-0.163958,0.866884,-0.622203,0.458063,-0.264707,-0.837976,-0.133810,0.000000,0.000000,0.000000,1.828024,6.578416,4930.419922,-6.323202,-7.388651,-5225.050293,-124.277977,-2.531052,976.482971,15.908151,-1.139164,7020.665527,0.487430,-3.494825,-2913.609619,-3.257319,4.680455,-399.476166,36.245129,-31.036377,13362.356445,12.963623,-61.965466,-4539.099121,-10.451301,41.776180,6778.829590,22.100544,-13.623953,608.659485,-1.594540,-4.475668,-2260.513672,-5.077451,-3.097951,2340.536133,42.569176,-2.916813,12440.013672,10.074359,-3.297567,3226.402588,-2.094277,7.565141,813.545471,37.937801,4.762173,427.160004,62.049294,0.045776,302.579681,-3.403802,-0.430375,146.789261,0.829111,5.147725,694.476440,37.598507,30.665398,1899.070312,-60.349239,-6.703377,1794.801758,-12.690392,-12.759328,854.331604,0.069909,30.233286,3180.967773,-0.489606,-2.893582,-419.274994,-0.669107,-1.014397,11.364818,12.026241,-23.188950,4431.852051,-1.134235,-2.357647,-481.212097,-1.271562,-1.998961,-25.216908,12.065788,-23.199917,4422.308594,-1.184639,-1.388729,-574.028320,-1.881407,-2.822429,-82.880676,12.060304,-23.179413,4404.765137,-2.958892,2.028674,989.675171,-5.258132,-16.781092,1486.536499,-3.374394,7.505089,-2108.058594,-5.573887,-33.555687,1072.212158,-12.020535,7.665277,544.026489,-0.111263,33.614937,-2271.739990,42.888374,-61.395168,4848.248047,-6.865860,7.644534,-2063.368896,7.438950,12.050449,-2891.615967,47.106110,-63.571453,4507.177734,1,1
251,2564,-0.047058,0.901694,-0.344434,0.465716,-0.039666,-0.883300,-0.036286,-0.047058,0.901694,-0.344434,0.465716,-0.039666,-0.883300,-0.036286,-0.052575,0.820774,-0.251062,0.490342,-0.130707,-0.837035,-0.204581,0.034430,0.815168,-0.378636,0.433841,-0.112691,-0.880642,-0.153467,-0.225916,0.461569,-0.342565,0.442897,0.074086,-0.887950,0.099486,-0.105056,0.437894,-0.449282,0.503091,0.007879,-0.854056,0.132004,-0.131687,0.068003,-0.290301,0.390087,0.031619,-0.919944,0.023145,-0.039802,0.046419,-0.354448,0.591231,0.010651,-0.806419,0.004528,0.043967,0.972547,-0.285468,0.462371,0.011703,-0.884982,0.053696,0.012746,1.150978,-0.311625,0.426133,0.124188,-0.867148,0.225925,-0.036205,1.255026,-0.345943,0.426133,0.124188,-0.867148,0.225925,-0.097394,1.385087,-0.388840,0.426133,0.124188,-0.867148,0.225925,-0.029679,1.241153,-0.341367,0.498527,0.259491,-0.810585,0.164580,-0.029679,1.241153,-0.341367,0.339085,-0.012283,-0.892703,0.296568,-0.178973,1.332843,-0.234284,0.289967,-0.130874,-0.946312,-0.057319,0.028014,1.325182,-0.514649,0.564247,0.086579,-0.808603,-0.142446,-0.284458,1.060472,-0.275067,0.404540,0.070149,-0.839018,-0.357037,-0.016567,1.053689,-0.623429,0.458626,-0.295946,-0.827466,-0.131825,-0.340576,0.890884,-0.429904,0.442027,-0.023247,-0.842286,-0.307615,-0.166304,0.870776,-0.625635,0.457729,-0.264940,-0.837842,-0.135321,0.000000,0.000000,0.000000,1.564623,-29.266781,-3982.799561,-5.962226,40.108364,5277.446289,-124.480949,-22.552490,-2224.604492,15.986961,8.756743,1099.545288,0.610597,13.685157,1908.886719,-2.969647,31.963562,3031.456299,35.507832,-81.921898,-5653.946777,12.705202,-28.713440,3694.669678,-10.236356,23.882759,-1988.157959,22.065063,-3.942278,1075.741699,-1.561211,3.703223,908.765686,-5.146821,-7.707755,-512.200439,41.826279,-82.544113,-8847.478516,9.990867,-9.276920,-664.372559,-1.942655,16.846895,1031.306152,38.190826,28.113895,2594.635742,62.688644,71.038986,7888.134766,-3.489962,-9.573380,-1015.889526,1.424974,66.206947,6784.357910,37.847965,27.717590,-327.534149,-60.417526,-7.587433,-98.228455,-12.857528,-18.570581,-645.694824,0.256074,20.685005,-1060.920044,-0.481246,0.928796,424.708649,-0.577092,10.223905,1248.700195,11.864928,-17.923672,585.030884,-1.143242,-1.000775,150.763519,-1.182723,9.871006,1318.885254,11.902532,-18.139627,562.254395,-1.208337,-2.633148,-138.268784,-1.799105,9.144691,1329.679932,11.894627,-18.408562,530.094543,-2.752602,22.921085,2321.379150,-5.441752,-20.402220,-402.347565,-3.266982,11.934651,492.173615,-5.661739,-9.761333,2643.817139,-11.825039,21.721840,1561.840332,-0.528827,-46.396004,-8890.104492,43.102676,23.811340,9467.390625,-6.755577,12.253761,512.136353,7.420719,-2.025604,-1564.005981,47.016258,-9.983486,5954.218750,1,1
252,2575,-0.047057,0.901953,-0.344319,0.465279,-0.039772,-0.883517,-0.036478,-0.047057,0.901953,-0.344319,0.465279,-0.039772,-0.883517,-0.036478,-0.052697,0.821017,-0.250968,0.490473,-0.130656,-0.836997,-0.204451,0.034432,0.815403,-0.378457,0.433895,-0.112526,-0.880666,-0.153302,-0.225967,0.461762,-0.342379,0.443065,0.073924,-0.887908,0.099239,-0.104881,0.438063,-0.449038,0.503048,0.007830,-0.854144,0.131603,-0.131930,0.068133,-0.290249,0.389986,0.031930,-0.919971,0.023363,-0.039830,0.046494,-0.354452,0.591142,0.010596,-0.806483,0.004904,0.043937,0.972761,-0.285250,0.462380,0.009645,-0.885206,0.050210,0.014578,1.151749,-0.310221,0.428006,0.118457,-0.869516,0.216151,-0.032345,1.257168,-0.343160,0.428006,0.118457,-0.869516,0.216151,-0.090999,1.388942,-0.384334,0.428006,0.118457,-0.869516,0.216151,-0.026089,1.243112,-0.338768,0.501466,0.255904,-0.811927,0.154334,-0.026089,1.243112,-0.338768,0.338492,-0.018382,-0.895608,0.288047,-0.173147,1.335668,-0.229596,0.293649,-0.130407,-0.945208,-0.057839,0.034069,1.328272,-0.510625,0.560222,0.086420,-0.811352,-0.142797,-0.278643,1.063480,-0.270379,0.404422,0.070508,-0.837402,-0.360873,-0.010233,1.057131,-0.619741,0.457518,-0.299107,-0.826341,-0.135547,-0.335375,0.895254,-0.426471,0.443337,-0.024376,-0.841258,-0.308454,-0.161715,0.875671,-0.622802,0.457501,-0.264601,-0.837977,-0.135921,0.000000,0.000000,0.000000,1.581418,1.526789,2799.415527,-5.982405,-1.834393,-3812.978027,-124.538109,-5.196311,1577.834351,15.933960,-4.818309,-1234.095703,0.621646,1.004468,-1152.789917,-2.911755,5.262917,-2427.331299,35.437019,-6.437475,6862.220215,12.626468,-7.157672,1959.615234,-10.178186,5.288124,-1690.421387,22.020664,-4.036296,-8.547154,-1.588790,-2.507231,-564.586853,-5.211769,-5.904415,163.940048,41.776295,-4.543998,7090.919922,9.917353,-6.683090,235.802780,-1.916314,2.394709,-1313.835083,38.643341,41.137695,1183.981812,62.949684,23.730885,-4300.736328,-3.687346,-17.944012,-760.966431,1.954853,48.170803,-1639.649536,38.233871,35.082382,669.526550,-60.618481,-18.268585,-971.013855,-13.203979,-31.495613,-1175.002808,0.481087,20.455799,-20.836916,-0.455976,2.297353,124.414253,-0.529310,4.343824,-534.552795,11.426462,-39.860550,-1994.261719,-1.124044,1.745213,249.635300,-1.138723,3.999959,-533.731506,11.463576,-39.905029,-1978.672974,-1.189766,1.688307,392.859497,-1.759599,3.591429,-504.841919,11.455526,-39.918209,-1955.422363,-2.642241,10.032870,-1171.655884,-5.924877,-43.920429,-2138.019043,-3.052125,19.532421,690.706299,-5.989215,-29.770592,-1819.023438,-11.627405,17.966703,-341.376038,-0.251668,25.196281,6508.389160,42.081299,-92.852509,-10605.804688,-6.551291,18.571419,574.332458,7.741265,29.140516,2833.283691,45.911045,-100.473923,-8226.402344,1,1
253,2587,-0.050511,0.906607,-0.346861,0.464019,-0.036622,-0.884530,-0.030869,-0.050511,0.906607,-0.346861,0.464019,-0.036622,-0.884530,-0.030869,-0.055559,0.826284,-0.252949,0.490409,-0.130824,-0.836910,-0.204855,0.032006,0.820699,-0.380140,0.437487,-0.107782,-0.881249,-0.142787,-0.229085,0.467202,-0.344560,0.443051,0.073734,-0.887972,0.098870,-0.100477,0.440119,-0.444517,0.503401,0.005981,-0.855130,0.123714,-0.135315,0.073484,-0.292623,0.390117,0.032121,-0.919901,0.023653,-0.039894,0.046751,-0.354542,0.591193,0.010712,-0.806437,0.006003,0.039538,0.978812,-0.288036,0.461842,0.010949,-0.885347,0.052374,0.010020,1.157846,-0.312993,0.429803,0.116611,-0.870082,0.211255,-0.036122,1.263871,-0.345078,0.429803,0.116611,-0.870082,0.211255,-0.093800,1.396403,-0.385185,0.429803,0.116611,-0.870082,0.211255,-0.029970,1.249735,-0.340800,0.502336,0.254514,-0.812811,0.149064,-0.029970,1.249735,-0.340800,0.340347,-0.021916,-0.895995,0.284388,-0.176206,1.342687,-0.230773,0.293601,-0.130564,-0.945202,-0.057837,0.031387,1.335022,-0.512003,0.555927,0.085644,-0.814499,-0.142130,-0.281783,1.070511,-0.271532,0.404473,0.070598,-0.837419,-0.360758,-0.012521,1.063957,-0.620861,0.455702,-0.301234,-0.826014,-0.138905,-0.338468,0.902248,-0.427602,0.443323,-0.024220,-0.841247,-0.308514,-0.165303,0.883614,-0.625022,0.456309,-0.264584,-0.838463,-0.136952,0.000000,0.000000,0.000000,1.186809,-35.873566,-3400.032227,-5.361193,56.473778,5300.742676,-124.693108,-14.090798,-808.589783,15.318434,-55.956924,-4648.964844,0.865163,22.137918,1921.222656,-2.434112,43.422092,3469.015869,33.168037,-206.271088,-18166.693359,11.611423,-92.276833,-7738.105957,-9.678781,45.400532,3646.582275,22.801743,71.007126,6822.129395,-1.688123,-9.030223,-592.999207,-5.379205,-15.221421,-847.000610,41.779774,0.316273,441.842865,9.828842,-8.046411,-123.938255,-1.898383,1.630003,-69.518730,38.935291,26.540930,-1326.978638,63.294659,31.361320,693.676025,-3.788560,-9.201244,794.797058,2.319219,33.124176,-1367.875122,38.225147,-0.793110,-3261.408447,-60.596344,2.012426,1843.728394,-13.186513,1.587868,3007.589111,0.465802,-1.389571,-1985.942871,-0.447421,0.777711,-138.149292,-0.404274,11.366922,638.463501,10.979123,-40.667187,-73.330620,-1.137111,-1.187899,-266.646545,-1.022900,10.529443,593.589417,11.013660,-40.901443,-90.583107,-1.217503,-2.521569,-382.716003,-1.656842,9.341543,522.737610,11.002682,-41.167690,-113.589203,-2.445426,17.892231,714.487366,-5.958398,-3.047423,3715.727539,-3.046708,0.492443,-1730.907104,-5.971678,1.594327,2851.356201,-11.366829,23.688749,520.185974,-0.321770,-6.372923,-2869.927734,41.387535,-63.069431,2707.552490,-6.553037,-0.158700,-1702.738159,7.929734,17.133583,-1091.539429,45.360821,-50.020390,4586.684570,1,1
254,2596,-0.053995,0.908487,-0.347559,0.464082,-0.034439,-0.884672,-0.028225,-0.053995,0.908487,-0.347559,0.464082,-0.034439,-0.884672,-0.028225,-0.058531,0.828382,-0.253434,0.490735,-0.124167,-0.840367,-0.193764,0.029064,0.823015,-0.380614,0.439400,-0.104663,-0.881442,-0.137961,-0.223327,0.464465,-0.340540,0.444077,0.067774,-0.888593,0.092759,-0.099616,0.440844,-0.442457,0.503573,0.006343,-0.855433,0.120868,-0.135937,0.068989,-0.290879,0.391436,0.031371,-0.919366,0.023682,-0.039924,0.046866,-0.354577,0.591173,0.010689,-0.806447,0.006541,0.035598,0.981416,-0.288931,0.462069,0.011338,-0.885223,0.052386,0.006493,1.160626,-0.313502,0.431254,0.113574,-0.870993,0.206134,-0.038583,1.267333,-0.344837,0.431254,0.113574,-0.870993,0.206134,-0.094929,1.400716,-0.384006,0.431254,0.113574,-0.870993,0.206134,-0.032573,1.253105,-0.340659,0.502904,0.252448,-0.814129,0.143363,-0.032573,1.253105,-0.340659,0.342168,-0.025678,-0.896578,0.280016,-0.177893,1.346549,-0.229842,0.293624,-0.130492,-0.945203,-0.057868,0.029781,1.338807,-0.511296,0.553812,0.085601,-0.815910,-0.142318,-0.283438,1.074374,-0.270628,0.404427,0.070532,-0.837408,-0.360849,-0.013959,1.067957,-0.620343,0.455143,-0.303006,-0.825273,-0.141265,-0.340157,0.906140,-0.426718,0.443300,-0.024374,-0.841193,-0.308683,-0.167759,0.888494,-0.625073,0.456143,-0.263655,-0.838717,-0.137743,0.000000,0.000000,0.000000,1.033912,-15.289663,2058.390137,-4.998652,36.254169,-2021.960693,-124.683846,0.926208,1501.700684,15.031596,-28.683758,2727.316650,0.928022,6.285906,-1585.201294,-2.265518,16.859388,-2656.270264,32.215458,-95.257950,11101.314453,11.294403,-31.701946,6057.488770,-9.390579,28.820133,-1658.039795,21.674768,-112.697411,-18370.453125,-1.565077,12.304580,2133.480225,-5.222638,15.656710,3087.813232,39.290436,-248.933792,-24925.005859,8.924404,-90.443802,-8239.739258,-1.540563,35.782063,3415.206299,39.214592,27.930069,138.913910,63.432121,13.746262,-1761.505859,-3.990165,-20.160509,-1095.926514,2.639568,32.034897,-108.927917,38.229607,0.445938,123.904831,-60.609463,-1.311874,-332.430054,-13.192002,-0.548935,-213.680267,0.452888,-1.291391,9.817994,-0.398227,4.919386,414.167542,-0.368110,3.616399,-775.052368,10.616922,-36.220074,444.711334,-1.091820,4.529142,571.704102,-0.984950,3.794968,-673.447449,10.651622,-36.203861,469.758209,-1.172555,4.494798,701.636719,-1.617343,3.949905,-539.163879,10.641319,-36.136246,503.144440,-2.382458,6.296754,-1159.547729,-6.000000,-4.160166,-111.274292,-2.984244,6.246448,575.400513,-5.952785,1.889277,29.494976,-11.247485,11.934376,-1175.437378,-0.283531,3.823853,1019.677551,40.711697,-67.583847,-451.441559,-6.495751,5.728531,588.723083,8.134608,20.487404,335.382080,44.707020,-65.380096,-1535.970703,1,1
255,2606,-0.052534,0.908906,-0.346268,0.463887,-0.034359,-0.884778,-0.028215,-0.052534,0.908906,-0.346268,0.463887,-0.034359,-0.884778,-0.028215,-0.057100,0.828798,-0.252148,0.488813,-0.116294,-0.844687,-0.184506,0.030552,0.823448,-0.379289,0.439773,-0.104644,-0.881243,-0.138063,-0.212738,0.460651,-0.336780,0.442706,0.062163,-0.890455,0.085074,-0.098152,0.441324,-0.441144,0.503722,0.005642,-0.855681,0.118496,-0.132202,0.063323,-0.290426,0.392171,0.034199,-0.918968,0.023017,-0.039902,0.046835,-0.354602,0.591237,0.010529,-0.806403,0.006499,0.037022,0.981846,-0.287597,0.461767,0.010213,-0.885542,0.049813,0.009171,1.161433,-0.311210,0.431257,0.109938,-0.873183,0.198701,-0.034434,1.269056,-0.341472,0.431257,0.109938,-0.873183,0.198701,-0.088940,1.403586,-0.379299,0.431257,0.109938,-0.873183,0.198701,-0.028620,1.254706,-0.337437,0.502101,0.250230,-0.816628,0.135638,-0.028620,1.254706,-0.337437,0.343193,-0.030642,-0.898123,0.273231,-0.172960,1.348603,-0.225720,0.293693,-0.130360,-0.945211,-0.057674,0.035087,1.341019,-0.507260,0.553136,0.084323,-0.816584,-0.141848,-0.278407,1.076391,-0.266418,0.404438,0.070469,-0.837428,-0.360802,-0.008966,1.070159,-0.615787,0.453738,-0.305116,-0.824904,-0.143388,-0.335144,0.908138,-0.422481,0.443265,-0.024488,-0.841114,-0.308940,-0.163832,0.891632,-0.621079,0.454827,-0.262425,-0.839593,-0.139098,0.000000,0.000000,0.000000,1.038260,0.434768,1572.443115,-4.989715,0.893641,-3536.052734,-124.709427,-2.558136,-348.434448,15.044167,1.257038,2994.079590,0.943952,1.593029,-469.287659,-2.194365,7.115340,-974.404785,31.941210,-27.424810,6783.313965,11.028399,-26.600458,510.148834,-9.259775,13.080406,-1573.972656,20.311565,-136.320297,-2362.288574,-1.118216,44.686104,3238.152344,-4.890073,33.256435,1759.972656,36.791260,-249.917603,-98.381042,7.738588,-118.581627,-2813.782471,-0.858550,68.201317,3241.925293,39.448055,23.346329,-458.374023,63.415588,-1.653290,-1539.955200,-4.310492,-32.032631,-1187.212158,2.907008,26.744055,-529.084229,38.242386,1.277924,83.198547,-60.626244,-1.678085,-36.621094,-13.180023,1.197910,174.684525,0.417682,-3.520626,-222.923416,-0.417075,-1.884827,-680.421265,-0.382773,-1.466355,-508.275330,10.289948,-32.697392,352.268219,-1.105067,-1.324677,-585.381958,-1.008243,-2.329314,-612.428162,10.324759,-32.686329,351.753235,-1.175320,-0.276530,-477.132812,-1.647822,-3.047907,-699.781250,10.314968,-32.635117,350.112915,-2.299193,8.326554,202.980042,-6.000000,0.000000,416.016602,-2.898406,8.583832,233.738434,-5.984585,-3.180027,-506.930359,-11.100195,14.729022,279.464630,0.033012,31.654308,2783.045410,39.831303,-88.039398,-2045.555054,-6.409497,8.625460,289.692871,8.317074,18.246555,-224.084869,43.728474,-97.854614,-3247.451660,1,1
256,2612,-0.054434,0.910019,-0.346469,0.463638,-0.032310,-0.885058,-0.025838,-0.054434,0.910019,-0.346469,0.463638,-0.032310,-0.885058,-0.025838,-0.058595,0.830105,-0.252164,0.487704,-0.114034,-0.846145,-0.182154,0.029171,0.824970,-0.379236,0.442253,-0.102979,-0.880764,-0.134396,-0.211667,0.460860,-0.336378,0.441547,0.061511,-0.891164,0.084139,-0.097192,0.441799,-0.438753,0.504957,0.005381,-0.855325,0.115799,-0.132002,0.063319,-0.290346,0.393748,0.034903,-0.918261,0.023278,-0.040097,0.046747,-0.354030,0.589161,0.009738,-0.807930,0.006607,0.034655,0.983617,-0.287910,0.461718,0.010565,-0.885563,0.049828,0.007197,1.163355,-0.311189,0.432390,0.107086,-0.874020,0.194066,-0.035405,1.271564,-0.340784,0.432390,0.107086,-0.874020,0.194066,-0.088657,1.406825,-0.377779,0.432390,0.107086,-0.874020,0.194066,-0.029725,1.257136,-0.336838,0.502639,0.248208,-0.817739,0.130579,-0.029725,1.257136,-0.336838,0.344988,-0.034189,-0.898520,0.269215,-0.173213,1.351507,-0.224432,0.293645,-0.130573,-0.945185,-0.057867,0.034938,1.343800,-0.506128,0.550918,0.084205,-0.817952,-0.142662,-0.278800,1.079333,-0.265206,0.404424,0.070631,-0.837467,-0.360696,-0.009188,1.073193,-0.615094,0.453296,-0.306700,-0.824347,-0.144603,-0.335450,0.911049,-0.421267,0.443262,-0.024203,-0.841285,-0.308502,-0.164797,0.895318,-0.620547,0.454762,-0.262180,-0.839732,-0.138940,0.000000,0.000000,0.000000,0.906914,-21.891047,-3720.968994,-4.654794,55.820148,9154.417969,-124.741249,-5.303701,-457.594147,14.919715,-20.741940,-3666.496338,1.114025,28.345556,4458.754395,-1.908995,47.561604,6741.043457,31.173515,-127.949074,-16754.042969,10.745965,-47.072250,-3411.965576,-8.918859,56.819439,7289.838379,20.303022,-1.423836,22482.742188,-1.050586,11.271656,-5569.074707,-4.735652,25.736809,-1253.271118,36.287720,-83.923340,27665.710938,7.542789,-32.633068,14324.760742,-0.712745,24.300774,-7316.757324,39.603756,25.950113,433.964111,63.525314,18.287659,3323.491455,-4.430585,-20.015558,2002.845337,3.156701,41.615486,2478.572021,38.215206,-4.529953,-967.979431,-60.606949,3.215790,815.645813,-13.185082,-0.843207,-340.186249,0.460468,7.130946,1775.261841,-0.367223,8.308703,1698.921753,-0.344212,6.426931,1315.547607,9.960167,-54.963589,-3711.032959,-1.060687,7.396638,1453.552612,-0.967503,6.790012,1519.887573,9.994953,-54.967560,-3713.538330,-1.133177,7.023851,1216.730103,-1.605642,7.030070,1679.662964,9.985569,-54.899853,-3710.789307,-2.249963,8.205056,-20.249685,-6.000000,0.000000,0.000000,-2.844266,9.023190,73.226295,-5.997733,-2.191226,164.800217,-11.001271,16.487280,293.042969,0.023263,-1.624771,-5546.513184,39.262814,-94.748177,-1118.129761,-6.358779,8.452892,-28.761229,8.496667,29.932180,1947.604126,43.177605,-91.811501,1007.185608,1,1
257,2625,-0.058925,0.912555,-0.348167,0.462597,-0.031126,-0.885675,-0.024792,-0.058925,0.912555,-0.348167,0.462597,-0.031126,-0.885675,-0.024792,-0.063069,0.832709,-0.253805,0.487130,-0.111365,-0.847450,-0.179247,0.025018,0.827734,-0.380661,0.445538,-0.099085,-0.880553,-0.127684,-0.213112,0.462183,-0.337271,0.441322,0.059317,-0.891738,0.080748,-0.096358,0.442555,-0.436419,0.505958,0.005893,-0.855152,0.112634,-0.136248,0.063908,-0.292854,0.393718,0.035169,-0.918293,0.022080,-0.040101,0.046867,-0.354137,0.589343,0.009622,-0.807793,0.007227,0.029799,0.986474,-0.289458,0.460936,0.010554,-0.886031,0.048737,0.002943,1.166420,-0.312126,0.432610,0.104821,-0.875344,0.188772,-0.038678,1.275231,-0.340901,0.432610,0.104821,-0.875344,0.188772,-0.090703,1.411244,-0.376869,0.432610,0.104821,-0.875344,0.188772,-0.033128,1.260722,-0.337064,0.502098,0.246846,-0.819345,0.125055,-0.033128,1.260722,-0.337064,0.345827,-0.037783,-0.899418,0.264618,-0.175922,1.355341,-0.223957,0.293764,-0.130491,-0.945168,-0.057719,0.032643,1.347695,-0.505712,0.549225,0.083652,-0.819431,-0.141020,-0.281448,1.083149,-0.264654,0.404414,0.070570,-0.837427,-0.360811,-0.011023,1.076872,-0.613848,0.452819,-0.308522,-0.823765,-0.145532,-0.338142,0.914904,-0.420740,0.443226,-0.024179,-0.841226,-0.308715,-0.167401,0.899672,-0.619304,0.454462,-0.261793,-0.839992,-0.139076,0.000000,0.000000,0.000000,0.868868,-2.926574,1458.805542,-4.477824,13.613114,-3246.695068,-124.876930,-10.437012,-394.870087,14.174197,-57.347515,-2815.813477,1.243428,9.954021,-1414.733521,-1.450475,35.270763,-945.449219,29.959957,-93.350632,2661.418457,10.392869,-27.161232,1531.616699,-8.573017,26.603184,-2324.327393,20.029135,-21.068279,-1511.111084,-1.001870,3.747353,-578.792542,-4.738771,-0.239922,-1998.210083,35.373066,-70.357986,1043.488770,7.183111,-27.667561,381.962097,-0.521988,14.673636,-740.548950,39.874992,20.864340,-391.213348,63.729431,15.701294,-198.951141,-4.625590,-15.000381,385.782898,3.366098,16.107468,-1962.155151,38.242886,2.129188,512.241638,-60.620247,-1.022926,-326.055054,-13.171100,1.075598,147.600372,0.454644,-0.448009,-582.996521,-0.365172,0.157751,-626.996399,-0.301614,3.276777,-242.319550,9.679681,-21.575855,2568.287354,-1.063818,-0.240894,-587.502502,-0.929733,2.905369,-298.818726,9.713687,-21.635862,2563.976562,-1.137657,-0.344643,-566.807251,-1.573282,2.489246,-349.294128,9.703573,-21.691984,2554.451660,-2.134604,8.873737,51.437012,-5.999858,0.010931,0.840813,-2.795615,3.742438,-406.211639,-5.999761,-0.156036,156.553070,-10.824563,13.592940,-222.641510,0.192629,13.028143,1127.147217,38.474575,-60.633732,2624.187988,-6.307689,3.930055,-347.910583,8.620326,9.512241,-1570.764526,42.491764,-52.756966,3004.195068,1,1
258,2631,-0.058395,0.913617,-0.349035,0.462889,-0.029988,-0.885651,-0.021385,-0.058395,0.913617,-0.349035,0.462889,-0.029988,-0.885651,-0.021385,-0.062061,0.834221,-0.254275,0.486487,-0.108624,-0.848830,-0.176125,0.025964,0.829072,-0.381166,0.447692,-0.098375,-0.880047,-0.124142,-0.208943,0.462349,-0.336889,0.440862,0.057952,-0.892249,0.078579,-0.093717,0.443121,-0.434375,0.507015,0.004215,-0.855023,0.108876,-0.133860,0.063621,-0.293495,0.393837,0.034885,-0.918256,0.021947,-0.040065,0.046672,-0.354038,0.588813,0.008351,-0.808195,0.007134,0.029984,0.988286,-0.290756,0.461015,0.010661,-0.885948,0.049469,0.003407,1.168337,-0.313263,0.432679,0.102800,-0.876499,0.184312,-0.037358,1.277647,-0.341359,0.432679,0.102800,-0.876499,0.184312,-0.088313,1.414286,-0.376480,0.432679,0.102800,-0.876499,0.184312,-0.031923,1.263072,-0.337613,0.501516,0.245590,-0.820772,0.120417,-0.031923,1.263072,-0.337613,0.346626,-0.040258,-0.900237,0.260390,-0.174156,1.357917,-0.223969,0.293643,-0.130531,-0.945198,-0.057762,0.034684,1.350736,-0.505630,0.547824,0.084687,-0.820132,-0.141778,-0.279700,1.085740,-0.264698,0.404283,0.070585,-0.837453,-0.360895,-0.008543,1.080315,-0.614544,0.451926,-0.309766,-0.823232,-0.148652,-0.336381,0.917526,-0.420823,0.443108,-0.024140,-0.841275,-0.308753,-0.165871,0.903994,-0.621040,0.454428,-0.261612,-0.840052,-0.139164,0.000000,0.000000,0.000000,0.581234,-47.938992,-7502.069824,-4.181443,49.396832,5963.953125,-124.833237,7.282257,2953.211670,14.174174,-0.003815,9557.283203,1.330100,14.445384,748.560486,-1.233193,36.213657,157.149002,29.081503,-146.409042,-8843.068359,9.979082,-68.964485,-6967.208984,-8.295319,46.283085,3279.983398,19.971432,-9.617169,1908.518433,-0.771086,38.464069,5786.119141,-4.624846,18.987656,3204.596436,34.602463,-128.433853,-9679.311523,6.918059,-44.175385,-2751.303955,-0.473652,8.055911,-1102.954224,40.229286,59.048969,6364.105469,63.675438,-8.998871,-4116.693848,-4.609451,2.689759,2948.356689,3.767844,66.957634,8475.028320,38.250793,1.317978,-135.201691,-60.617451,0.466029,248.159103,-13.171556,-0.076135,-191.955490,0.462495,1.308655,292.777313,-0.399980,-5.801231,-993.163574,-0.318300,-2.781078,-1009.642517,9.352804,-54.479443,-5483.931152,-1.094291,-5.078852,-806.326355,-0.957994,-4.710178,-1269.257812,9.386950,-54.456074,-5470.035645,-1.158324,-3.444373,-516.621643,-1.612129,-6.474555,-1493.966797,9.377220,-54.392181,-5450.032715,-2.127186,1.236320,-1272.902954,-5.999639,0.036478,4.257911,-2.755500,6.685853,490.569214,-6.000000,-0.039816,19.369982,-10.775327,8.206050,-897.815125,0.253505,10.146042,-480.350189,37.953186,-86.898170,-4377.406738,-6.265320,7.061481,521.904358,8.725730,17.567316,1342.512451,41.931480,-93.380615,-6770.607910,1,1
259,2641,-0.058826,0.915270,-0.351416,0.462009,-0.028941,-0.886172,-0.020251,-0.058826,0.915270,-0.351416,0.462009,-0.028941,-0.886172,-0.020251,-0.062454,0.835969,-0.256575,0.485603,-0.106369,-0.850344,-0.172597,0.025842,0.830934,-0.383283,0.450362,-0.097196,-0.879568,-0.118690,-0.206324,0.462746,-0.337894,0.440358,0.056066,-0.892771,0.076819,-0.091128,0.443793,-0.432705,0.508204,0.002362,-0.854755,0.105435,-0.133258,0.063586,-0.295038,0.393741,0.035135,-0.918286,0.022020,-0.040067,0.046669,-0.354031,0.588833,0.008471,-0.808179,0.007049,0.029218,0.990260,-0.293043,0.460356,0.010675,-0.886312,0.049095,0.003028,1.170430,-0.315259,0.432843,0.100891,-0.877339,0.180955,-0.037014,1.280128,-0.342880,0.432843,0.100891,-0.877339,0.180955,-0.087066,1.417251,-0.377407,0.432843,0.100891,-0.877339,0.180955,-0.031675,1.265502,-0.339198,0.501196,0.244421,-0.821837,0.116808,-0.031675,1.265502,-0.339198,0.347263,-0.042866,-0.900722,0.257430,-0.173404,1.360554,-0.225116,0.293798,-0.130451,-0.945168,-0.057647,0.035837,1.353384,-0.506724,0.545682,0.084615,-0.821551,-0.141865,-0.278898,1.088355,-0.265778,0.404381,0.070542,-0.837415,-0.360883,-0.007218,1.083089,-0.615753,0.451483,-0.311608,-0.822590,-0.149696,-0.335612,0.920134,-0.421884,0.443215,-0.024185,-0.841244,-0.308682,-0.165338,0.907479,-0.622283,0.454211,-0.261289,-0.840257,-0.139246,0.000000,0.000000,0.000000,0.525547,-5.568671,4237.032227,-4.014270,16.717291,-3267.954346,-124.947540,-11.430359,-1871.261475,13.710453,-46.372128,-4636.831055,1.622918,29.281773,1483.638916,-0.864977,36.821609,60.795216,28.007267,-107.423599,3898.544189,9.515406,-46.367645,2259.684082,-8.198773,9.654522,-3662.856201,19.656971,-31.446075,-2182.890625,-0.760087,1.099932,-3736.413574,-4.556862,6.798363,-1218.929321,33.826191,-77.627182,5080.666992,6.617744,-30.031490,1414.389404,-0.310197,16.345509,828.959778,40.457634,22.834778,-3621.419189,63.794720,11.928177,2092.704590,-4.790873,-18.142128,-2083.188721,3.993081,22.523664,-4443.396973,38.258675,0.788116,-52.986145,-60.626999,-0.954819,-142.084747,-13.175036,-0.347996,-27.186075,0.467284,0.478897,-82.975830,-0.379651,2.032828,783.405884,-0.283935,3.436473,621.755127,9.144863,-20.794106,3368.533691,-1.079083,1.520801,659.965271,-0.925483,3.251094,796.127136,9.178730,-20.822048,3363.402832,-1.145443,1.288033,473.240570,-1.582173,2.995670,947.022461,9.168906,-20.831394,3356.078857,-2.073394,5.379200,414.288025,-5.996226,0.341320,30.484198,-2.704165,5.133486,-155.236771,-5.999000,0.100040,13.985634,-10.684224,9.110260,90.421005,0.259308,0.580296,-956.574585,37.509029,-44.415665,4248.250488,-6.211672,5.364799,-169.668198,8.811861,8.613110,-895.420593,41.469124,-46.235657,4714.495605,1,1
260,2649,-0.057488,0.915470,-0.349109,0.461848,-0.028957,-0.886246,-0.020629,-0.057488,0.915470,-0.349109,0.461848,-0.028957,-0.886246,-0.020629,-0.061182,0.836109,-0.254320,0.485852,-0.103093,-0.851160,-0.169845,0.027160,0.831122,-0.380998,0.450507,-0.097029,-0.879461,-0.119067,-0.201728,0.461635,-0.335061,0.440959,0.054346,-0.892940,0.072523,-0.089809,0.444054,-0.430718,0.508068,0.001758,-0.855140,0.102951,-0.131398,0.061721,-0.294730,0.394775,0.033334,-0.917900,0.022373,-0.040208,0.046462,-0.353483,0.586890,0.007448,-0.809604,0.006752,0.030563,0.990388,-0.290654,0.460465,0.009656,-0.886374,0.047121,0.005344,1.170806,-0.312200,0.433888,0.097969,-0.878187,0.175873,-0.033618,1.281079,-0.339066,0.433888,0.097969,-0.878187,0.175873,-0.082321,1.418920,-0.372649,0.433888,0.097969,-0.878187,0.175873,-0.028423,1.266376,-0.335484,0.501118,0.242540,-0.823229,0.111131,-0.028423,1.266376,-0.335484,0.349290,-0.046397,-0.901053,0.252877,-0.169325,1.361753,-0.220670,0.293748,-0.130344,-0.945185,-0.057862,0.040069,1.354828,-0.502385,0.543284,0.086223,-0.823069,-0.141298,-0.274795,1.089563,-0.261469,0.404408,0.070675,-0.837322,-0.361042,-0.001756,1.084828,-0.611787,0.449908,-0.316556,-0.821039,-0.152545,-0.331495,0.921403,-0.417645,0.443273,-0.024115,-0.841144,-0.308878,-0.161988,0.911150,-0.618501,0.453033,-0.261487,-0.840669,-0.140216,0.000000,0.000000,0.000000,0.563890,4.792869,1295.192505,-4.035907,-2.704680,-2427.746338,-124.969292,-2.718925,1088.929199,13.699094,-1.419902,5619.028320,1.612382,-1.317009,-3824.847656,-0.825118,4.982367,-3979.905273,27.747650,-32.452106,9371.437500,9.309845,-25.695086,2584.070068,-7.943824,31.868696,2776.771729,19.162601,-61.796188,-3793.764160,-0.576269,22.977240,2734.663574,-4.583946,-3.385484,-1272.980957,32.838856,-123.416901,-5723.714844,6.150611,-58.391632,-3545.017822,-0.484179,-21.747723,-4761.653809,41.376064,114.803787,11496.125977,63.611809,-22.863865,-4349.005371,-5.208675,-52.225349,-4260.402832,4.461344,58.532951,4501.160645,38.256081,-0.324249,-139.045715,-60.616890,1.263618,277.304657,-13.180417,-0.672579,-40.572884,0.458964,-1.040053,-189.868637,-0.360322,2.416201,47.921570,-0.253410,3.815685,47.401428,8.929561,-26.912807,-764.837769,-1.063396,1.960993,55.024029,-0.895222,3.782637,66.442963,8.963246,-26.935459,-764.176392,-1.131093,1.793742,63.213707,-1.552562,3.701359,88.211151,8.953400,-26.938320,-763.365723,-2.045675,3.464848,-239.294022,-5.973820,2.800763,307.430328,-2.634545,8.702487,446.125153,-5.949368,6.203949,762.988647,-10.586863,12.170196,382.491943,0.255449,-0.482418,-132.839203,36.659309,-106.214996,-7724.916504,-6.141066,8.825720,432.615051,8.983191,21.416187,1600.384766,40.813450,-81.959244,-4465.448242,1,1
261,2656,-0.060948,0.916550,-0.349750,0.462250,-0.027384,-0.886135,-0.018457,-0.060948,0.916550,-0.349750,0.462250,-0.027384,-0.886135,-0.018457,-0.064178,0.837397,-0.254771,0.486121,-0.101276,-0.851853,-0.166658,0.024076,0.832534,-0.381514,0.451619,-0.094082,-0.879736,-0.115126,-0.202244,0.461800,-0.334044,0.441807,0.052233,-0.892848,0.070009,-0.089398,0.444292,-0.429407,0.507689,0.002390,-0.855574,0.101187,-0.134294,0.061363,-0.294829,0.394665,0.034914,-0.917898,0.022002,-0.040123,0.046382,-0.353617,0.587378,0.007288,-0.809254,0.006484,0.026793,0.992029,-0.291550,0.460665,0.010092,-0.886273,0.046976,0.001876,1.172575,-0.312668,0.434125,0.096054,-0.879195,0.171246,-0.036234,1.283323,-0.338794,0.434125,0.096054,-0.879195,0.171246,-0.083872,1.421758,-0.371452,0.434125,0.096054,-0.879195,0.171246,-0.031153,1.268557,-0.335310,0.500860,0.241211,-0.824396,0.106434,-0.031153,1.268557,-0.335310,0.349827,-0.049630,-0.901752,0.249001,-0.171408,1.364204,-0.219882,0.293720,-0.130728,-0.945142,-0.057844,0.038554,1.357196,-0.501529,0.540382,0.086109,-0.825324,-0.139326,-0.277076,1.092058,-0.260612,0.404340,0.070543,-0.837472,-0.360797,-0.002373,1.086985,-0.610132,0.449369,-0.318313,-0.820397,-0.153925,-0.333764,0.923808,-0.416695,0.443151,-0.024131,-0.841318,-0.308575,-0.163415,0.914065,-0.617043,0.452686,-0.261093,-0.840910,-0.140625,0.000000,0.000000,0.000000,0.424596,-19.899271,-3527.448730,-3.761073,39.262089,5995.252930,-124.916611,7.525853,1463.539673,13.438692,-37.200249,-5111.478027,1.570856,-5.932246,-659.319519,-0.767428,8.241466,465.585510,27.029314,-102.619446,-10023.906250,9.216002,-13.406073,1755.573242,-7.776270,23.936270,-1133.203735,19.040915,-17.383848,6344.620117,-0.566563,1.386498,-3084.391846,-4.518483,9.351798,1819.611694,32.039299,-114.222397,1313.500610,5.728184,-60.346672,-279.291443,-0.181849,43.190056,9276.825195,41.711823,47.965458,-9548.333984,63.934700,46.127319,9855.882812,-5.390624,-25.992666,3747.526123,4.686132,32.112530,-3774.345947,38.229176,-3.843580,-502.761536,-60.611671,0.745501,-74.016800,-13.170080,1.476697,307.039337,0.473481,2.073918,444.852966,-0.364457,-0.590767,-429.566864,-0.267651,-2.034392,-835.725159,8.633850,-42.244366,-2190.222656,-1.063190,0.029308,-275.954895,-0.914925,-2.814761,-942.485535,8.667772,-42.210579,-2182.159912,-1.122530,1.223309,-81.490494,-1.576699,-3.448197,-1021.365173,8.658571,-42.118347,-2168.575439,-1.913447,18.889769,2203.560059,-5.999599,-3.682682,-926.206360,-2.612098,3.206696,-785.113098,-5.980187,-4.402706,-1515.236450,-10.395294,27.366911,2170.959473,0.324431,9.854538,1476.708008,35.890194,-109.873642,-522.663635,-6.115203,3.694739,-732.997375,9.091119,15.418325,-856.837402,40.277306,-76.592041,766.743225,1,1
262,2665,-0.063930,0.918515,-0.352280,0.463545,-0.026853,-0.885493,-0.017524,-0.063930,0.918515,-0.352280,0.463545,-0.026853,-0.885493,-0.017524,-0.066738,0.839458,-0.257207,0.486315,-0.096842,-0.853389,-0.160770,0.021155,0.834620,-0.384202,0.453550,-0.091340,-0.879887,-0.108395,-0.199439,0.461673,-0.334245,0.442839,0.049303,-0.892855,0.065371,-0.087960,0.444805,-0.428107,0.507699,0.001594,-0.855838,0.098896,-0.135215,0.060398,-0.297396,0.396970,0.037076,-0.916844,0.020897,-0.040184,0.046479,-0.353557,0.587114,0.007428,-0.809441,0.006837,0.023843,0.994216,-0.294417,0.461662,0.009468,-0.885795,0.046329,-0.000425,1.174911,-0.315242,0.434999,0.093027,-0.879784,0.167639,-0.037569,1.286090,-0.340926,0.434999,0.093027,-0.879784,0.167639,-0.083999,1.425063,-0.373032,0.434999,0.093027,-0.879784,0.167639,-0.032616,1.271266,-0.337502,0.501317,0.243207,-0.824299,0.100315,-0.032616,1.271266,-0.337502,0.352896,-0.052932,-0.901327,0.245505,-0.170442,1.365597,-0.218990,0.312388,-0.125112,-0.940173,-0.053257,0.037580,1.360286,-0.503460,0.539319,0.087490,-0.825796,-0.139792,-0.273287,1.093040,-0.256354,0.406048,0.071822,-0.829631,-0.376403,-0.002708,1.090351,-0.612764,0.448503,-0.320169,-0.819956,-0.154945,-0.332983,0.930428,-0.417219,0.448791,-0.021092,-0.837499,-0.311025,-0.164521,0.918156,-0.619783,0.451564,-0.259739,-0.841744,-0.141746,0.000000,0.000000,0.000000,0.352465,-8.014493,1320.530884,-3.658130,11.438078,-3091.556885,-124.748268,18.704733,1242.097900,12.726560,-79.125824,-4658.396973,1.640516,7.740047,1519.143677,-0.752780,1.627558,-734.878662,25.914202,-123.901367,-2364.657959,8.896022,-35.553402,-2460.814453,-7.656870,13.266669,-1185.511230,18.326132,-79.420303,-6892.939453,-0.329451,26.345758,2773.251221,-4.319822,22.073481,1413.520264,30.562418,-164.097885,-5541.720703,5.086507,-71.297432,-1216.751099,0.257310,48.795441,622.820557,42.098900,43.008591,-550.763000,63.745453,-21.027458,-7461.642578,-5.752216,-40.176868,-1576.022461,4.852728,18.510712,-1511.313110,40.512989,253.757050,28622.289062,-61.624298,-112.514069,-12584.396484,-13.819003,-72.102547,-8175.472168,1.893666,157.798309,17302.710938,-0.321909,4.727599,590.929565,-0.307849,-4.466451,-270.228851,8.411717,-24.681410,1951.439453,-1.014458,5.414685,598.375183,-0.952232,-4.145132,-147.818954,8.447396,-24.486223,1969.372803,-1.065642,6.320927,566.402100,-1.610076,-3.708575,-28.930851,8.440742,-24.203300,1990.560791,-1.960728,-5.253500,-2682.585449,-5.812776,20.758047,2715.636475,-2.001485,67.845848,7182.127930,-5.946618,3.729926,903.625732,-10.387699,0.843896,-2947.001709,0.265918,-6.501400,-1817.326416,35.223736,-74.050903,3980.304199,-5.454922,73.364525,7741.086914,8.523115,-63.111519,-8725.538086,38.616848,-184.495300,-11989.250977,1,1
263,2674,-0.062438,0.919143,-0.351170,0.463537,-0.026668,-0.885504,-0.017446,-0.062438,0.919143,-0.351170,0.463537,-0.026668,-0.885504,-0.017446,-0.065217,0.840082,-0.256100,0.486450,-0.093997,-0.854163,-0.157910,0.022681,0.835283,-0.383093,0.453766,-0.091351,-0.879771,-0.108417,-0.194825,0.461171,-0.332312,0.443386,0.048009,-0.892872,0.062312,-0.086431,0.445502,-0.426972,0.507616,0.000719,-0.856157,0.096540,-0.132607,0.059420,-0.297245,0.397060,0.036735,-0.916830,0.020413,-0.040246,0.046756,-0.353670,0.587117,0.007248,-0.809428,0.008211,0.025303,0.994877,-0.293302,0.461965,0.008694,-0.885816,0.042915,0.002338,1.175958,-0.312597,0.436142,0.090357,-0.881398,0.157331,-0.033245,1.288058,-0.336420,0.436142,0.090357,-0.881398,0.157331,-0.077722,1.428183,-0.366199,0.436142,0.090357,-0.881398,0.157331,-0.028500,1.273111,-0.333244,0.501036,0.241300,-0.826220,0.089989,-0.028500,1.273111,-0.333244,0.354341,-0.057391,-0.902897,0.236485,-0.165006,1.367684,-0.213199,0.312235,-0.125566,-0.940165,-0.053220,0.043331,1.363195,-0.497815,0.536722,0.087228,-0.827467,-0.140069,-0.268087,1.095161,-0.250463,0.406344,0.071838,-0.829641,-0.376058,0.003119,1.093449,-0.607272,0.448448,-0.321276,-0.819167,-0.156975,-0.327765,0.932420,-0.411204,0.448907,-0.021027,-0.837339,-0.311294,-0.159406,0.921947,-0.614782,0.452021,-0.259340,-0.841606,-0.141844,0.000000,0.000000,0.000000,0.354412,0.216292,914.531677,-3.635169,2.551264,-987.423828,-124.749626,-0.150892,-2095.069336,12.746394,2.203835,9036.628906,1.658953,2.048466,-632.397827,-0.726907,2.874805,138.582993,25.628988,-31.690386,10245.665039,8.476892,-41.912937,-635.953491,-7.448386,20.848417,758.174805,17.900518,-42.561340,3685.896484,-0.185088,14.436297,-1190.946045,-4.309145,1.067638,-2100.584229,29.736732,-82.568550,8152.933594,4.770334,-31.617306,3968.012451,0.258519,0.120863,-4867.457520,42.253162,15.426254,-2758.233643,64.016289,27.083588,4811.104492,-5.806587,-5.437136,3473.973145,5.146620,29.389191,1087.847900,40.479992,-3.299713,-25705.675781,-61.555763,6.853485,11936.755859,-13.776779,4.222393,7632.493652,1.827680,-6.598604,-16439.691406,-0.405427,-8.351886,-1307.948486,-0.262146,4.570222,903.667297,8.006607,-40.511036,-1582.962646,-1.101599,-8.714128,-1412.881226,-0.926437,2.579480,672.461243,8.040331,-40.706539,-1622.031616,-1.148885,-8.324278,-1464.520386,-1.604276,0.580060,428.863525,8.031283,-40.945816,-1674.251587,-1.783511,17.721773,2297.527344,-5.952790,-14.001370,-3475.941895,-2.010912,-0.942707,-6878.856445,-5.991693,-4.507494,-823.742004,-10.135677,25.202179,2435.828369,0.482331,21.641293,2814.269287,34.155975,-106.776047,-3272.514160,-5.472506,-1.758385,-7512.290527,8.758371,23.525620,8663.713867,37.488384,-112.846375,7164.892090,1,1
264,2686,-0.064136,0.920305,-0.354957,0.462912,-0.024349,-0.885951,-0.014530,-0.064136,0.920305,-0.354957,0.462912,-0.024349,-0.885951,-0.014530,-0.066515,0.841518,-0.259649,0.486406,-0.092060,-0.854900,-0.155179,0.021598,0.836930,-0.386501,0.454715,-0.089698,-0.880233,-0.101871,-0.193694,0.461661,-0.334782,0.443818,0.046556,-0.892878,0.060219,-0.083917,0.445859,-0.426235,0.506894,-0.001354,-0.856849,0.094165,-0.133258,0.059551,-0.300731,0.397378,0.038195,-0.916627,0.020690,-0.040226,0.046698,-0.353665,0.587251,0.007512,-0.809332,0.007785,0.023003,0.996812,-0.297196,0.460894,0.009366,-0.886321,0.043868,0.000172,1.177938,-0.316529,0.434768,0.087657,-0.882842,0.154544,-0.034527,1.290362,-0.340127,0.434768,0.087657,-0.882842,0.154544,-0.077900,1.430892,-0.369626,0.434768,0.087657,-0.882842,0.154544,-0.029900,1.275372,-0.336981,0.499497,0.241125,-0.827584,0.086404,-0.029900,1.275372,-0.336981,0.353329,-0.059897,-0.903930,0.233411,-0.165284,1.369638,-0.215821,0.320470,-0.124839,-0.937531,-0.052434,0.042825,1.365798,-0.501100,0.536822,0.087648,-0.827309,-0.140353,-0.268186,1.097190,-0.252057,0.406117,0.072871,-0.827484,-0.380826,0.002714,1.096123,-0.610816,0.448318,-0.321258,-0.819256,-0.156918,-0.328399,0.936251,-0.414404,0.449998,-0.019665,-0.836533,-0.311972,-0.159792,0.924604,-0.618336,0.452008,-0.259487,-0.841627,-0.141488,0.000000,0.000000,0.000000,0.183778,-15.512171,-1429.860229,-3.244439,35.520836,2997.233643,-124.830826,-7.381786,-657.353943,12.402487,-31.264305,-3042.558350,1.949492,26.412703,2214.930664,-0.608184,10.792971,719.833252,24.524099,-100.444450,-6250.370117,8.156506,-29.126081,1162.441406,-7.516684,-6.208940,-2459.759766,17.934809,3.117301,4152.603516,-0.217020,-2.902922,-1576.292847,-4.332170,-2.093185,-287.347595,29.059587,-61.558640,1909.991821,4.367830,-36.591270,-452.178619,0.474943,19.674904,1777.640137,42.279438,2.388694,-1185.232788,63.939697,-6.962863,-3095.132080,-5.771941,3.149639,780.615845,5.168362,1.976490,-2492.063721,41.121387,58.308689,5600.763672,-62.058891,-45.738914,-4781.126953,-14.006918,-20.921707,-2285.827148,2.268163,40.043907,4240.228027,-0.350978,4.949914,1209.254517,-0.308371,-4.202192,-797.492188,7.718984,-26.147539,1305.772461,-1.040668,5.539244,1295.760986,-0.969843,-3.945995,-593.225037,7.754175,-26.014154,1335.671387,-1.078629,6.386919,1337.381592,-1.643789,-3.592166,-379.293335,7.747594,-25.789911,1377.809448,-1.849643,-6.012028,-2157.618164,-5.983702,-2.810175,1017.381409,-1.736250,24.969307,2355.637695,-6.000000,-0.755223,341.115509,-10.184274,-4.417853,-2692.730225,0.676896,17.687716,-359.416107,33.825165,-30.073687,6972.941895,-5.173661,27.167711,2629.645020,8.368773,-35.418076,-5358.517578,36.748280,-67.282242,4142.193848,1,1
265,2696,-0.062388,0.920883,-0.353458,0.462806,-0.024141,-0.886010,-0.014631,-0.062388,0.920883,-0.353458,0.462806,-0.024141,-0.886010,-0.014631,-0.064770,0.842060,-0.258179,0.486384,-0.089503,-0.855592,-0.152910,0.023377,0.837543,-0.385010,0.454964,-0.089766,-0.880058,-0.102214,-0.189271,0.461299,-0.332791,0.444050,0.045980,-0.892938,0.058035,-0.082292,0.446566,-0.424919,0.506845,-0.002236,-0.857157,0.091572,-0.130026,0.058897,-0.300127,0.398792,0.037684,-0.916032,0.020747,-0.040291,0.046969,-0.353766,0.587669,0.008686,-0.809013,0.008285,0.024715,0.997392,-0.295647,0.461150,0.008429,-0.886283,0.042092,0.002830,1.178727,-0.314345,0.436115,0.084559,-0.883356,0.149451,-0.030740,1.291650,-0.337179,0.436115,0.084559,-0.883356,0.149451,-0.072702,1.432804,-0.365721,0.436115,0.084559,-0.883356,0.149451,-0.026264,1.276594,-0.334135,0.500005,0.239173,-0.828423,0.080664,-0.026264,1.276594,-0.334135,0.356052,-0.063544,-0.903781,0.228844,-0.160239,1.371247,-0.211775,0.324210,-0.125932,-0.936132,-0.051822,0.047017,1.367317,-0.497913,0.536870,0.087586,-0.827330,-0.140088,-0.263748,1.099130,-0.247139,0.405076,0.072083,-0.826351,-0.384527,0.006952,1.097595,-0.607481,0.448418,-0.321321,-0.819180,-0.156902,-0.324807,0.939549,-0.410507,0.449371,-0.018696,-0.836346,-0.313435,-0.155575,0.926093,-0.614960,0.452067,-0.259650,-0.841521,-0.141630,0.000000,0.000000,0.000000,0.205472,2.169393,1768.156494,-3.228672,1.576710,-3394.412598,-124.845238,-1.441193,594.059326,12.440326,3.783894,3504.819824,1.971761,2.226818,-2418.588379,-0.565312,4.287171,-650.579956,24.249699,-27.440069,7300.438477,7.736417,-42.008877,-1288.279541,-7.483356,3.332806,954.174622,17.569496,-36.531258,-3964.855957,-0.086833,13.018700,1592.162231,-4.318371,1.379919,347.310425,28.439249,-62.033844,-47.520447,4.137801,-23.002911,1358.835938,0.411341,-6.360158,-2603.506104,42.295776,1.633835,-75.485916,63.963921,2.422333,938.519531,-5.769610,0.233078,-291.656128,5.146726,-2.163601,-414.009094,41.617626,49.623871,-868.481812,-62.266872,-20.798111,2494.080322,-13.968670,3.824806,2474.651367,2.612185,34.402229,-564.167786,-0.320158,3.081998,-186.791519,-0.264581,4.378993,858.118469,7.488345,-23.063946,308.359314,-1.015111,2.555692,-298.355164,-0.926230,4.361266,830.726196,7.523100,-23.107481,290.667328,-1.055658,2.297044,-408.987518,-1.600893,4.289627,788.179321,7.516346,-23.124886,266.502563,-1.832246,1.739717,775.174438,-5.918034,6.566811,937.698547,-1.641680,9.456968,-1551.233887,-6.000000,0.000000,75.522331,-10.112437,7.183647,1160.150024,0.786314,10.941839,-674.587646,33.080063,-74.510193,-4443.650879,-5.078959,9.470224,-1769.748657,8.326716,-4.205608,3121.246582,36.034229,-71.405029,-412.278748,1,1
266,2707,-0.067928,0.923433,-0.355087,0.462514,-0.021545,-0.886275,-0.011580,-0.067928,0.923433,-0.355087,0.462514,-0.021545,-0.886275,-0.011580,-0.069791,0.844883,-0.259571,0.486671,-0.087974,-0.856095,-0.150044,0.018476,0.840637,-0.386328,0.458750,-0.084204,-0.879697,-0.092685,-0.192105,0.463249,-0.332778,0.445141,0.043585,-0.892699,0.055125,-0.079756,0.447475,-0.421103,0.507033,-0.002600,-0.857628,0.085935,-0.135597,0.060349,-0.301424,0.398560,0.038082,-0.916104,0.021271,-0.040320,0.046969,-0.353693,0.587494,0.008897,-0.809139,0.008153,0.018564,1.000761,-0.297449,0.460834,0.009383,-0.886400,0.042886,-0.003253,1.182153,-0.315993,0.436315,0.082264,-0.884080,0.145820,-0.035978,1.295425,-0.338319,0.436315,0.082264,-0.884080,0.145820,-0.076883,1.437016,-0.366226,0.436315,0.082264,-0.884080,0.145820,-0.031614,1.280322,-0.335342,0.499569,0.237803,-0.829459,0.076671,-0.031614,1.280322,-0.335342,0.356269,-0.065935,-0.904372,0.225470,-0.164958,1.375142,-0.212451,0.324968,-0.125580,-0.935972,-0.050813,0.042341,1.371338,-0.498707,0.536940,0.087465,-0.827275,-0.140220,-0.268145,1.102966,-0.247239,0.405259,0.072401,-0.825392,-0.386331,0.002179,1.101635,-0.608306,0.448230,-0.321342,-0.819250,-0.157027,-0.329487,0.944072,-0.411170,0.450359,-0.019493,-0.835500,-0.314223,-0.160371,0.930159,-0.615865,0.451860,-0.259417,-0.841688,-0.141724,0.000000,0.000000,0.000000,0.034228,-17.124327,-1929.372070,-2.802960,42.571259,4099.454590,-124.884064,-3.882599,-244.140625,11.599947,-84.037880,-8782.177734,2.074189,10.242820,801.600220,-0.126827,43.848488,3956.131592,22.371733,-187.796600,-16035.653320,7.154983,-58.143425,-1613.454834,-7.111107,37.224911,3389.210449,17.638863,6.936646,4346.790039,-0.180621,-9.378703,-2239.740479,-4.331114,-1.274252,-265.417084,27.636522,-80.272675,-1823.883057,3.634958,-50.284340,-2728.143066,0.559943,14.860207,2122.036377,42.284489,-1.128769,-276.260376,63.938087,-2.583313,-500.564545,-5.796699,-2.708864,-294.194214,5.163046,1.632071,379.567139,41.962681,34.505463,-1511.840820,-62.206501,6.037140,2683.524902,-14.160536,-19.186592,-2301.139893,2.646488,3.430248,-3097.197998,-0.273312,4.684618,160.261963,-0.254127,1.045385,-333.360779,7.172059,-31.628561,-856.461548,-0.967579,4.753179,219.748627,-0.914450,1.178026,-318.324005,7.207485,-31.561565,-845.408386,-1.004112,5.154574,285.752991,-1.587293,1.360047,-292.958038,7.202112,-31.423376,-829.848999,-1.835068,-0.282216,-202.193268,-5.996581,-7.854748,-1442.155884,-1.568857,7.282340,-217.462814,-5.990575,0.942516,94.251633,-10.089343,2.309418,-487.422943,0.944116,15.780210,483.837097,32.676720,-40.334320,3417.587158,-5.012502,6.645728,-282.449677,8.385835,5.911827,1011.743530,35.406879,-62.734985,867.004395,1,1
267,2714,-0.066137,0.924061,-0.353569,0.462343,-0.021662,-0.886357,-0.011923,-0.066137,0.924061,-0.353569,0.462343,-0.021662,-0.886357,-0.011923,-0.068079,0.845465,-0.258093,0.486756,-0.085774,-0.856845,-0.146725,0.020236,0.841235,-0.384817,0.459014,-0.084283,-0.879499,-0.093186,-0.187557,0.462758,-0.329896,0.445721,0.042446,-0.892560,0.053544,-0.078218,0.448184,-0.419877,0.507009,-0.003405,-0.857887,0.083434,-0.132421,0.059610,-0.299309,0.399086,0.039097,-0.915881,0.019095,-0.040380,0.047292,-0.353858,0.587550,0.008524,-0.809083,0.009860,0.020373,1.001315,-0.295859,0.460817,0.008668,-0.886503,0.041047,-0.000660,1.182887,-0.313710,0.436743,0.080358,-0.884820,0.141037,-0.032508,1.296563,-0.335237,0.436743,0.080358,-0.884820,0.141037,-0.072318,1.438659,-0.362146,0.436743,0.080358,-0.884820,0.141037,-0.028261,1.281406,-0.332367,0.498817,0.236740,-0.830676,0.071513,-0.028261,1.281406,-0.332367,0.357371,-0.068872,-0.904745,0.221310,-0.160751,1.376306,-0.208608,0.327069,-0.126096,-0.935187,-0.050508,0.047027,1.372867,-0.494852,0.532250,0.088930,-0.830245,-0.139623,-0.264211,1.104233,-0.242994,0.404400,0.073159,-0.825191,-0.387515,0.008216,1.103302,-0.604768,0.448659,-0.322731,-0.818254,-0.158145,-0.325334,0.945828,-0.407478,0.450135,-0.019547,-0.835591,-0.314299,-0.154992,0.932452,-0.612315,0.452394,-0.260096,-0.841069,-0.142453,0.000000,0.000000,0.000000,0.063418,3.648716,2596.630371,-2.833002,-3.755331,-5790.823730,-124.906555,-2.811432,133.895874,11.612194,1.530886,10696.095703,2.071270,-0.364840,-1325.957520,-0.068530,7.287228,-4570.157715,22.127966,-30.470848,19665.718750,6.698587,-57.049454,136.746399,-6.842691,33.551991,-459.115021,17.139637,-62.403202,-8667.480469,-0.121801,7.352401,2091.387939,-4.321404,1.213789,311.005127,26.955376,-85.143326,-608.831421,3.572196,-7.845283,5304.881836,0.827805,33.482647,2327.804932,42.633766,43.659687,5598.557129,64.360977,52.861214,6930.565918,-5.850911,-6.776512,-508.455933,5.251802,11.094451,1182.797607,42.162594,24.989128,-1189.541870,-62.334026,-15.940666,-2747.225830,-14.318504,-19.746065,-69.934128,2.727191,10.087937,832.211243,-0.291560,-2.281018,-870.704407,-0.235462,2.333110,160.965637,6.988386,-22.959173,1083.673462,-0.986989,-2.426289,-897.433472,-0.901375,1.634397,57.046295,7.023134,-23.043871,1064.711792,-1.021855,-2.217874,-921.555969,-1.579756,0.942066,-52.247570,7.017042,-23.133755,1036.202637,-1.743871,11.399672,1460.235962,-5.994747,0.229239,1010.498413,-1.517632,6.403118,-109.902740,-5.937826,6.593585,706.383606,-9.932761,19.572735,2157.914551,0.816981,-15.891902,-3959.013916,31.907536,-96.148010,-6976.711426,-4.962350,6.268978,-47.093689,8.347463,-4.796505,-1338.541504,34.755424,-81.431870,-2337.110596,1,1
268,2726,-0.066306,0.924107,-0.353721,0.462298,-0.021769,-0.886375,-0.012112,-0.066306,0.924107,-0.353721,0.462298,-0.021769,-0.886375,-0.012112,-0.068286,0.845490,-0.258264,0.486724,-0.085793,-0.856845,-0.146819,0.020040,0.841258,-0.384980,0.459039,-0.084178,-0.879520,-0.092957,-0.187811,0.462809,-0.330126,0.445690,0.042425,-0.892581,0.053469,-0.078254,0.448158,-0.419914,0.506984,-0.003377,-0.857895,0.083498,-0.132717,0.059651,-0.299584,0.399026,0.039150,-0.915900,0.019303,-0.040373,0.047276,-0.353862,0.587581,0.008525,-0.809061,0.009786,0.020227,1.001317,-0.295984,0.460713,0.008664,-0.886568,0.040825,-0.000779,1.182900,-0.313754,0.436476,0.080529,-0.884980,0.140760,-0.032629,1.296588,-0.335215,0.436476,0.080529,-0.884980,0.140760,-0.072440,1.438699,-0.362041,0.436476,0.080529,-0.884980,0.140760,-0.028382,1.281430,-0.332354,0.498586,0.237155,-0.830721,0.071219,-0.028382,1.281430,-0.332354,0.357224,-0.069203,-0.904809,0.221183,-0.160580,1.376262,-0.208260,0.330003,-0.126356,-0.934176,-0.049471,0.047566,1.372912,-0.494448,0.528152,0.089276,-0.832627,-0.140774,-0.264118,1.104220,-0.241746,0.404748,0.073324,-0.824191,-0.389244,0.009020,1.104021,-0.605134,0.448390,-0.327490,-0.815466,-0.163440,-0.325602,0.946469,-0.406725,0.450484,-0.018448,-0.834891,-0.315722,-0.156636,0.935583,-0.613521,0.452816,-0.258889,-0.840906,-0.144261,0.000000,0.000000,0.000000,0.077107,1.140696,-209.001709,-2.853893,-1.740873,167.871506,-124.912369,-0.484467,193.913773,11.557925,-4.522403,-504.440765,2.073117,0.153939,43.231583,-0.061951,0.548184,-561.586975,22.106991,-1.747926,2393.576904,6.714681,1.341144,4865.883301,-6.851090,-0.699917,-2854.325439,17.125467,-1.180808,5101.866211,-0.119513,0.190651,-596.812500,-4.323952,-0.212391,-118.848358,26.957308,0.161012,7108.694824,3.539539,-2.721409,426.989471,0.822654,-0.429178,-2825.985596,43.411736,64.830780,1764.257812,64.555725,16.228994,-3052.684814,-6.308648,-38.144749,-2614.019775,5.971364,59.963467,4072.417969,42.483467,26.739439,145.859238,-62.405624,-5.966505,831.180115,-14.248214,5.857547,2133.634521,2.802296,6.258746,-319.099304,-0.304801,-1.103371,98.137177,-0.242948,-0.623859,-246.414124,6.990388,0.166853,1927.168823,-0.999250,-1.021753,117.044701,-0.910405,-0.752528,-198.910416,7.025094,0.163317,1933.932251,-1.032972,-0.926395,107.623238,-1.590212,-0.871340,-151.117233,7.018875,0.152787,1940.545044,-1.689411,4.538268,-571.783630,-5.972440,1.858950,135.809189,-1.489999,2.302736,-341.698486,-5.946712,-0.740488,-611.172791,-9.869628,5.261103,-1192.635986,0.557878,-21.591957,-475.004608,31.924606,1.422564,8130.880859,-4.925708,3.053467,-267.959290,8.173735,-14.477333,-806.735657,34.590992,-13.702710,5644.096191,1,1
269,2744,-0.066370,0.924647,-0.354421,0.461387,-0.020804,-0.886884,-0.011210,-0.066370,0.924647,-0.354421,0.461387,-0.020804,-0.886884,-0.011210,-0.068347,0.846097,-0.258907,0.486684,-0.085670,-0.856916,-0.146608,0.020251,0.841993,-0.385438,0.460093,-0.083429,-0.879296,-0.090510,-0.187700,0.463350,-0.330681,0.445677,0.042358,-0.892594,0.053419,-0.076595,0.448468,-0.418787,0.507108,-0.004446,-0.858031,0.081267,-0.132674,0.060183,-0.300150,0.399081,0.039081,-0.915881,0.019237,-0.040372,0.047253,-0.353840,0.587582,0.008663,-0.809061,0.009592,0.019846,1.002120,-0.296564,0.460025,0.007912,-0.887030,0.038642,0.000054,1.183970,-0.313361,0.436675,0.076384,-0.886521,0.132514,-0.030086,1.298355,-0.333550,0.436675,0.076384,-0.886521,0.132514,-0.067760,1.441337,-0.358787,0.436675,0.076384,-0.886521,0.132514,-0.026067,1.283104,-0.330858,0.497561,0.234588,-0.832760,0.062550,-0.026067,1.283104,-0.330858,0.358672,-0.074040,-0.905719,0.213416,-0.157002,1.378157,-0.205597,0.331077,-0.126061,-0.933895,-0.048331,0.051465,1.375526,-0.491807,0.525913,0.091681,-0.833969,-0.139663,-0.260218,1.106057,-0.238425,0.404515,0.073462,-0.823553,-0.390809,0.014679,1.106811,-0.602801,0.447213,-0.330922,-0.814365,-0.165231,-0.321921,0.948909,-0.403896,0.450881,-0.018798,-0.834548,-0.316042,-0.152363,0.939751,-0.611257,0.451384,-0.259149,-0.841282,-0.146079,0.000000,0.000000,0.000000,0.039346,-2.097803,-179.916595,-2.707975,8.106524,547.077576,-125.030998,-6.590525,-339.225464,11.401018,-8.717060,-233.036484,2.215166,7.891575,429.868713,0.159059,12.278381,651.677673,21.533529,-31.858974,-1672.835938,6.440813,-15.214868,-919.778442,-6.799838,2.847327,197.069153,17.238260,6.266276,413.726868,-0.201562,-4.558267,-263.828735,-4.415631,-5.093283,-271.160614,26.920166,-2.063433,-123.580292,3.541649,0.117249,157.703217,0.824416,0.097834,29.278481,44.224636,45.161140,-1092.757690,64.390274,-9.191725,-1412.262207,-6.671443,-20.155245,999.416870,6.146550,9.732591,-2790.604248,42.809185,18.095440,-480.222168,-62.432808,-1.510196,247.572693,-14.383848,-7.535246,-744.044128,2.904628,5.685091,-31.869703,-0.297476,0.406934,83.905861,-0.211367,1.754536,132.133057,6.585763,-22.479191,-1258.113525,-0.993676,0.309666,73.967705,-0.885260,1.396961,119.416069,6.620120,-22.498556,-1258.992920,-1.023657,0.517527,80.217918,-1.571279,1.051823,106.842430,6.613931,-22.496885,-1258.315063,-1.675198,0.789622,-208.258057,-5.993929,-1.193841,-169.599503,-1.384549,5.858335,197.533295,-5.964357,-0.980271,-13.321270,-9.774772,5.269793,0.482745,0.724543,9.259194,1713.952759,30.674089,-69.473160,-3938.651123,-4.838841,4.825963,98.472023,8.300901,7.064819,1196.786255,33.392944,-66.558197,-2936.416016,1,1
270,2753,-0.067633,0.925993,-0.355540,0.460790,-0.018138,-0.887284,-0.008384,-0.067633,0.925993,-0.355540,0.460790,-0.018138,-0.887284,-0.008384,-0.069166,0.847678,-0.259826,0.486664,-0.083453,-0.857420,-0.144998,0.019634,0.843898,-0.386225,0.461631,-0.081237,-0.879196,-0.085506,-0.186323,0.464286,-0.331376,0.445976,0.041729,-0.892618,0.050967,-0.073747,0.449443,-0.416660,0.506638,-0.006061,-0.858693,0.076993,-0.132625,0.060824,-0.302410,0.400474,0.038814,-0.915272,0.019763,-0.040459,0.047613,-0.353980,0.587623,0.008646,-0.809011,0.011248,0.017932,1.004247,-0.297767,0.459777,0.008678,-0.887120,0.039344,-0.001693,1.186155,-0.314441,0.437689,0.073531,-0.886785,0.128971,-0.030890,1.300865,-0.334166,0.437689,0.073531,-0.886785,0.128971,-0.067387,1.444253,-0.358822,0.437689,0.073531,-0.886785,0.128971,-0.026997,1.285570,-0.331536,0.498194,0.232695,-0.833208,0.058487,-0.026997,1.285570,-0.331536,0.360508,-0.076886,-0.905517,0.210147,-0.157054,1.380876,-0.205619,0.331869,-0.125718,-0.933693,-0.047705,0.050965,1.378166,-0.492279,0.526281,0.091705,-0.833687,-0.139943,-0.260006,1.108772,-0.238086,0.404325,0.073563,-0.822733,-0.392709,0.014093,1.109598,-0.603416,0.446459,-0.332783,-0.813801,-0.166304,-0.322020,0.952353,-0.404131,0.451391,-0.018683,-0.834366,-0.315800,-0.153711,0.943308,-0.611970,0.450782,-0.261115,-0.840865,-0.146835,0.000000,0.000000,0.000000,-0.105408,-16.083736,-1553.992676,-2.287445,46.725616,4291.010254,-125.109863,-8.762783,-241.361984,11.191678,-23.260010,-1615.883301,2.409679,21.612617,1524.560303,0.379253,24.465919,1354.170898,20.384502,-127.669647,-10645.629883,5.750319,-76.721565,-6834.077637,-6.507500,32.481987,3292.739746,17.386551,16.476738,1134.495850,-0.189401,1.351275,656.615784,-4.452506,-4.097144,110.682114,26.357655,-62.501274,-6715.315430,3.220985,-35.629299,-3971.838623,0.756051,-7.596042,-854.875244,44.504726,31.121147,-1559.999268,64.177879,-23.599413,-1600.854248,-6.650393,2.338833,2499.342041,6.176204,3.294892,-715.299866,43.116894,34.189861,1788.269043,-62.430252,0.283983,199.353241,-14.520422,-15.174866,-848.846619,3.129227,24.955458,2141.151855,-0.215926,9.061153,961.579956,-0.156127,6.137772,487.026215,6.269816,-35.105122,-1402.881226,-0.917728,8.438740,903.230469,-0.826455,6.533915,570.772644,6.304328,-35.087955,-1398.822144,-0.950016,8.182281,851.639282,-1.509253,6.891820,648.888550,6.299135,-34.977383,-1386.721924,-1.702837,-3.070990,-428.956970,-5.976206,1.969231,351.452515,-1.295612,9.881947,447.067902,-5.994471,-3.346019,-262.860901,-9.771884,0.320858,-549.881592,0.810738,9.577162,35.329712,30.182928,-54.573483,1655.519775,-4.762008,8.536975,412.334656,8.425550,13.849789,753.885498,32.834522,-62.046902,501.255035,1,1
271,2760,-0.068409,0.926131,-0.355410,0.459669,-0.017283,-0.887889,-0.007639,-0.068409,0.926131,-0.355410,0.459669,-0.017283,-0.887889,-0.007639,-0.070012,0.847868,-0.259654,0.486032,-0.081955,-0.858476,-0.141687,0.019117,0.844211,-0.385825,0.461934,-0.080444,-0.879181,-0.084773,-0.184750,0.463544,-0.329603,0.446083,0.039644,-0.892752,0.049321,-0.073420,0.449562,-0.416004,0.506505,-0.005954,-0.858854,0.076074,-0.133156,0.059776,-0.301074,0.400934,0.039946,-0.915064,0.017755,-0.040446,0.047601,-0.353999,0.587650,0.008492,-0.808992,0.011291,0.016837,1.004607,-0.297466,0.459286,0.008192,-0.887460,0.037463,-0.001835,1.186723,-0.313246,0.438758,0.070538,-0.887513,0.121806,-0.029686,1.301968,-0.331763,0.438758,0.070538,-0.887513,0.121806,-0.064500,1.446025,-0.354910,0.438758,0.070538,-0.887513,0.121806,-0.025973,1.286602,-0.329294,0.498017,0.230948,-0.834303,0.050796,-0.025973,1.286602,-0.329294,0.362738,-0.080956,-0.905724,0.203792,-0.154583,1.381968,-0.201942,0.335126,-0.125783,-0.932574,-0.046647,0.053062,1.379689,-0.489247,0.524945,0.092184,-0.834678,-0.138738,-0.257425,1.110056,-0.233611,0.401630,0.072054,-0.822588,-0.396044,0.016943,1.111058,-0.600016,0.446178,-0.334388,-0.813081,-0.167357,-0.320132,0.954886,-0.400565,0.449769,-0.020414,-0.834784,-0.316902,-0.151546,0.945465,-0.608622,0.450695,-0.260873,-0.840973,-0.146917,0.000000,0.000000,0.000000,-0.133294,-3.983714,1728.574829,-2.161376,18.009798,-4102.259766,-125.255432,-20.795549,-1718.966675,11.186843,-0.690733,3224.182373,2.448049,5.481448,-2304.452881,0.550886,24.519016,7.585253,20.177273,-29.604231,14009.344727,5.669588,-11.533056,9312.643555,-6.412403,13.585363,-2699.517578,17.084669,-43.125969,-8514.672852,-0.264705,-10.757726,-1729.857300,-4.451690,0.116485,601.946899,25.653118,-100.648064,-5449.541504,3.080898,-20.012548,2230.964355,1.130312,53.465832,8723.125000,44.860680,50.850460,2818.473145,64.260597,11.816842,5059.465332,-6.801213,-21.545683,-3412.073730,6.385668,29.923441,3804.078369,43.603676,69.540298,5050.062500,-62.903675,-67.631859,-9702.263672,-14.690623,-24.314470,-1305.657837,3.388664,37.062439,1729.568726,-0.219754,-0.546924,-1372.582397,-0.072073,12.007590,838.545532,5.932431,-48.197884,-1870.394531,-0.930004,-1.753713,-1456.064697,-0.748528,11.132317,656.914551,5.965606,-48.388821,-1900.123657,-0.966136,-2.302809,-1497.869873,-1.438148,10.157840,466.574188,5.958973,-48.594475,-1945.298828,-1.618898,11.991331,2151.760254,-5.971313,0.698907,-181.474930,-1.207304,12.615374,390.489563,-5.994897,-0.060899,469.302917,-9.620951,21.561893,3034.433594,0.947665,19.561094,1426.276123,29.145245,-148.240494,-13381.000977,-4.683467,11.220182,383.315369,8.437198,1.664025,-1740.823364,31.816034,-145.498276,-11921.624023,1,1
272,2767,-0.071119,0.926996,-0.356796,0.460113,-0.015230,-0.887700,-0.007255,-0.071119,0.926996,-0.356796,0.460113,-0.015230,-0.887700,-0.007255,-0.072319,0.848610,-0.261135,0.485892,-0.079704,-0.858991,-0.140324,0.016705,0.845464,-0.387395,0.463823,-0.078023,-0.878880,-0.079690,-0.184919,0.463718,-0.331050,0.446257,0.039152,-0.892822,0.046796,-0.072198,0.449879,-0.414669,0.506633,-0.006473,-0.858964,0.073910,-0.134588,0.059677,-0.304182,0.402100,0.039483,-0.914556,0.018560,-0.040472,0.047621,-0.353955,0.587555,0.008722,-0.809059,0.011235,0.013867,1.005741,-0.298837,0.459601,0.008865,-0.887332,0.036481,-0.004486,1.187955,-0.314061,0.439176,0.068437,-0.887961,0.118177,-0.031526,1.303480,-0.332032,0.439176,0.068437,-0.887961,0.118177,-0.065327,1.447885,-0.354496,0.439176,0.068437,-0.887961,0.118177,-0.027921,1.288076,-0.329636,0.497848,0.229550,-0.835018,0.046882,-0.027921,1.288076,-0.329636,0.363629,-0.083571,-0.905844,0.200589,-0.155951,1.383590,-0.201789,0.335107,-0.125092,-0.932762,-0.044828,0.051969,1.381343,-0.489094,0.523062,0.093128,-0.836038,-0.137018,-0.258079,1.111459,-0.232645,0.401180,0.072954,-0.822284,-0.396964,0.017056,1.112603,-0.599428,0.445511,-0.336031,-0.812536,-0.168489,-0.320540,0.956688,-0.400060,0.449905,-0.020246,-0.834784,-0.316720,-0.152132,0.947731,-0.608189,0.450258,-0.260625,-0.841284,-0.146910,0.000000,0.000000,0.000000,-0.065033,9.751534,1962.178101,-1.932105,32.752972,2106.167725,-125.201630,7.686070,4068.802734,10.682999,-71.977753,-10183.859375,2.661239,30.455658,3567.744385,0.672022,17.305170,-1030.549438,19.280790,-128.068924,-14066.383789,5.415588,-36.285606,-3536.078613,-6.315334,13.866969,40.229389,16.979059,-15.087128,4005.548828,-0.255316,1.341296,1728.431641,-4.325346,18.049105,2561.802979,25.115213,-76.843529,3400.647949,2.743400,-48.213959,-4028.772949,1.006667,-17.663616,-10161.349609,45.296352,62.238964,1626.929077,64.345413,12.116569,42.818073,-6.950564,-21.335941,29.963085,6.612494,32.403606,354.309357,43.959450,50.824848,-2673.635986,-62.864006,5.667005,10471.266602,-14.840055,-21.347319,423.878815,3.467515,11.264461,-3685.425293,-0.149086,10.095390,1520.330444,-0.081700,-1.375198,-1911.827026,5.720602,-30.261381,2562.357422,-0.858010,10.284773,1719.783813,-0.754317,-0.826912,-1708.461182,5.754914,-30.098846,2612.853516,-0.890734,10.771615,1867.774780,-1.439749,-0.228677,-1483.788208,5.750358,-29.802256,2684.602783,-1.577574,5.903397,-869.704895,-5.984550,-1.890932,-369.976990,-1.156332,7.281729,-761.949219,-6.000000,-0.728948,-95.435547,-9.532341,12.658528,-1271.909302,0.977411,4.249445,-2187.378418,28.437275,-101.138527,6728.852539,-4.646009,5.351067,-838.445129,8.559705,17.501013,2262.426758,31.130562,-97.924637,6796.234375,1,1
273,2775,-0.069349,0.927168,-0.355145,0.459880,-0.015052,-0.887824,-0.007229,-0.069349,0.927168,-0.355145,0.459880,-0.015052,-0.887824,-0.007229,-0.070572,0.848772,-0.259493,0.483706,-0.075938,-0.861135,-0.136779,0.018519,0.845670,-0.385705,0.464082,-0.078099,-0.878682,-0.080288,-0.178923,0.462682,-0.328715,0.444986,0.036929,-0.893763,0.042555,-0.070640,0.450194,-0.413338,0.506587,-0.007236,-0.859190,0.071482,-0.131786,0.058116,-0.304038,0.402243,0.039210,-0.914538,0.016829,-0.040454,0.047613,-0.353990,0.587623,0.008543,-0.809010,0.011313,0.015579,1.005936,-0.297132,0.459355,0.008447,-0.887509,0.035349,-0.002227,1.188253,-0.311909,0.439023,0.066813,-0.888606,0.114779,-0.028570,1.304020,-0.329348,0.439023,0.066813,-0.888606,0.114779,-0.061498,1.448729,-0.351146,0.439023,0.066813,-0.888606,0.114779,-0.025057,1.288584,-0.327023,0.497124,0.228526,-0.835920,0.043372,-0.025057,1.288584,-0.327023,0.363944,-0.085475,-0.906252,0.197349,-0.152675,1.384128,-0.198781,0.335029,-0.125056,-0.932793,-0.044878,0.055388,1.382155,-0.486065,0.523172,0.093295,-0.835940,-0.137086,-0.254806,1.112077,-0.229628,0.401393,0.073106,-0.821276,-0.398805,0.020553,1.113569,-0.596494,0.445065,-0.337182,-0.811907,-0.170385,-0.317627,0.958019,-0.397567,0.450197,-0.019508,-0.833954,-0.318533,-0.149304,0.949416,-0.605756,0.449909,-0.260828,-0.841196,-0.148120,0.000000,0.000000,0.000000,-0.057830,0.900399,-1106.391846,-1.912655,2.431259,-3790.214111,-125.232025,-3.799438,-1435.688477,10.757471,9.309053,10160.850586,2.664395,0.394523,-3757.641846,0.736823,8.100085,-1150.635620,19.056902,-27.986050,12510.358398,5.129117,-35.808979,59.578419,-6.175937,17.424583,444.701782,16.435780,-67.909958,-6602.854004,-0.011111,30.525551,3648.031982,-4.044195,35.143913,2136.851074,24.000122,-139.386414,-7817.860840,2.386799,-44.575066,454.861633,1.134353,15.960768,4203.047852,45.557674,32.665253,-3696.713867,64.257812,-10.950089,-2883.332275,-7.021999,-8.929312,1550.828735,6.741107,16.076744,-2040.857788,44.191299,28.981209,-2730.454834,-62.728870,16.891956,1403.118896,-14.792708,5.918264,3408.197998,3.494789,3.409207,-981.906738,-0.151098,-0.251500,-1293.361328,-0.083560,-0.232502,142.837067,5.571305,-18.662035,1449.918213,-0.859673,-0.207797,-1311.571289,-0.758671,-0.544265,35.330921,5.605690,-18.652975,1430.733887,-0.890047,0.085957,-1335.707153,-1.446464,-0.839353,-76.334389,5.601317,-18.630028,1396.528442,-1.571808,0.720814,-647.822937,-6.000000,-1.931250,-5.039782,-1.120351,4.497647,-348.010254,-6.000000,0.000000,91.118469,-9.505680,3.332615,-1165.739136,1.114999,17.198421,1618.622070,28.045214,-49.007652,6516.359375,-4.616989,3.627539,-215.440994,8.617143,7.179737,-1290.159424,30.696825,-54.217102,5463.441895,1,1
274,2786,-0.071356,0.928677,-0.355575,0.460072,-0.014741,-0.887716,-0.008768,-0.071356,0.928677,-0.355575,0.460072,-0.014741,-0.887716,-0.008768,-0.072610,0.849993,-0.260160,0.481442,-0.073386,-0.863194,-0.133136,0.016430,0.847195,-0.386416,0.467560,-0.075918,-0.877454,-0.075497,-0.177530,0.462848,-0.328132,0.443578,0.034769,-0.894661,0.040142,-0.069394,0.450901,-0.411106,0.508201,-0.007899,-0.858468,0.068568,-0.132884,0.057946,-0.304342,0.402034,0.037941,-0.914676,0.017248,-0.040757,0.047944,-0.353571,0.585995,0.009076,-0.810167,0.012494,0.013663,1.007196,-0.297357,0.459378,0.007922,-0.887587,0.033140,-0.003385,1.189647,-0.311468,0.438900,0.064557,-0.889272,0.111329,-0.028890,1.305672,-0.328428,0.438900,0.064557,-0.889272,0.111329,-0.060771,1.450704,-0.349629,0.438900,0.064557,-0.889272,0.111329,-0.025489,1.290202,-0.326167,0.496431,0.227235,-0.836870,0.039613,-0.025489,1.290202,-0.326167,0.364607,-0.087995,-0.906461,0.194030,-0.152496,1.385815,-0.197413,0.336145,-0.124601,-0.932505,-0.043762,0.055590,1.383967,-0.484838,0.523164,0.093405,-0.835960,-0.136914,-0.254202,1.113716,-0.227666,0.400614,0.072982,-0.820854,-0.400475,0.020875,1.115420,-0.595226,0.444398,-0.339318,-0.811344,-0.170574,-0.317246,0.960312,-0.396118,0.450084,-0.020169,-0.833775,-0.319120,-0.149678,0.951973,-0.604182,0.449208,-0.260843,-0.841581,-0.148036,0.000000,0.000000,0.000000,0.114859,17.268843,1636.844238,-1.962126,-4.947090,-737.834839,-125.209785,2.223969,602.340698,9.999799,-75.767227,-8507.627930,2.838208,17.381287,1698.676392,1.111284,37.446095,2934.600830,18.118708,-93.819427,-6583.337402,4.630043,-49.907398,-1409.841919,-5.943917,23.202038,577.745483,15.790401,-64.537811,337.214661,0.026130,3.724096,-2680.145508,-3.656731,38.746452,360.253906,23.125130,-87.499237,5188.717773,2.062093,-32.470634,1210.443115,1.122249,-1.210344,-1717.111084,45.854496,29.682159,-298.309326,64.075897,-18.191528,-724.143982,-7.247966,-22.596693,-1366.738037,6.887686,14.657880,-141.886429,44.521446,33.014679,403.347015,-62.842827,-11.395645,-2828.760254,-14.924613,-13.190460,-1910.872437,3.586452,9.166336,575.712952,-0.101644,4.945405,519.690552,-0.107016,-2.345598,-211.309570,5.458715,-11.259031,740.300415,-0.808147,5.152524,536.032043,-0.778928,-2.025741,-148.147644,5.494069,-11.162138,749.083679,-0.835447,5.460024,537.406616,-1.463231,-1.676702,-83.734993,5.491341,-10.997629,763.239868,-1.575768,-0.360045,-98.259865,-5.979329,1.879215,346.405945,-1.039680,7.333713,257.824097,-5.999837,0.014825,1.347755,-9.482315,2.124093,-109.865646,1.242288,11.571754,-511.515259,27.571012,-43.109200,536.222961,-4.542679,6.755482,284.358521,8.635871,1.702569,-497.924347,30.066721,-57.282188,-278.644226,1,1
275,2796,-0.069952,0.928793,-0.355545,0.459955,-0.014857,-0.887772,-0.009044,-0.069952,0.928793,-0.355545,0.459955,-0.014857,-0.887772,-0.009044,-0.071268,0.850073,-0.260160,0.481338,-0.072312,-0.863502,-0.132094,0.017804,0.847282,-0.386394,0.467863,-0.076035,-0.877286,-0.075440,-0.174997,0.462609,-0.327825,0.443949,0.033679,-0.894611,0.038030,-0.068068,0.451012,-0.410961,0.508246,-0.008590,-0.858548,0.067138,-0.131892,0.057474,-0.305197,0.403185,0.037587,-0.914186,0.017137,-0.040503,0.047880,-0.354134,0.587762,0.008463,-0.808891,0.012582,0.015087,1.007250,-0.297274,0.459475,0.007238,-0.887609,0.031297,-0.001184,1.189841,-0.310660,0.439512,0.062751,-0.889707,0.106361,-0.025802,1.306181,-0.326752,0.439512,0.062751,-0.889707,0.106361,-0.056576,1.451606,-0.346867,0.439512,0.062751,-0.889707,0.106361,-0.022520,1.290669,-0.324607,0.496152,0.226107,-0.837571,0.034398,-0.022520,1.290669,-0.324607,0.366022,-0.090810,-0.906524,0.189724,-0.148688,1.386265,-0.194977,0.337389,-0.124441,-0.932118,-0.042893,0.059520,1.384655,-0.482603,0.520775,0.093082,-0.837480,-0.136953,-0.250198,1.114164,-0.224657,0.400628,0.073095,-0.819953,-0.402282,0.024913,1.116198,-0.593002,0.443844,-0.341013,-0.810725,-0.171572,-0.313568,0.961468,-0.393629,0.450760,-0.020781,-0.832960,-0.320250,-0.146328,0.953475,-0.602027,0.448901,-0.260642,-0.841837,-0.147862,0.000000,0.000000,0.000000,0.137057,2.466453,-1644.709961,-1.988494,-2.929793,224.144089,-125.224976,-1.687792,-434.640015,9.963736,-4.007021,7973.356934,2.862401,2.688117,-1632.574585,1.163068,5.753782,-3521.368164,17.937639,-20.118713,8188.967773,4.471866,-17.575211,3592.465332,-5.855754,9.795878,-1489.573242,15.593622,-21.864361,4741.494141,0.082831,6.300190,286.232788,-3.650030,0.744475,-4222.441895,22.690500,-48.292160,4356.341797,1.821016,-26.786341,631.588196,1.127550,0.589013,199.928543,46.043346,20.983377,-966.531372,64.209145,14.805264,3666.310303,-7.396471,-16.500526,677.351807,7.119056,25.707722,1227.760254,44.845638,36.021339,334.073364,-62.835358,0.829909,1358.394897,-15.057220,-14.734161,-171.522354,3.609445,2.554682,-734.628235,-0.125492,-2.649719,-843.902649,-0.080348,2.963074,589.852417,5.269448,-21.029684,-1085.628052,-0.834006,-2.873196,-891.746521,-0.757415,2.390391,490.681427,5.304163,-21.100681,-1104.282593,-0.860602,-2.795001,-917.225037,-1.446935,1.810670,387.485809,5.300618,-21.191439,-1132.645508,-1.482786,10.331300,1187.927246,-5.971161,0.907474,-107.971237,-1.000669,4.334556,-333.239655,-6.000000,-0.018120,-3.660568,-9.346366,15.105458,1442.373901,1.229827,-1.384576,-1439.592163,26.963251,-67.529037,-2713.315430,-4.513310,3.263156,-388.036255,8.690832,6.106801,489.359100,29.365080,-77.960121,-2297.548096,1,1
276,2807,-0.069767,0.929080,-0.357752,0.460064,-0.014876,-0.887717,-0.008848,-0.069767,0.929080,-0.357752,0.460064,-0.014876,-0.887717,-0.008848,-0.071047,0.850395,-0.262339,0.481546,-0.069115,-0.864117,-0.128993,0.017993,0.847572,-0.388593,0.470896,-0.075922,-0.875977,-0.071819,-0.171305,0.461964,-0.329060,0.444930,0.032688,-0.894293,0.034773,-0.066444,0.450898,-0.410319,0.510224,-0.010230,-0.857469,0.065678,-0.130066,0.056525,-0.308492,0.403462,0.039133,-0.913993,0.017424,-0.040487,0.047603,-0.353900,0.587409,0.008776,-0.809166,0.011119,0.015276,1.007571,-0.299531,0.459450,0.006509,-0.887668,0.030150,-0.000308,1.190265,-0.312493,0.439352,0.060551,-0.890379,0.102604,-0.024066,1.306859,-0.328033,0.439352,0.060551,-0.890379,0.102604,-0.053764,1.452600,-0.347459,0.439352,0.060551,-0.890379,0.102604,-0.020898,1.291313,-0.325961,0.495360,0.225301,-0.838420,0.030162,-0.020898,1.291313,-0.325961,0.366294,-0.093322,-0.906892,0.186192,-0.146506,1.386589,-0.195690,0.338513,-0.122750,-0.931922,-0.043151,0.061979,1.385545,-0.483431,0.519896,0.093708,-0.838076,-0.136217,-0.247189,1.114447,-0.225744,0.399513,0.071872,-0.819608,-0.404310,0.028058,1.117165,-0.593757,0.442536,-0.342616,-0.810293,-0.173787,-0.311195,0.962506,-0.395157,0.450298,-0.021614,-0.833195,-0.320236,-0.144019,0.955367,-0.603476,0.447760,-0.260879,-0.842174,-0.148985,0.000000,0.000000,0.000000,0.115854,-1.766923,-352.781342,-1.980145,0.695795,302.132355,-125.210587,1.199087,240.573166,9.592561,-30.931234,-2243.684326,3.059194,16.399443,1142.610474,1.516394,29.443880,1974.174805,17.332121,-50.459858,-2528.428711,4.348645,-10.268410,608.900085,-5.995765,-11.667609,-1788.624023,15.128845,-38.731415,-1405.587891,0.276940,16.175749,822.963196,-3.648013,0.168125,-48.029202,21.826080,-72.034996,-1978.569702,1.315643,-42.114399,-1277.338257,1.245974,9.868622,773.300720,46.456219,34.406025,1118.553955,64.115532,-7.801056,-1883.859985,-7.500028,-8.629799,655.893982,7.308417,15.780131,-827.299255,45.011021,13.781865,-1853.289551,-63.172318,-28.079987,-2409.157959,-15.146601,-7.448355,607.150513,3.862088,21.053633,1541.579224,-0.124524,0.080686,227.533798,-0.099284,-1.577951,-378.418793,5.095227,-14.518420,542.605286,-0.830960,0.253856,260.587646,-0.778693,-1.773203,-346.966217,5.130278,-14.490406,550.856262,-0.853213,0.615691,284.224335,-1.470229,-1.941184,-312.654510,5.127295,-14.443596,562.320251,-1.471992,0.899494,-785.983887,-5.999747,-2.382159,-274.136108,-0.866571,11.174788,570.019409,-6.000000,0.000000,1.509984,-9.302016,3.695806,-950.804382,1.338265,9.036521,868.424744,26.395763,-47.290646,1686.532715,-4.387384,10.493875,602.559875,8.739490,4.054785,-171.001328,28.770809,-49.522556,2369.797119,1,1
277,2814,-0.070082,0.929109,-0.357631,0.459914,-0.014939,-0.887791,-0.009132,-0.070082,0.929109,-0.357631,0.459914,-0.014939,-0.887791,-0.009132,-0.071424,0.850381,-0.262253,0.480521,-0.067690,-0.865143,-0.126670,0.017659,0.847581,-0.388479,0.470839,-0.075642,-0.876034,-0.071786,-0.169689,0.461322,-0.328041,0.444146,0.032466,-0.894683,0.034948,-0.066566,0.450868,-0.410295,0.510118,-0.009985,-0.857535,0.065681,-0.128572,0.055883,-0.307224,0.404912,0.038636,-0.913375,0.017296,-0.040444,0.047570,-0.353972,0.587602,0.008512,-0.809029,0.011133,0.014970,1.007542,-0.299347,0.459385,0.005265,-0.887789,0.027701,0.000622,1.190416,-0.311434,0.439665,0.056921,-0.891212,0.095898,-0.021672,1.307432,-0.325940,0.439665,0.056921,-0.891212,0.095898,-0.049540,1.453701,-0.344072,0.439665,0.056921,-0.891212,0.095898,-0.018700,1.291830,-0.324006,0.494488,0.222941,-0.839791,0.023029,-0.018700,1.291830,-0.324006,0.367650,-0.098401,-0.906977,0.180396,-0.143206,1.387228,-0.192768,0.339468,-0.122558,-0.931655,-0.041952,0.065968,1.386006,-0.480497,0.515522,0.092905,-0.841059,-0.134998,-0.243621,1.115000,-0.222089,0.400145,0.071287,-0.819091,-0.404836,0.032578,1.117473,-0.590241,0.440331,-0.345145,-0.810215,-0.174740,-0.308086,0.963233,-0.391484,0.450874,-0.022291,-0.832324,-0.321641,-0.140397,0.956648,-0.600174,0.445657,-0.262035,-0.842874,-0.149301,0.000000,0.000000,0.000000,0.141827,3.710441,782.480652,-2.001533,-3.055487,-535.897461,-125.230301,-2.816336,-573.631836,9.541521,-7.291385,3377.121338,3.043272,-2.274683,-2667.732178,1.527687,1.613293,-3975.798340,17.326132,-0.855582,7086.324707,4.376958,4.044805,2044.744995,-5.952057,6.244046,2558.808105,14.783594,-49.321587,-1512.881714,0.319389,6.064117,-1444.518799,-3.506789,20.174776,2858.093018,21.516058,-44.288906,3963.727051,1.370921,7.896798,7144.456543,1.244948,-0.146593,-1430.744995,46.726543,38.617817,601.684570,64.317543,28.858730,5237.112305,-7.639482,-19.922052,-1613.179077,7.441829,19.058773,468.377380,45.190304,25.611877,1690.001831,-63.176899,-0.654493,3917.927734,-15.111345,5.036490,1783.549438,3.750740,-15.906878,-5280.073242,-0.118666,0.836797,108.015862,-0.090683,1.228660,400.944489,4.812598,-40.375576,-3693.879150,-0.825177,0.826154,81.756889,-0.773777,0.702262,353.637909,4.847611,-40.381023,-3698.659668,-0.843832,1.340159,103.495461,-1.468779,0.207186,306.909973,4.844872,-40.346149,-3700.364746,-1.337396,19.228102,2618.372559,-5.995522,0.603540,426.528381,-0.776601,12.852950,239.737381,-6.000000,0.000000,0.000000,-9.100035,28.854506,3594.099854,1.312760,-3.643530,-1811.435791,25.402990,-141.824722,-13504.867188,-4.313041,10.620390,18.073627,8.837056,13.938087,1411.900269,27.759335,-144.496368,-13567.687500,1,1
278,2830,-0.069669,0.929511,-0.356697,0.459978,-0.014497,-0.887749,-0.010554,-0.069669,0.929511,-0.356697,0.459978,-0.014497,-0.887749,-0.010554,-0.071043,0.850505,-0.261550,0.480794,-0.064872,-0.865809,-0.122485,0.018026,0.848028,-0.387792,0.473035,-0.075186,-0.874957,-0.070961,-0.165675,0.460355,-0.325466,0.445513,0.030673,-0.894177,0.032017,-0.065577,0.451189,-0.408973,0.511651,-0.010409,-0.856770,0.063648,-0.126882,0.054611,-0.306198,0.405217,0.039829,-0.913213,0.015934,-0.040489,0.047647,-0.353939,0.587462,0.008701,-0.809125,0.011369,0.015430,1.007728,-0.298191,0.459310,0.004913,-0.887897,0.025479,0.001792,1.190712,-0.309548,0.439456,0.054925,-0.891835,0.092154,-0.019684,1.307950,-0.323480,0.439456,0.054925,-0.891835,0.092154,-0.046528,1.454497,-0.340895,0.439456,0.054925,-0.891835,0.092154,-0.016820,1.292318,-0.321622,0.493545,0.222428,-0.840587,0.018764,-0.016820,1.292318,-0.321622,0.368034,-0.101290,-0.907150,0.177115,-0.140581,1.387307,-0.189540,0.342620,-0.121049,-0.930694,-0.042032,0.068840,1.386411,-0.477586,0.513712,0.092317,-0.842444,-0.133660,-0.240319,1.115000,-0.218919,0.399865,0.071243,-0.818300,-0.406716,0.035838,1.117778,-0.586651,0.438923,-0.346926,-0.809714,-0.177066,-0.305121,0.963974,-0.388847,0.451403,-0.022329,-0.832239,-0.321117,-0.138033,0.957968,-0.597299,0.444451,-0.262229,-0.843264,-0.150349,0.000000,0.000000,0.000000,0.309730,10.493958,423.969818,-2.031479,-1.871601,73.992912,-125.224579,0.357628,198.372772,9.303514,-14.875412,-474.001678,3.182262,8.686900,685.098999,1.778046,15.647396,877.131409,16.986790,-21.208881,-1272.081299,4.102097,-17.178864,-1326.479370,-5.822062,8.124709,117.541435,14.084389,-43.700336,351.328125,0.291686,-1.731468,-487.224060,-3.461482,2.831712,-1083.941406,20.548721,-60.458542,-1010.602234,1.041831,-20.568110,-1779.056763,1.498945,15.874825,1001.338745,47.053665,20.445108,-1135.794312,64.432915,7.210732,-1352.999878,-7.759829,-7.521629,775.026428,7.662648,13.801188,-328.599091,45.374348,11.502743,-881.820923,-63.504765,-20.491600,-1239.819214,-15.266635,-9.705603,-921.380798,4.004282,15.846372,1984.578125,-0.080858,2.363017,95.388741,-0.108931,-1.140502,-148.072662,4.689128,-7.716835,2041.171265,-0.785658,2.469920,102.735329,-0.790461,-1.042757,-109.063690,4.724923,-7.668018,2044.562866,-0.801279,2.659589,82.464363,-1.483633,-0.928409,-70.974693,4.723531,-7.583827,2047.645142,-1.255851,5.096532,-883.223083,-5.991242,0.267535,-21.000259,-0.629982,9.163681,-230.579315,-5.989129,0.679463,42.466446,-8.982841,7.324636,-1345.616821,1.370224,3.591455,452.186584,24.808249,-37.171364,6540.834961,-4.167518,9.095222,-95.323029,8.752598,-5.278647,-1201.045898,27.129530,-39.362789,6570.848633,1,1
279,2853,-0.070908,0.929613,-0.359633,0.460291,-0.014469,-0.887594,-0.010019,-0.070908,0.929613,-0.359633,0.460291,-0.014469,-0.887594,-0.010019,-0.072171,0.850693,-0.264413,0.480625,-0.064603,-0.865928,-0.122449,0.016809,0.848149,-0.390717,0.474803,-0.074879,-0.874276,-0.067799,-0.166587,0.460509,-0.328428,0.445328,0.030806,-0.894268,0.031914,-0.065379,0.450935,-0.409604,0.512815,-0.011044,-0.856023,0.064215,-0.127739,0.054765,-0.309275,0.404908,0.039911,-0.913353,0.015583,-0.040412,0.047470,-0.353953,0.587597,0.008330,-0.809039,0.010793,0.014190,1.007930,-0.301259,0.459472,0.004316,-0.887813,0.025597,0.000880,1.190935,-0.312741,0.439458,0.053061,-0.892013,0.091509,-0.020131,1.308250,-0.326735,0.439458,0.053061,-0.892013,0.091509,-0.046394,1.454893,-0.344227,0.439458,0.053061,-0.892013,0.091509,-0.017329,1.292608,-0.324869,0.493527,0.221697,-0.840817,0.017590,-0.017329,1.292608,-0.324869,0.368130,-0.103470,-0.906941,0.176728,-0.140456,1.387529,-0.192355,0.346053,-0.120827,-0.929404,-0.043089,0.069278,1.386271,-0.480556,0.509807,0.091876,-0.844998,-0.132794,-0.240393,1.115462,-0.222010,0.399418,0.070868,-0.817003,-0.409815,0.036781,1.117559,-0.589255,0.437984,-0.347418,-0.809709,-0.178442,-0.305866,0.965653,-0.392756,0.451863,-0.023074,-0.831257,-0.322955,-0.137438,0.958170,-0.600486,0.443671,-0.262767,-0.843376,-0.151084,0.000000,0.000000,0.000000,0.256062,-2.439472,-587.883240,-2.000530,1.406767,149.016724,-125.183510,1.866774,68.597557,9.012719,-13.217969,75.338318,3.299996,5.351554,-151.606628,1.952689,7.938342,-350.411560,16.676832,-14.088978,323.631958,4.190288,4.008705,963.071289,-5.917644,-4.344658,-566.789490,14.123322,1.769673,2066.818604,0.355382,2.895270,210.306290,-3.409898,2.344738,-22.135181,20.527966,-0.943444,2705.231689,1.068679,1.220383,990.385986,1.504247,0.241009,-710.627991,47.127232,3.343929,-777.326355,64.800690,16.717043,432.105072,-7.728753,1.412522,406.097748,7.725170,2.841928,-498.148163,45.601933,10.344766,-52.635319,-63.740185,-10.700919,445.030945,-15.405467,-6.310550,154.320587,4.113823,4.979155,-493.964355,-0.038602,1.920730,-20.103937,-0.130886,-0.997938,6.480201,4.613623,-3.432079,194.761627,-0.741609,2.002253,-21.257586,-0.809972,-0.886833,7.087456,4.650311,-3.391439,194.389954,-0.754740,2.115385,-24.736544,-1.500467,-0.765167,7.420131,4.650397,-3.324270,193.616211,-1.218557,1.695189,-154.606537,-5.988883,0.107245,-7.285929,-0.496983,6.045416,-141.739319,-6.000000,-0.494155,-53.346279,-8.919496,2.879316,-202.060013,1.180344,-8.630920,-555.562561,24.526773,-12.794321,1108.047363,-4.027584,6.360640,-124.299187,8.601079,-6.887219,-73.116936,27.010174,-5.425280,1542.614014,1,1
280,2860,-0.067898,0.930767,-0.359196,0.459876,-0.014417,-0.887805,-0.010458,-0.067898,0.930767,-0.359196,0.459876,-0.014417,-0.887805,-0.010458,-0.069276,0.851770,-0.264042,0.477981,-0.061972,-0.868075,-0.118912,0.019822,0.849301,-0.390263,0.476406,-0.074955,-0.873546,-0.065846,-0.160232,0.460664,-0.326882,0.443417,0.029557,-0.895310,0.030463,-0.061606,0.451952,-0.407560,0.513093,-0.013805,-0.856149,0.059616,-0.122875,0.054756,-0.308241,0.405297,0.039693,-0.913187,0.015733,-0.040471,0.047991,-0.353951,0.587536,0.008682,-0.809074,0.011236,0.017169,1.009010,-0.300679,0.458869,0.003402,-0.888205,0.022769,0.005043,1.192182,-0.311056,0.438583,0.050132,-0.893352,0.083983,-0.014546,1.309886,-0.323785,0.438583,0.050132,-0.893352,0.083983,-0.039031,1.457016,-0.339697,0.438583,0.050132,-0.893352,0.083983,-0.011934,1.294192,-0.322088,0.491296,0.220667,-0.842521,0.009693,-0.011934,1.294192,-0.322088,0.368755,-0.107531,-0.907578,0.169584,-0.133761,1.388607,-0.188116,0.351405,-0.119798,-0.927556,-0.042446,0.075942,1.388318,-0.476801,0.509642,0.091726,-0.845149,-0.132568,-0.233246,1.116556,-0.217083,0.399966,0.069537,-0.815305,-0.412880,0.043446,1.119530,-0.585349,0.438169,-0.347168,-0.809817,-0.177987,-0.299953,0.967906,-0.388364,0.452543,-0.021785,-0.830661,-0.323623,-0.130628,0.959971,-0.596436,0.443548,-0.262662,-0.843392,-0.151536,0.000000,0.000000,0.000000,0.304405,6.042950,1060.302734,-2.018300,-2.221286,-453.506683,-125.237740,-6.778717,-1080.686279,8.762915,-31.225563,-2250.949463,3.462260,20.283043,1866.436035,2.195154,30.308128,2796.223145,15.873238,-100.449326,-10795.043945,3.501191,-86.137085,-11268.223633,-5.811448,13.274550,2202.401123,13.582421,-67.612526,-8672.775391,0.462197,13.351962,1307.086426,-3.080470,41.178436,4854.212402,19.810207,-89.719772,-11097.041016,0.863435,-25.655531,-3359.489258,1.559190,6.867841,828.354004,47.064373,-7.857323,-1400.156494,64.865196,8.063316,-1081.715820,-7.763007,-4.281759,-711.785156,7.619454,-13.214469,-2007.049561,45.971058,46.140671,4474.488281,-64.109749,-46.195507,-4436.823242,-15.289794,14.459133,2596.210449,4.502282,48.557343,5447.273438,-0.069652,-3.881269,-725.249939,-0.154563,-2.959646,-245.213531,4.319337,-36.785721,-4169.205078,-0.770785,-3.647067,-706.164978,-0.840358,-3.798291,-363.932251,4.356183,-36.765991,-4171.819336,-0.777977,-2.904572,-627.494568,-1.537244,-4.597157,-478.998871,4.356388,-36.751091,-4178.353027,-1.152036,8.315071,827.485352,-5.959988,3.611803,438.069763,-0.341362,19.452620,1675.900513,-5.997412,0.323534,102.211136,-8.812055,13.430119,1318.850220,1.456112,34.471081,5387.750000,23.643599,-110.396866,-12200.318359,-3.879225,18.544823,1523.022949,8.387001,-26.759743,-2484.065430,25.857742,-144.053940,-17328.582031,1,1
281,2936,-0.070059,0.930779,-0.360286,0.459927,-0.014268,-0.887783,-0.010218,-0.070059,0.930779,-0.360286,0.459927,-0.014268,-0.887783,-0.010218,-0.071388,0.851809,-0.265109,0.476430,-0.060868,-0.869225,-0.117288,0.017697,0.849347,-0.391340,0.477248,-0.073785,-0.873390,-0.063092,-0.160801,0.460304,-0.327389,0.442323,0.028569,-0.895918,0.029422,-0.061830,0.451584,-0.407062,0.513211,-0.013767,-0.856065,0.059808,-0.124570,0.054278,-0.309097,0.405172,0.039413,-0.913253,0.015859,-0.040580,0.047645,-0.353340,0.585559,0.007688,-0.810529,0.010252,0.014977,1.009080,-0.301801,0.459347,0.003208,-0.887987,0.021641,0.003283,1.192321,-0.311605,0.439948,0.049303,-0.893088,0.080056,-0.015738,1.310199,-0.323558,0.439948,0.049303,-0.893088,0.080056,-0.039513,1.457547,-0.338500,0.439948,0.049303,-0.893088,0.080056,-0.013201,1.294482,-0.321965,0.491893,0.220025,-0.842377,0.005540,-0.013201,1.294482,-0.321965,0.370452,-0.108856,-0.907339,0.166291,-0.134044,1.388821,-0.186986,0.354085,-0.120283,-0.926497,-0.041954,0.074907,1.388900,-0.476336,0.509625,0.091520,-0.845104,-0.133062,-0.233771,1.116933,-0.215338,0.399533,0.068528,-0.814665,-0.414728,0.042173,1.120183,-0.585063,0.437993,-0.347297,-0.809839,-0.178068,-0.301134,0.968990,-0.386973,0.452544,-0.021795,-0.830745,-0.323405,-0.131949,0.960680,-0.596187,0.443515,-0.262720,-0.843450,-0.151208,0.000000,0.000000,0.000000,0.287680,-0.223004,-83.546051,-1.990372,0.372376,34.582172,-125.231010,0.089722,91.579178,8.448187,-4.196371,360.389221,3.491097,0.384483,-265.314117,2.287726,1.234296,-387.651093,15.553350,-4.265162,1282.455566,3.671515,2.270975,1178.774048,-5.773701,0.503292,-170.283447,13.391008,-2.552172,867.471436,0.523046,0.811313,-167.208664,-2.858201,2.963597,-509.531189,19.425640,-5.127563,1127.896118,0.713915,-1.993600,315.492401,1.590382,0.415894,-86.025955,47.033020,-0.418040,99.190437,64.827888,-0.497437,-114.143372,-7.748995,0.186825,59.581120,7.666383,0.625712,184.535751,46.222923,3.358205,-570.432922,-64.286240,-2.353210,584.563965,-15.317475,-0.369085,-197.709564,4.782071,3.730520,-597.690979,-0.103346,-0.449250,45.760254,-0.097763,0.757324,49.559608,4.162403,-2.092457,462.576874,-0.808414,-0.501716,41.938004,-0.788322,0.693811,59.894695,4.198059,-2.108326,462.102173,-0.817316,-0.524527,31.733923,-1.490185,0.627449,69.661423,4.196669,-2.129587,461.620056,-1.095037,0.759999,-100.734299,-5.999654,-0.528882,-55.209141,-0.340507,0.011402,-259.216217,-6.000000,-0.034510,-4.773924,-8.733185,1.051598,-165.046936,1.498966,0.571384,-451.995941,23.263367,-5.069758,1404.361450,-3.886161,-0.092481,-248.497391,8.357320,-0.395749,351.519897,25.391966,-6.210352,1837.914429,1,1
282,2944,-0.073038,0.934078,-0.362556,0.459976,-0.014148,-0.887733,-0.012342,-0.073038,0.934078,-0.362556,0.459976,-0.014148,-0.887733,-0.012342,-0.074497,0.854741,-0.267686,0.475420,-0.054272,-0.871236,-0.109445,0.014575,0.852614,-0.393932,0.482071,-0.069501,-0.871712,-0.053803,-0.156061,0.461283,-0.327053,0.443232,0.026829,-0.895668,0.024587,-0.058198,0.453591,-0.404295,0.514234,-0.015781,-0.855776,0.054422,-0.122816,0.054880,-0.311699,0.405828,0.040640,-0.912956,0.012752,-0.040543,0.049101,-0.353494,0.585932,0.007476,-0.810255,0.010676,0.012138,1.012003,-0.303773,0.458623,-0.000637,-0.888537,0.012919,0.004533,1.195641,-0.310565,0.438246,0.037152,-0.896178,0.058527,-0.009613,1.314488,-0.319245,0.438246,0.037152,-0.896178,0.058527,-0.027296,1.463046,-0.330096,0.438246,0.037152,-0.896178,0.058527,-0.007727,1.298641,-0.318088,0.486226,0.213241,-0.847238,-0.017347,-0.007727,1.298641,-0.318088,0.372446,-0.128272,-0.907073,0.148490,-0.124704,1.392461,-0.179608,0.364638,-0.118184,-0.922853,-0.037604,0.088158,1.390822,-0.468591,0.486413,0.085636,-0.861218,-0.119882,-0.222698,1.120603,-0.205204,0.395469,0.065926,-0.812258,-0.423669,0.059308,1.120458,-0.570591,0.426693,-0.354303,-0.809899,-0.190961,-0.291942,0.976244,-0.379127,0.451594,-0.024647,-0.830166,-0.326005,-0.118654,0.965738,-0.587165,0.434334,-0.264056,-0.847211,-0.154472,0.000000,0.000000,0.000000,0.510192,24.723589,2771.843506,-2.090205,-11.092570,-1273.882935,-125.227737,0.363668,30.438459,7.040483,-156.411484,-16912.791016,3.687165,21.785418,2377.881592,2.861901,63.797207,6951.434570,13.731092,-202.473114,-22023.105469,2.975929,-77.287254,-8839.802734,-5.493113,31.176409,3408.124023,12.032997,-150.890137,-16481.996094,0.716323,21.475302,2295.999023,-2.631176,25.224924,2473.480957,17.703001,-191.404343,-20697.419922,0.369999,-38.212936,-4024.370605,1.846319,28.437416,3113.502686,48.363789,147.863174,16475.691406,66.981636,239.305283,26644.746094,-7.969841,-24.538357,-2747.242432,8.956579,143.355164,15858.828125,47.728855,167.325760,18218.617188,-65.334007,-116.418617,-12673.933594,-15.784216,-51.860065,-5721.220215,5.485320,78.138718,8267.577148,-0.051855,5.721207,685.606384,-0.200487,-11.413741,-1352.340576,3.281325,-97.897530,-10645.007812,-0.744376,7.115265,846.331238,-0.895097,-11.863848,-1395.295410,3.319736,-97.591454,-10609.236328,-0.730123,9.688099,1134.736206,-1.599131,-12.105068,-1414.724121,3.322773,-97.099541,-10552.216797,-0.339017,84.002220,9249.135742,-5.925043,8.290133,979.890503,0.100817,49.035912,5447.167480,-6.000000,0.000000,3.834477,-7.751008,109.130753,12008.794922,1.048632,-50.037064,-5623.161133,19.161386,-455.775543,-50078.421875,-3.531824,39.370747,4384.802734,8.070145,-31.908352,-3501.400146,21.823040,-396.547302,-43370.769531,1,1
283,2953,-0.073232,0.933884,-0.363549,0.459686,-0.013733,-0.887895,-0.011938,-0.073232,0.933884,-0.363549,0.459686,-0.013733,-0.887895,-0.011938,-0.074666,0.854578,-0.268652,0.474281,-0.052112,-0.872218,-0.107601,0.014492,0.852506,-0.394839,0.481731,-0.069584,-0.871942,-0.053017,-0.153888,0.460636,-0.327646,0.442502,0.026816,-0.896061,0.023380,-0.058023,0.453428,-0.404641,0.513799,-0.016161,-0.856011,0.054723,-0.121105,0.054165,-0.313137,0.405582,0.038771,-0.913147,0.012773,-0.040535,0.048979,-0.353462,0.585884,0.007475,-0.810293,0.010436,0.011819,1.011923,-0.304737,0.458487,-0.000212,-0.888611,0.012644,0.004183,1.195573,-0.311238,0.438396,0.037599,-0.896193,0.056853,-0.009886,1.314458,-0.319510,0.438396,0.037599,-0.896193,0.056853,-0.027472,1.463065,-0.329851,0.438396,0.037599,-0.896193,0.056853,-0.008010,1.298607,-0.318407,0.486055,0.213487,-0.847242,-0.018867,-0.008010,1.298607,-0.318407,0.372295,-0.128290,-0.907346,0.147179,-0.124853,1.392256,-0.179630,0.364786,-0.118445,-0.922743,-0.038049,0.088177,1.390975,-0.468539,0.485163,0.085951,-0.861971,-0.119308,-0.223062,1.120506,-0.205405,0.394930,0.066441,-0.811973,-0.424636,0.059752,1.120603,-0.570361,0.426763,-0.355651,-0.809223,-0.191167,-0.292190,0.976570,-0.379725,0.451565,-0.024280,-0.830348,-0.325610,-0.118662,0.966376,-0.586668,0.434487,-0.264312,-0.847085,-0.154294,0.000000,0.000000,0.000000,0.491542,-2.072251,-2977.315674,-2.026506,7.077721,2018.921265,-125.265205,-4.163106,-502.974945,7.025883,-1.622306,17198.798828,3.757361,7.799546,-1553.985718,2.848691,-1.467811,-7251.668457,13.668234,-6.984287,21720.980469,3.011165,3.915098,9022.483398,-5.567870,-8.306344,-4386.972656,11.795630,-26.374075,13835.118164,0.836587,13.362659,-901.404663,-2.508305,13.652325,-1285.844360,17.280756,-46.916115,16054.246094,0.349577,-2.269129,3993.756104,1.600969,-27.261045,-6188.718262,48.591892,25.344849,-13613.147461,67.044968,7.036845,-25807.603516,-8.072435,-11.399427,1459.881104,9.062123,11.727121,-14625.336914,47.818584,9.969923,-17483.980469,-65.305664,3.149245,13285.318359,-15.888232,-11.557367,4478.077148,5.627500,15.797773,-6926.771484,-0.088536,-4.075641,-1088.538696,-0.177510,2.553026,1551.863037,3.212994,-7.592307,10033.913086,-0.782037,-4.184511,-1255.530762,-0.875132,2.218286,1564.681519,3.250538,-7.688628,9989.203125,-0.767765,-4.182425,-1541.169312,-1.582199,1.881281,1554.038818,3.252309,-7.829322,9918.913086,-0.278266,6.750110,-8583.568359,-5.993692,-7.627646,-1768.642090,0.064596,-4.024562,-5895.607910,-6.000000,0.000000,0.000000,-7.680872,7.792843,-11259.767578,1.033735,-1.655247,5375.757324,18.962301,-22.120583,48183.886719,-3.570862,-4.337523,-4856.474121,8.075541,0.599649,3612.000000,21.738468,-9.396871,43016.710938,1,1
284,2968,-0.074854,0.934419,-0.364251,0.460010,-0.014141,-0.887720,-0.011973,-0.074854,0.934419,-0.364251,0.460010,-0.014141,-0.887720,-0.011973,-0.076278,0.855143,-0.269330,0.474119,-0.052142,-0.872432,-0.106555,0.012785,0.852966,-0.395582,0.482883,-0.068577,-0.871491,-0.051226,-0.155089,0.461038,-0.327572,0.442811,0.025549,-0.895967,0.022538,-0.058310,0.453635,-0.404415,0.514409,-0.015880,-0.855649,0.054732,-0.123527,0.054464,-0.313233,0.405938,0.040518,-0.912913,0.012741,-0.040582,0.049180,-0.353363,0.585620,0.007736,-0.810483,0.010346,0.010300,1.012412,-0.305526,0.458709,-0.001293,-0.888504,0.012065,0.003288,1.196093,-0.311983,0.438507,0.035155,-0.896339,0.055255,-0.010089,1.315064,-0.320169,0.438507,0.035155,-0.896339,0.055255,-0.026812,1.463777,-0.330403,0.438507,0.035155,-0.896339,0.055255,-0.008306,1.299201,-0.319078,0.485855,0.211793,-0.847735,-0.020838,-0.008306,1.299201,-0.319078,0.372796,-0.130482,-0.907084,0.145588,-0.124734,1.393068,-0.180169,0.364651,-0.118386,-0.922822,-0.037611,0.088489,1.391401,-0.469007,0.483912,0.085442,-0.862561,-0.120491,-0.222801,1.121290,-0.205766,0.394369,0.066531,-0.812196,-0.424716,0.059640,1.121245,-0.571325,0.426036,-0.356061,-0.809138,-0.192378,-0.291788,0.977398,-0.380178,0.451155,-0.024984,-0.830258,-0.326354,-0.119058,0.967400,-0.588128,0.434053,-0.263814,-0.847483,-0.154184,0.000000,0.000000,0.000000,0.472919,-1.330195,53.004040,-2.070063,-3.111226,-727.781860,-125.222801,3.028870,513.712585,6.761779,-18.864531,-1231.587524,3.708837,-3.466027,-804.683777,2.959512,7.915786,670.256958,13.448291,-15.710218,-623.280823,3.019979,0.629595,-234.678757,-5.568114,-0.017439,592.064636,11.663383,-9.446280,1209.128174,0.832519,-0.290568,-975.230530,-2.439667,4.902755,-624.969299,17.021662,-18.506731,2029.241577,0.104523,-17.503805,-1088.191162,1.886575,20.400379,3404.387207,48.568890,-1.643045,-1927.706787,67.056137,0.797817,-445.644836,-8.109430,-2.642495,625.495178,9.250403,13.448579,122.961250,47.887196,4.900796,-362.080505,-65.341438,-2.555302,-407.467621,-15.933617,-3.241743,593.973145,5.520527,-7.640872,-1674.189087,-0.048136,2.885645,497.234772,-0.193805,-1.163947,-265.498077,3.122018,-6.498286,78.144386,-0.740451,2.970415,511.066132,-0.890285,-1.082310,-235.756836,3.160458,-6.434253,89.598213,-0.723958,3.129074,522.249878,-1.596016,-0.986908,-204.870682,3.163703,-6.329009,107.165230,-0.320089,-2.987417,-695.537659,-5.991111,0.184366,558.000854,0.140093,5.392677,672.659973,-6.000000,0.000000,0.000000,-7.714355,-2.391611,-727.460999,0.982878,-3.632665,-141.244110,18.813597,-10.621752,821.345093,-3.509259,4.400219,624.124390,8.137700,4.439899,274.303558,21.405939,-23.752075,-1025.371704,1,1
285,2973,-0.074680,0.934466,-0.364467,0.459781,-0.013919,-0.887839,-0.012221,-0.074680,0.934466,-0.364467,0.459781,-0.013919,-0.887839,-0.012221,-0.076141,0.855129,-0.269597,0.473912,-0.050442,-0.872807,-0.105219,0.012988,0.853047,-0.395803,0.482833,-0.068724,-0.871504,-0.051285,-0.153210,0.460667,-0.327566,0.442774,0.026112,-0.895980,0.022117,-0.058234,0.453737,-0.404624,0.514400,-0.015983,-0.855650,0.054771,-0.121389,0.054096,-0.313736,0.407208,0.039949,-0.912368,0.013020,-0.040562,0.049288,-0.353502,0.585953,0.007659,-0.810237,0.010817,0.010429,1.012436,-0.305647,0.458538,-0.000833,-0.888602,0.011378,0.003382,1.196130,-0.311698,0.438392,0.036068,-0.896456,0.053648,-0.010022,1.315127,-0.319445,0.438392,0.036068,-0.896456,0.053648,-0.026778,1.463873,-0.329129,0.438392,0.036068,-0.896456,0.053648,-0.008235,1.299261,-0.318412,0.485415,0.212596,-0.847750,-0.022260,-0.008235,1.299261,-0.318412,0.372825,-0.130229,-0.907322,0.144250,-0.124638,1.392800,-0.179179,0.365230,-0.117497,-0.922760,-0.036280,0.088775,1.391720,-0.467972,0.482744,0.086177,-0.863311,-0.119270,-0.221978,1.120935,-0.204184,0.393840,0.065386,-0.811694,-0.426342,0.060741,1.121447,-0.569930,0.426095,-0.356165,-0.809037,-0.192480,-0.291598,0.977678,-0.378867,0.451002,-0.025259,-0.830320,-0.326386,-0.118007,0.967659,-0.586730,0.434087,-0.264188,-0.847296,-0.154476,0.000000,0.000000,0.000000,0.510329,6.234953,1260.858032,-2.060391,1.611908,787.189026,-125.253052,-5.041758,-1345.104614,6.760312,-0.244538,3103.332275,3.759841,8.500615,1994.440430,2.977023,2.918442,-832.890686,13.461002,2.118587,2971.467773,2.973203,-7.796009,-1404.267456,-5.544094,4.003445,670.147278,11.425296,-39.681118,-5039.139160,0.903106,11.764447,2009.169312,-2.429119,1.757900,-524.142517,16.786293,-39.228123,-3453.565430,0.098074,-1.074957,2738.141357,1.740488,-24.347784,-7458.026855,48.723103,25.702158,4557.533691,67.178474,20.389557,3265.290039,-8.089561,3.311475,992.328369,9.217238,-5.527496,-3162.678955,48.216743,54.924648,8337.308594,-65.469284,-21.307627,-3125.387451,-15.945785,-2.027988,202.292480,5.745971,37.573975,7535.808105,-0.095917,-7.963417,-1808.176880,-0.183457,1.724762,481.451508,3.089965,-5.342165,192.686722,-0.788621,-8.028219,-1833.105835,-0.882983,1.216928,383.206299,3.127545,-5.485535,158.119766,-0.771955,-7.999420,-1854.749023,-1.591791,0.704269,281.862793,3.129391,-5.718668,101.723351,-0.247581,12.084659,2512.012451,-6.000000,-1.481533,-277.649780,0.115051,-4.173623,-1594.383301,-5.997350,0.441631,73.605110,-7.629853,14.083703,2745.885498,0.971732,-1.857599,295.844391,18.532175,-46.903610,-6046.976562,-3.542852,-5.598863,-1666.513794,8.124128,-2.261956,-1116.975952,21.096476,-51.577251,-4637.529297,1,1
286,2979,-0.075515,0.934743,-0.364346,0.460084,-0.014113,-0.887682,-0.012006,-0.075515,0.934743,-0.364346,0.460084,-0.014113,-0.887682,-0.012006,-0.076922,0.855459,-0.269431,0.473843,-0.050112,-0.873006,-0.104026,0.012120,0.853294,-0.395698,0.484045,-0.067949,-0.870956,-0.050200,-0.153276,0.460783,-0.326678,0.443128,0.025222,-0.895848,0.021398,-0.058120,0.453821,-0.403952,0.515114,-0.015879,-0.855263,0.054127,-0.122356,0.054134,-0.313064,0.407029,0.040311,-0.912437,0.012701,-0.040599,0.049302,-0.353340,0.585459,0.007558,-0.810598,0.010540,0.009647,1.012733,-0.305628,0.458775,-0.001975,-0.888483,0.010955,0.003276,1.196456,-0.311704,0.438629,0.033030,-0.896553,0.052029,-0.009308,1.315545,-0.319422,0.438629,0.033030,-0.896553,0.052029,-0.025039,1.464405,-0.329070,0.438629,0.033030,-0.896553,0.052029,-0.007631,1.299666,-0.318393,0.485272,0.210435,-0.848313,-0.024374,-0.007631,1.299666,-0.318393,0.373474,-0.132877,-0.906927,0.142631,-0.123538,1.393517,-0.179055,0.364932,-0.117722,-0.922848,-0.036294,0.090022,1.391921,-0.467810,0.481705,0.086788,-0.863965,-0.118291,-0.220973,1.121714,-0.204062,0.393283,0.065313,-0.811755,-0.426751,0.062707,1.121572,-0.569533,0.425254,-0.356111,-0.809345,-0.193143,-0.290579,0.978630,-0.378893,0.450614,-0.025681,-0.830298,-0.326944,-0.116093,0.967894,-0.586774,0.433395,-0.266012,-0.846925,-0.155319,0.000000,0.000000,0.000000,0.477487,-6.568426,-2560.675781,-2.069040,-1.729774,-668.336548,-125.213348,7.940674,2596.486328,6.617082,-28.645992,-5680.291016,3.709588,-10.050488,-3710.220215,3.100002,24.595881,4335.487793,13.248951,-42.410278,-8905.773438,2.943535,-5.933619,372.478088,-5.486518,11.515141,1502.339111,11.296252,-25.808716,2774.480469,0.917960,2.970719,-1758.745483,-2.374725,10.878897,1824.199219,16.526928,-51.873016,-2528.978760,-0.011722,-21.959208,-4176.850098,1.856328,23.168087,9503.173828,48.863998,28.179169,495.402161,67.204285,5.162048,-3045.501709,-7.897425,38.427258,7023.157227,9.093598,-24.728012,-3840.103027,48.274548,11.560822,-8672.765625,-65.468651,0.126648,4286.854980,-15.976204,-6.083870,-811.176331,5.718839,-5.426502,-8600.095703,-0.032379,12.707624,4134.208008,-0.195058,-2.320319,-809.016296,2.974978,-22.997379,-3531.042969,-0.724141,12.895906,4184.825195,-0.892696,-1.942611,-631.907776,3.013708,-22.767353,-3456.363770,-0.705242,13.342535,4268.391113,-1.599397,-1.521301,-445.114014,3.017565,-22.365332,-3329.332764,-0.304702,-11.424196,-4701.770508,-5.998077,0.384521,373.210907,0.206125,18.214758,4477.676270,-5.989704,1.529312,217.536285,-7.669069,-7.843304,-4385.401367,0.962956,-1.755273,20.465040,18.077272,-90.980530,-8815.383789,-3.465545,15.461493,4212.071289,8.200093,15.192986,3490.988770,20.792730,-60.749054,-1834.360596,1,1
287,2985,-0.076375,0.934945,-0.365209,0.461160,-0.013243,-0.887125,-0.012851,-0.076375,0.934945,-0.365209,0.461160,-0.013243,-0.887125,-0.012851,-0.077494,0.855438,-0.270477,0.473836,-0.048738,-0.873234,-0.102790,0.011249,0.853638,-0.396960,0.485185,-0.067079,-0.870488,-0.048432,-0.152388,0.460457,-0.327375,0.443314,0.025588,-0.895755,0.021015,-0.057664,0.453946,-0.404211,0.515627,-0.015961,-0.854984,0.053642,-0.121335,0.053805,-0.314181,0.407088,0.040188,-0.912409,0.013225,-0.040370,0.049377,-0.353914,0.587240,0.007141,-0.809308,0.010862,0.008866,1.012864,-0.306510,0.459438,-0.001295,-0.888158,0.009511,0.002609,1.196615,-0.311909,0.438461,0.033229,-0.896775,0.049412,-0.009743,1.315764,-0.319047,0.438461,0.033229,-0.896775,0.049412,-0.025182,1.464700,-0.327969,0.438461,0.033229,-0.896775,0.049412,-0.008096,1.299878,-0.318095,0.484685,0.210705,-0.848507,-0.026826,-0.008096,1.299878,-0.318095,0.373714,-0.133413,-0.907109,0.140326,-0.123727,1.393456,-0.178264,0.366138,-0.117150,-0.922496,-0.034930,0.089794,1.392317,-0.467168,0.481831,0.086505,-0.863962,-0.118007,-0.220617,1.121579,-0.202546,0.392992,0.065103,-0.811030,-0.428426,0.062383,1.121899,-0.568649,0.425169,-0.358074,-0.808768,-0.192119,-0.290568,0.979184,-0.377801,0.450886,-0.025601,-0.830119,-0.327030,-0.116870,0.968661,-0.585074,0.432819,-0.265771,-0.847314,-0.155217,0.000000,0.000000,0.000000,0.606923,18.490788,3579.887451,-2.025789,6.178753,1129.789673,-125.076599,19.535610,1656.419556,6.356022,-37.294250,-1235.465454,3.832320,17.533098,3940.512207,3.090724,-1.325471,-3703.050293,12.970103,-39.835384,367.842010,2.877532,-9.429011,-499.341827,-5.409197,11.045796,-67.049164,11.056578,-34.239223,-1204.358276,0.896878,-3.011720,-854.634277,-2.203759,24.423737,1934.977173,16.311754,-30.739103,3019.130371,-0.079421,-9.671174,1755.433350,1.763018,-13.329982,-5214.010254,49.030136,23.733957,-635.030212,67.088882,-16.486032,-3092.582764,-8.202662,-43.605328,-11718.940430,9.112392,2.684866,3916.125488,48.635532,51.569256,5715.490723,-65.529190,-8.648463,-1253.587280,-16.054335,-11.161531,-725.380249,5.904583,26.534830,4565.904785,-0.043218,-1.548466,-2036.584229,-0.245035,-7.139565,-688.463745,2.903984,-10.142088,1836.470093,-0.732022,-1.125830,-2003.105225,-0.944098,-7.343182,-771.510132,2.943164,-10.077818,1812.790771,-0.709200,-0.565444,-1986.854248,-1.651994,-7.513779,-856.068237,2.947502,-10.008948,1765.197632,-0.231357,10.477935,3128.875732,-5.998598,-0.074387,-65.558296,0.192931,-1.884871,-2871.375488,-6.000000,-1.470906,-428.602631,-7.589576,11.356217,2742.788574,1.048723,12.252390,2001.094849,17.816168,-37.300655,7668.553711,-3.489541,-3.428051,-2698.506104,8.163507,-5.226544,-2917.075684,20.356766,-62.280659,-218.800674,1,1
288,2993,-0.077135,0.935341,-0.366311,0.461224,-0.013423,-0.887111,-0.011239,-0.077135,0.935341,-0.366311,0.461224,-0.013423,-0.887111,-0.011239,-0.078145,0.856119,-0.271340,0.473562,-0.047735,-0.873556,-0.101787,0.010578,0.854041,-0.397832,0.485973,-0.066735,-0.870145,-0.047156,-0.151896,0.460922,-0.327912,0.443619,0.024666,-0.895673,0.019082,-0.057579,0.454223,-0.404252,0.516059,-0.016173,-0.854723,0.053577,-0.122206,0.054134,-0.315807,0.407246,0.040356,-0.912336,0.012886,-0.040431,0.049652,-0.353922,0.587596,0.008694,-0.809038,0.010635,0.008024,1.013536,-0.307864,0.459105,-0.001673,-0.888320,0.010382,0.001856,1.197287,-0.313500,0.437344,0.032404,-0.897382,0.048848,-0.010250,1.316462,-0.320620,0.437344,0.032404,-0.897382,0.048848,-0.025383,1.465431,-0.329519,0.437344,0.032404,-0.897382,0.048848,-0.008636,1.300572,-0.319670,0.483499,0.210412,-0.849239,-0.027360,-0.008636,1.300572,-0.319670,0.372658,-0.134636,-0.907452,0.139748,-0.124370,1.394128,-0.179943,0.366193,-0.116273,-0.922640,-0.033437,0.089846,1.392771,-0.468496,0.480682,0.086617,-0.864912,-0.115627,-0.220502,1.122033,-0.203617,0.393056,0.065090,-0.811030,-0.428370,0.063315,1.122081,-0.568920,0.424532,-0.358203,-0.808739,-0.193400,-0.290461,0.979613,-0.378848,0.450985,-0.025835,-0.830014,-0.327141,-0.116147,0.969149,-0.585913,0.432613,-0.266118,-0.847306,-0.155243,0.000000,0.000000,0.000000,0.433315,-21.700960,-5023.968750,-1.958901,8.361042,272.786072,-125.066040,1.319885,-2276.965576,6.356910,0.110924,4675.646973,3.764219,-8.512587,-3255.710693,3.197615,13.361364,1835.854370,12.805711,-20.549059,2410.790771,2.798897,-9.829462,-50.056339,-5.584812,-21.951794,-4124.698730,11.056279,-0.037313,4275.238770,1.056295,19.927151,2867.358887,-2.177795,3.245503,-2647.279297,15.914592,-49.645306,-2363.275391,-0.301430,-27.751230,-2260.006836,1.812471,6.181508,2438.936279,49.259453,28.664589,616.328979,67.284302,24.427414,5114.180664,-8.114758,10.987997,6824.165527,9.235389,15.374541,1586.209473,48.796204,20.083904,-3935.668945,-65.571373,-5.272865,421.949738,-16.068508,-1.771688,1173.730347,5.872604,-3.997266,-3816.512207,-0.063657,-2.554882,-125.802055,-0.296001,-6.370688,96.109688,2.817643,-10.792583,-81.311943,-0.749486,-2.183020,-132.148819,-0.997116,-6.627224,89.494644,2.857217,-10.743320,-83.187820,-0.722509,-1.663588,-137.268036,-1.706827,-6.854236,82.442818,2.861880,-10.702759,-86.726311,-0.196951,4.300730,-772.150574,-5.999910,-0.164032,-11.205673,0.241248,6.039687,990.569763,-6.000000,0.000000,183.863297,-7.544688,5.611002,-718.151855,1.100785,6.507754,-718.079468,17.484102,-41.508198,-525.942810,-3.449453,5.010992,1054.880371,8.129373,-4.266858,119.960724,20.029009,-40.969612,2663.880859,1,1
289,3006,-0.079314,0.935912,-0.366817,0.461323,-0.013183,-0.887042,-0.012816,-0.079314,0.935912,-0.366817,0.461323,-0.013183,-0.887042,-0.012816,-0.080387,0.856404,-0.272085,0.473948,-0.047239,-0.873351,-0.101981,0.008310,0.854618,-0.398601,0.486371,-0.065040,-0.870179,-0.044744,-0.153882,0.461207,-0.328948,0.444024,0.024972,-0.895476,0.018488,-0.057670,0.454456,-0.403953,0.515627,-0.015806,-0.855010,0.053263,-0.124175,0.054404,-0.317404,0.406827,0.040088,-0.912530,0.013155,-0.040428,0.049845,-0.353983,0.587665,0.008476,-0.808985,0.011019,0.005937,1.013842,-0.308150,0.459285,-0.002177,-0.888252,0.007822,0.000593,1.197649,-0.312921,0.437746,0.030370,-0.897490,0.044358,-0.010609,1.316955,-0.319285,0.437746,0.030370,-0.897490,0.044358,-0.024612,1.466088,-0.327240,0.437746,0.030370,-0.897490,0.044358,-0.009116,1.301048,-0.318437,0.482962,0.209075,-0.849708,-0.032126,-0.009116,1.301048,-0.318437,0.374077,-0.137039,-0.907141,0.135583,-0.124070,1.394475,-0.177962,0.367379,-0.115837,-0.922265,-0.032277,0.089868,1.393432,-0.466863,0.481083,0.086715,-0.864665,-0.115736,-0.219788,1.122287,-0.200975,0.393511,0.064380,-0.810600,-0.428874,0.063389,1.122791,-0.567425,0.423136,-0.358329,-0.809206,-0.194274,-0.290210,0.980044,-0.376165,0.451304,-0.025500,-0.829884,-0.327060,-0.116193,0.970067,-0.585018,0.431838,-0.266782,-0.847628,-0.154497,0.000000,0.000000,0.000000,0.606224,13.300692,2692.434814,-2.017935,-4.541067,-992.469971,-125.055641,0.799913,-39.997887,5.874679,-37.094666,-2861.968506,3.817760,4.118553,971.626099,3.220559,1.764958,-892.031311,12.458043,-26.743670,-476.508484,2.764620,-2.636671,553.291626,-5.485459,7.642526,2276.486084,10.902842,-11.802894,-905.044678,1.008611,-3.668006,-1815.011963,-2.197737,-1.534058,-367.658539,15.866831,-3.673920,3536.260498,-0.363127,-4.745887,1769.641846,1.711330,-7.780057,-1073.966553,49.336578,5.932734,-1748.604126,67.088692,-15.046926,-3036.488037,-7.977384,10.567298,-32.361473,9.373090,10.592387,-367.858032,48.965717,13.039515,-541.876038,-65.639915,-5.272499,0.028207,-15.996091,5.570559,564.788208,5.986642,8.772117,982.260193,-0.039154,1.884894,341.521271,-0.285190,0.831597,554.021912,2.678692,-10.688524,8.004556,-0.724884,1.892448,313.497498,-0.986892,0.786492,570.285889,2.718576,-10.664664,6.050477,-0.696092,2.032088,284.282745,-1.697015,0.754769,585.308044,2.723959,-10.609297,7.189384,-0.178573,1.413685,-222.080429,-5.979474,1.572059,133.545441,0.292518,3.943826,-161.220047,-5.993316,0.514140,39.549271,-7.509874,2.677991,-225.616272,1.210951,8.474360,151.277328,16.930014,-42.622200,-85.692474,-3.422775,2.052179,-227.601013,8.163172,2.599936,528.214966,19.319513,-54.576580,-1046.689819,1,1
290,3014,-0.077666,0.935912,-0.366153,0.460336,-0.012850,-0.887589,-0.010576,-0.077666,0.935912,-0.366153,0.460336,-0.012850,-0.887589,-0.010576,-0.078739,0.856753,-0.271129,0.473479,-0.047086,-0.873939,-0.099149,0.010242,0.854733,-0.397441,0.486252,-0.065503,-0.870204,-0.044878,-0.150984,0.461098,-0.326073,0.444241,0.023334,-0.895411,0.018555,-0.056084,0.454652,-0.402706,0.515148,-0.017128,-0.855394,0.051297,-0.122444,0.054230,-0.313893,0.407247,0.041897,-0.912268,0.012713,-0.040622,0.049872,-0.353533,0.586312,0.009066,-0.809963,0.010775,0.007249,1.014285,-0.307588,0.458636,-0.001964,-0.888579,0.008713,0.001835,1.198093,-0.312372,0.437763,0.030371,-0.897572,0.042490,-0.009172,1.317439,-0.318334,0.437763,0.030371,-0.897572,0.042490,-0.022930,1.466620,-0.325787,0.437763,0.030371,-0.897572,0.042490,-0.007704,1.301526,-0.317539,0.482630,0.209737,-0.849653,-0.034184,-0.007704,1.301526,-0.317539,0.374246,-0.137433,-0.907254,0.133947,-0.122597,1.394354,-0.176673,0.367587,-0.113413,-0.922499,-0.031822,0.091454,1.394057,-0.465720,0.481151,0.086614,-0.864637,-0.115737,-0.216955,1.121925,-0.199922,0.393149,0.064383,-0.809877,-0.430567,0.064919,1.123414,-0.566252,0.423118,-0.358500,-0.809132,-0.194305,-0.287631,0.980390,-0.375582,0.451689,-0.025475,-0.829770,-0.326816,-0.114720,0.970754,-0.583819,0.431809,-0.266453,-0.847768,-0.154377,0.000000,0.000000,0.000000,0.398035,-26.023657,-4915.543457,-1.865151,19.097954,2954.877686,-125.180656,-15.626907,-2053.352539,6.147902,34.152866,8905.941406,3.789861,-3.487408,-950.745117,3.343642,15.385360,1702.550293,12.228992,-28.631329,-235.957382,2.486483,-34.767063,-4016.298828,-5.516418,-3.869832,-1439.044678,10.849113,-6.716013,635.860107,0.946261,-7.793694,-515.711060,-2.245470,-5.966515,-554.057007,15.486519,-47.538994,-5483.134277,-0.495353,-16.528215,-1472.791016,2.100631,48.662708,7055.345703,49.349697,1.639843,-536.611450,67.080582,-1.013756,1754.146362,-8.026004,-6.077528,-2080.603027,9.416031,5.367637,-653.093811,49.213974,31.032085,2249.071045,-65.803154,-20.404816,-1891.539551,-16.125170,-16.134857,-2713.177002,6.194279,25.954664,2147.818604,-0.098487,-7.416677,-1162.696533,-0.238252,5.867290,629.461548,2.535182,-17.938763,-906.279785,-0.785667,-7.597841,-1186.286133,-0.944569,5.290411,562.989868,2.573523,-18.131702,-933.379761,-0.756360,-7.533505,-1195.699097,-1.659276,4.717469,495.337524,2.576744,-18.401920,-974.077942,-0.137740,5.104178,461.311737,-6.000000,-2.565801,-517.232483,0.362597,8.759856,602.003723,-6.000000,-0.835478,-168.702347,-7.464714,5.645037,370.880737,1.265865,6.864175,-201.273026,16.760063,-21.243811,2672.298584,-3.368075,6.837487,598.163574,8.222012,7.354975,594.379761,18.946148,-46.670677,988.237854,1,1
291,3033,-0.078315,0.936227,-0.367701,0.460215,-0.012455,-0.887660,-0.010326,-0.078315,0.936227,-0.367701,0.460215,-0.012455,-0.887660,-0.010326,-0.079341,0.857075,-0.272671,0.475008,-0.044856,-0.873350,-0.098055,0.009677,0.855127,-0.398958,0.485134,-0.065547,-0.870876,-0.043870,-0.149668,0.461100,-0.327563,0.446001,0.024427,-0.894530,0.017383,-0.056278,0.454978,-0.403584,0.514048,-0.017337,-0.855988,0.052338,-0.120718,0.054224,-0.316702,0.408580,0.041034,-0.911704,0.013207,-0.040596,0.050308,-0.353573,0.586417,0.008887,-0.809889,0.010774,0.006511,1.014683,-0.309119,0.458552,-0.002400,-0.888625,0.008352,0.001509,1.198510,-0.313824,0.437842,0.028286,-0.897673,0.040955,-0.008889,1.317915,-0.319675,0.437842,0.028286,-0.897673,0.040955,-0.021886,1.467172,-0.326989,0.437842,0.028286,-0.897673,0.040955,-0.007503,1.301995,-0.318895,0.482400,0.208265,-0.850070,-0.036013,-0.007503,1.301995,-0.318895,0.374679,-0.139262,-0.907024,0.132398,-0.121884,1.395027,-0.177794,0.368622,-0.113583,-0.922093,-0.030990,0.092055,1.394433,-0.466960,0.481060,0.086595,-0.864646,-0.116057,-0.216192,1.122612,-0.200461,0.393182,0.063491,-0.809710,-0.430983,0.065429,1.123841,-0.567643,0.423139,-0.358468,-0.809113,-0.194397,-0.287289,0.981219,-0.376066,0.451498,-0.025616,-0.829621,-0.327448,-0.114213,0.971190,-0.585245,0.431867,-0.266458,-0.847738,-0.154374,0.000000,0.000000,0.000000,0.393655,-0.243331,1432.240234,-1.811767,2.965748,-896.233643,-125.196442,-0.876957,819.441650,6.097056,-2.824757,-2054.312256,3.862908,4.058176,419.199097,3.206296,-7.630308,-1278.648071,12.225948,-0.169118,1581.233887,2.595093,6.033844,2266.717041,-5.604293,-4.881991,-56.231075,10.669317,-9.988679,-181.814774,1.069436,6.843070,813.153564,-2.456599,-11.729412,-320.160980,15.204892,-15.645928,1771.837036,-0.567180,-3.990382,696.546265,1.818219,-15.689579,-3575.127197,49.328896,-1.155641,-155.304688,67.077324,-0.180986,46.264980,-8.016102,0.550111,368.202179,9.424874,0.491301,-270.907532,49.338779,6.933636,-1338.802734,-65.877182,-4.112668,905.119385,-16.033342,5.101522,1179.798828,6.214733,1.136329,-1378.796387,-0.046174,2.906264,573.496765,-0.233869,0.243468,-312.434509,2.429180,-5.889019,669.430237,-0.733195,2.915124,584.053589,-0.939294,0.293050,-277.631226,2.468304,-5.845494,682.567139,-0.702474,2.993670,584.843018,-1.652946,0.351661,-242.544922,2.473021,-5.762352,702.198242,-0.179055,-2.295285,-411.081299,-6.000000,0.000000,142.544495,0.422546,3.330504,-301.630676,-6.000000,0.000000,46.415462,-7.498837,-1.895746,-418.932343,1.298909,1.835777,-279.355469,16.538866,-12.288730,497.504517,-3.318190,2.771391,-225.894226,8.203330,-1.037863,-466.268768,18.597355,-19.377390,1516.293701,1,1
292,3039,-0.078261,0.936329,-0.367579,0.460287,-0.012720,-0.887615,-0.010612,-0.078261,0.936329,-0.367579,0.460287,-0.012720,-0.887615,-0.010612,-0.079329,0.857152,-0.272570,0.474988,-0.045087,-0.873350,-0.098049,0.009667,0.855173,-0.398872,0.485180,-0.065619,-0.870838,-0.044002,-0.149814,0.461194,-0.327368,0.446045,0.024112,-0.894519,0.017267,-0.056395,0.455039,-0.403560,0.514153,-0.017293,-0.855920,0.052428,-0.121135,0.054300,-0.316478,0.408565,0.041454,-0.911691,0.013248,-0.040637,0.050377,-0.353508,0.586179,0.008965,-0.810059,0.010902,0.006632,1.014708,-0.308990,0.458594,-0.002474,-0.888606,0.008065,0.001668,1.198537,-0.313596,0.437793,0.028576,-0.897701,0.040661,-0.008761,1.317944,-0.319354,0.437793,0.028576,-0.897701,0.040661,-0.021797,1.467203,-0.326551,0.437793,0.028576,-0.897701,0.040661,-0.007370,1.302024,-0.318586,0.481839,0.208522,-0.850310,-0.036376,-0.007370,1.302024,-0.318586,0.374531,-0.140115,-0.906911,0.132690,-0.121850,1.394938,-0.177474,0.368581,-0.113348,-0.922141,-0.030911,0.092707,1.393929,-0.466472,0.478180,0.085857,-0.866884,-0.111730,-0.216015,1.122507,-0.200150,0.393071,0.063301,-0.809666,-0.431195,0.067265,1.122766,-0.564981,0.421611,-0.360329,-0.808807,-0.195546,-0.287200,0.981198,-0.375786,0.451541,-0.025866,-0.829643,-0.327313,-0.113066,0.970967,-0.582895,0.430212,-0.267023,-0.848226,-0.155333,0.000000,0.000000,0.000000,0.408729,2.153422,342.393311,-1.853826,-6.008336,-1282.011963,-125.187164,1.325335,314.613037,6.071603,-3.636224,-115.923882,3.851300,-1.658337,-816.644836,3.204097,-0.314202,1045.158081,12.254432,4.069056,605.453491,2.587981,-1.015970,-1007.116333,-5.603137,0.165258,721.035583,10.637190,-4.589626,771.293335,1.059251,-1.455017,-1185.441040,-2.444802,1.685347,1916.394165,15.187357,-2.505030,1877.271240,-0.623028,-7.978405,-569.717651,1.889027,10.115470,3686.435791,49.757225,61.189922,8906.508789,67.419083,48.822674,7000.522949,-8.174981,-22.697039,-3321.021484,9.508405,11.932918,1634.516602,49.369614,4.404885,-361.250153,-65.904968,-3.969465,20.457506,-16.062490,-4.164014,-1323.648071,6.249406,4.953248,545.274109,-0.065563,-2.769772,-810.862244,-0.237894,-0.574917,-116.912132,2.439222,1.434565,1046.226196,-0.752395,-2.742844,-808.281128,-0.944117,-0.689047,-140.299469,2.478109,1.400743,1035.176636,-0.721565,-2.727381,-817.292908,-1.658584,-0.805412,-165.296112,2.482360,1.334156,1013.786804,-0.030870,21.169201,3352.069092,-6.000000,0.000000,0.000000,0.419064,-0.497507,-546.858704,-5.938800,8.742809,1248.972778,-7.327230,24.515219,3772.994873,1.194018,-14.984319,-2402.870850,16.074286,-66.368645,-7725.702148,-3.322706,-0.645127,-488.073914,8.183444,-2.840860,-257.571014,18.526302,-10.150365,1318.146484,1,1
293,3051,-0.079582,0.936318,-0.368705,0.460331,-0.012623,-0.887596,-0.010414,-0.079582,0.936318,-0.368705,0.460331,-0.012623,-0.887596,-0.010414,-0.080612,0.857166,-0.273675,0.474911,-0.045186,-0.873400,-0.097930,0.008372,0.855185,-0.399986,0.485588,-0.064857,-0.870758,-0.042174,-0.151115,0.461197,-0.328356,0.446013,0.023924,-0.894540,0.017267,-0.056415,0.454854,-0.403649,0.514099,-0.017283,-0.855937,0.052676,-0.122574,0.054295,-0.317396,0.408487,0.041123,-0.911739,0.013405,-0.040550,0.050218,-0.353428,0.585826,0.007657,-0.810335,0.010339,0.005289,1.014742,-0.310145,0.458284,-0.002735,-0.888767,0.007818,0.000564,1.198583,-0.314672,0.436796,0.027555,-0.898267,0.039578,-0.009525,1.318025,-0.320316,0.436796,0.027555,-0.898267,0.039578,-0.022137,1.467327,-0.327370,0.436796,0.027555,-0.898267,0.039578,-0.008180,1.302099,-0.319563,0.481028,0.209250,-0.850526,-0.037850,-0.008180,1.302099,-0.319563,0.373678,-0.141968,-0.907097,0.131854,-0.122360,1.394215,-0.177939,0.372214,-0.109532,-0.921159,-0.030407,0.092674,1.393497,-0.467151,0.476313,0.084713,-0.868351,-0.109159,-0.214582,1.121413,-0.200742,0.394546,0.062838,-0.807642,-0.433705,0.067659,1.121958,-0.564242,0.419377,-0.361284,-0.809254,-0.196733,-0.286761,0.981114,-0.376782,0.453544,-0.024652,-0.828756,-0.326884,-0.113061,0.970705,-0.582861,0.428741,-0.267791,-0.848919,-0.154289,0.000000,0.000000,0.000000,0.393558,-1.379170,-321.144745,-1.833496,1.848188,714.229431,-125.181343,0.529203,-72.375664,5.868113,-18.499115,-1351.171997,3.865525,1.293139,268.316040,3.249516,4.129020,403.929230,12.055242,-18.108194,-2016.113647,2.739127,13.740582,1341.504761,-5.533612,6.320390,559.557495,10.655132,1.631130,565.523193,1.045933,-1.210776,22.203749,-2.427380,1.583771,-9.234147,15.169988,-1.579025,84.182304,-0.630183,-0.650368,666.185181,1.866853,-2.015883,-1102.850342,49.942856,16.875526,-4028.581299,67.564636,13.232144,-3235.502930,-8.097258,7.065773,2705.710205,9.746825,21.674589,885.606506,49.667038,27.038574,2057.608154,-66.239189,-30.383717,-2401.295654,-16.090439,-2.540762,147.568420,6.624011,34.054974,2645.611572,-0.054023,1.049016,347.162537,-0.283476,-4.143852,-324.448639,2.374667,-5.868565,-663.920898,-0.738625,1.251768,363.146515,-0.989998,-4.171041,-316.544922,2.414396,-5.792098,-653.894592,-0.704742,1.529390,386.979187,-1.704577,-4.181255,-306.894806,2.419743,-5.692461,-638.783386,0.058540,8.128203,-1185.545166,-5.997252,0.249776,22.706907,0.617399,18.030457,1684.360229,-5.998349,-5.413489,-1286.936157,-7.224784,9.313279,-1381.994507,1.206982,1.178503,1469.347534,15.703525,-33.705540,2969.373291,-3.131841,17.351366,1636.044800,8.022562,-14.625635,-1071.343262,18.054478,-42.893150,-2976.616943,1,1
294,3056,-0.081135,0.936880,-0.368231,0.460210,-0.012571,-0.887665,-0.009971,-0.081135,0.936880,-0.368231,0.460210,-0.012571,-0.887665,-0.009971,-0.082152,0.857798,-0.273142,0.474469,-0.045215,-0.873895,-0.095614,0.006867,0.855768,-0.399428,0.486544,-0.063584,-0.870356,-0.041381,-0.151739,0.461479,-0.326199,0.446113,0.022544,-0.894521,0.017512,-0.056695,0.455259,-0.402958,0.514557,-0.016630,-0.855717,0.051982,-0.124113,0.054532,-0.314562,0.410777,0.043993,-0.910587,0.012554,-0.040636,0.050536,-0.353503,0.586223,0.009115,-0.810027,0.010770,0.003681,1.015390,-0.309706,0.458210,-0.002652,-0.888810,0.007333,-0.000907,1.199245,-0.313885,0.436782,0.027665,-0.898371,0.037208,-0.010772,1.318729,-0.319007,0.436782,0.027665,-0.898371,0.037208,-0.023104,1.468084,-0.325410,0.436782,0.027665,-0.898371,0.037208,-0.009457,1.302798,-0.318324,0.480576,0.209222,-0.850688,-0.040035,-0.009457,1.302798,-0.318324,0.374023,-0.142577,-0.907149,0.129842,-0.123508,1.394749,-0.176402,0.371802,-0.109712,-0.921304,-0.030417,0.091721,1.394301,-0.465550,0.475525,0.084581,-0.868887,-0.108428,-0.215819,1.121965,-0.199197,0.394640,0.062867,-0.807591,-0.433709,0.066936,1.122730,-0.562275,0.418967,-0.362456,-0.808730,-0.197607,-0.288008,0.981667,-0.375233,0.453667,-0.024627,-0.828733,-0.326775,-0.114254,0.972057,-0.581017,0.428296,-0.266294,-0.849640,-0.154147,0.000000,0.000000,0.000000,0.351484,-7.012337,-938.861267,-1.804894,4.766961,486.462036,-125.196548,-2.534230,-510.572144,5.763642,-17.411709,181.234360,3.765296,-16.704838,-2999.662842,3.395787,24.378538,3374.919922,11.868898,-31.057199,-2158.167480,2.586574,-25.425474,-6527.676270,-5.532017,0.265837,-1009.092285,10.464779,-31.725565,-5559.448730,0.948924,-16.168127,-2492.891846,-2.359272,11.351387,1627.936035,14.884003,-47.664165,-7680.856934,-0.740775,-18.432091,-2963.620361,2.370657,83.967346,14330.539062,50.158913,36.009472,3188.990967,67.604019,6.563822,-1111.387085,-8.352283,-42.504150,-8261.653320,9.997396,41.761875,3347.880859,49.672512,0.912348,-4354.371094,-66.177986,10.200500,6764.036621,-16.098541,-1.350403,198.393143,6.633889,1.646360,-5401.436035,-0.105830,-8.634437,-1613.908691,-0.275339,1.356125,916.662781,2.282097,-15.428464,-1593.316406,-0.790185,-8.593341,-1640.851562,-0.985185,0.802179,828.870056,2.320835,-15.593490,-1633.565308,-0.754769,-8.337806,-1644.532715,-1.703016,0.260194,740.241516,2.324667,-15.845974,-1692.252075,0.135253,12.785465,776.210266,-6.000000,-0.457923,-117.949768,0.581767,-5.938650,-3994.851318,-6.000000,-0.275215,856.379089,-7.137471,14.552276,873.166077,1.222617,2.605895,237.898697,15.394597,-51.487926,-2963.731201,-3.177638,-7.632891,-4164.042480,8.066052,7.248402,3645.672852,17.838917,-35.926819,1161.055298,1,1
295,3065,-0.080300,0.937172,-0.369283,0.460345,-0.012394,-0.887594,-0.010250,-0.080300,0.937172,-0.369283,0.460345,-0.012394,-0.887594,-0.010250,-0.081283,0.858027,-0.274247,0.474301,-0.042925,-0.874148,-0.095189,0.007698,0.856085,-0.400560,0.486840,-0.063725,-0.870259,-0.039692,-0.149054,0.461500,-0.327884,0.446107,0.023607,-0.894524,0.016037,-0.055254,0.455507,-0.402811,0.514227,-0.018053,-0.855949,0.050949,-0.121189,0.054530,-0.317709,0.410206,0.042038,-0.910924,0.013453,-0.040642,0.050716,-0.353469,0.586146,0.009161,-0.810084,0.010655,0.004529,1.015648,-0.310732,0.458675,-0.002896,-0.888576,0.006434,0.000304,1.199521,-0.314575,0.437941,0.026590,-0.897926,0.035055,-0.009111,1.319057,-0.319335,0.437941,0.026590,-0.897926,0.035055,-0.020880,1.468476,-0.325284,0.437941,0.026590,-0.897926,0.035055,-0.007856,1.303119,-0.318700,0.480793,0.208335,-0.850658,-0.042613,-0.007856,1.303119,-0.318700,0.375550,-0.144123,-0.906497,0.128274,-0.121443,1.395039,-0.176371,0.371861,-0.109688,-0.921290,-0.030199,0.093757,1.394440,-0.465712,0.473350,0.084508,-0.870297,-0.106684,-0.213697,1.122242,-0.199052,0.394599,0.062830,-0.807580,-0.433772,0.069709,1.122708,-0.561702,0.416995,-0.363325,-0.808990,-0.199110,-0.285904,0.981970,-0.375102,0.453637,-0.024692,-0.828701,-0.326893,-0.111892,0.972629,-0.581223,0.426424,-0.266801,-0.850280,-0.154935,0.000000,0.000000,0.000000,0.388912,4.158739,1241.230713,-1.801577,0.368595,-488.707306,-125.179626,1.880222,490.494751,5.577297,-20.705009,-365.922272,3.896307,14.556885,3473.524658,3.407890,1.344681,-2559.317383,11.529270,-37.736469,-742.141113,2.410662,-19.545767,653.300842,-5.592876,-6.762081,-780.879700,10.285190,-19.954363,1307.911377,1.136272,20.816465,4109.399414,-2.324914,3.817558,-837.092041,14.633808,-27.799395,2207.196777,-0.822255,-9.053356,1042.081543,1.945410,-47.249634,-14579.665039,50.420029,29.012892,-777.397766,67.676369,8.038838,163.890686,-8.381027,-3.193855,4367.810547,10.081967,9.396765,-3596.123779,49.705399,3.654056,304.634155,-66.182564,-0.508626,-1189.902954,-16.098658,-0.012928,148.608368,6.627013,-0.763946,-267.811768,-0.093695,1.348354,1109.198853,-0.232506,4.759287,378.129120,2.197074,-9.446965,664.610962,-0.779389,1.199530,1088.096802,-0.943023,4.684733,431.394867,2.235489,-9.482914,678.952881,-0.744256,1.168079,1056.209351,-1.661480,4.615148,483.883728,2.239183,-9.498279,705.299500,0.199429,7.130684,-628.309021,-6.000000,0.000000,50.880291,0.601422,2.183974,902.513733,-5.937495,6.945027,802.249146,-7.050061,9.712219,-537.784058,1.094516,-14.233444,-1871.037720,14.898530,-55.118561,-403.403809,-3.173157,0.497924,903.423950,8.143032,8.553293,144.987961,17.533522,-33.932793,221.558456,1,1
296,3074,-0.081101,0.937177,-0.369044,0.460203,-0.012206,-0.887675,-0.009886,-0.081101,0.937177,-0.369044,0.460203,-0.012206,-0.887675,-0.009886,-0.082063,0.858077,-0.273970,0.473129,-0.042858,-0.874905,-0.094092,0.006961,0.856134,-0.400253,0.487280,-0.062861,-0.870109,-0.038948,-0.149281,0.461381,-0.326942,0.445174,0.022921,-0.895003,0.016231,-0.055071,0.455429,-0.402285,0.514254,-0.017800,-0.855973,0.050359,-0.121864,0.054392,-0.316342,0.409564,0.040862,-0.911267,0.013466,-0.040529,0.050573,-0.353459,0.585974,0.007713,-0.810229,0.010210,0.003657,1.015738,-0.310502,0.458562,-0.002707,-0.888632,0.006826,-0.000700,1.199605,-0.314446,0.437892,0.026795,-0.897927,0.035496,-0.010204,1.319131,-0.319280,0.437892,0.026795,-0.897927,0.035496,-0.022086,1.468537,-0.325322,0.437892,0.026795,-0.897927,0.035496,-0.008937,1.303194,-0.318635,0.480824,0.208536,-0.850613,-0.042173,-0.008937,1.303194,-0.318635,0.375362,-0.144292,-0.906459,0.128898,-0.122600,1.395096,-0.176362,0.371890,-0.109430,-0.921319,-0.029918,0.092786,1.394264,-0.465672,0.472531,0.084346,-0.871022,-0.104500,-0.214658,1.122258,-0.198950,0.394496,0.062826,-0.807568,-0.433889,0.069401,1.122259,-0.560630,0.415611,-0.363809,-0.809310,-0.199820,-0.286867,0.982037,-0.375040,0.453530,-0.024691,-0.828678,-0.327100,-0.112398,0.972480,-0.580607,0.425224,-0.267269,-0.850722,-0.154997,0.000000,0.000000,0.000000,0.362117,-2.977292,-792.892273,-1.763229,4.260885,432.476624,-125.197838,-2.023485,-433.745209,5.500349,-8.549796,1350.579224,3.849407,-5.211195,-2196.453369,3.485780,8.654489,812.200867,11.360562,-18.745317,2110.127930,2.487887,8.580500,3125.140625,-5.418526,19.372200,2903.809082,10.214884,-7.811758,1349.178223,1.100920,-3.927973,-2749.381836,-2.178198,16.301737,1387.130981,14.499209,-14.955414,1427.108887,-0.770561,5.743755,1644.123535,1.904021,-4.598816,4738.979492,50.623753,22.635990,-708.544678,67.730713,6.038242,-222.288513,-8.365049,1.775318,552.130310,10.143830,6.873661,-280.344910,49.751793,5.154928,166.763519,-66.205986,-2.602471,-232.649475,-16.093121,0.615226,69.794830,6.619477,-0.837379,-8.159214,-0.092550,0.127165,-135.687668,-0.228277,0.469805,-476.609039,2.199985,0.323455,1085.602173,-0.778423,0.107335,-121.355064,-0.938716,0.478552,-467.353394,2.238355,0.318501,1089.046021,-0.743510,0.082950,-120.569908,-1.657104,0.486162,-458.776215,2.242012,0.314289,1090.285278,0.251513,5.787170,-149.279266,-6.000000,0.000000,0.000000,0.604489,0.340747,-204.803040,-5.936713,0.086837,-762.021118,-6.990944,6.568538,-349.297974,1.067081,-3.048367,1242.786499,14.724729,-19.311270,3978.587646,-3.169397,0.417789,-8.903904,8.136969,-0.673718,-1025.223389,17.543997,1.163907,3899.633301,1,1
297,3085,-0.080934,0.937519,-0.368866,0.460256,-0.012608,-0.887635,-0.010468,-0.080934,0.937519,-0.368866,0.460256,-0.012608,-0.887635,-0.010468,-0.081982,0.858357,-0.273845,0.472562,-0.042008,-0.875379,-0.092909,0.007023,0.856387,-0.400141,0.487164,-0.062741,-0.870191,-0.038746,-0.148096,0.461434,-0.326340,0.444861,0.022810,-0.895166,0.016006,-0.054835,0.455662,-0.402085,0.513994,-0.017966,-0.856147,0.050001,-0.120848,0.054431,-0.315853,0.409887,0.041090,-0.911111,0.013465,-0.040576,0.050775,-0.353432,0.585733,0.007584,-0.810398,0.010700,0.003929,1.015935,-0.310283,0.459280,-0.003659,-0.888268,0.005321,0.000319,1.199832,-0.313764,0.439982,0.024772,-0.897090,0.032115,-0.008406,1.319437,-0.318063,0.439982,0.024772,-0.897090,0.032115,-0.019311,1.468943,-0.323436,0.439982,0.024772,-0.897090,0.032115,-0.007242,1.303490,-0.317490,0.482488,0.206901,-0.849868,-0.046059,-0.007242,1.303490,-0.317490,0.377992,-0.147419,-0.905168,0.126728,-0.119954,1.395402,-0.174469,0.371834,-0.109462,-0.921333,-0.030047,0.095330,1.393883,-0.464233,0.468207,0.082932,-0.873911,-0.100918,-0.212056,1.122566,-0.197123,0.394580,0.062897,-0.807589,-0.433763,0.072709,1.121512,-0.557226,0.413540,-0.365853,-0.808744,-0.202658,-0.284233,0.982293,-0.373184,0.453670,-0.024804,-0.828663,-0.326934,-0.110035,0.973025,-0.578196,0.423655,-0.266339,-0.851804,-0.154956,0.000000,0.000000,0.000000,0.400003,3.788632,676.592407,-1.834844,-7.161546,-1142.242920,-125.191154,0.668335,269.181976,5.394186,-10.616350,-206.655396,3.834868,-1.453900,375.729431,3.463665,-2.211523,-1086.601196,11.288926,-7.163620,1158.169678,2.399550,-8.833647,-1741.414673,-5.360291,5.823517,-1354.868408,9.968633,-24.625111,-1681.335327,1.148138,4.721773,864.974487,-2.089788,8.840966,-746.077026,14.306004,-19.320583,-436.516937,-0.808738,-3.817618,-956.137329,1.931695,2.767384,736.620056,51.050079,42.632675,1999.668579,68.178818,44.810486,3877.224121,-8.577029,-21.197987,-2297.330566,10.605378,46.154785,3928.112549,49.722000,-2.979279,-813.420654,-66.195549,1.043701,364.617249,-16.115248,-2.212715,-282.794098,6.611435,-0.804138,3.324086,-0.082254,1.029598,90.243317,-0.143300,8.497763,802.795715,2.077539,-12.244558,-1256.801392,-0.770850,0.757313,64.997803,-0.854980,8.373529,789.497681,2.114954,-12.340188,-1265.868896,-0.737136,0.637418,55.446819,-1.574586,8.251845,776.568298,2.117818,-12.419391,-1273.367920,0.405658,15.414492,962.732117,-5.999699,0.030136,3.013611,0.642895,3.840601,349.985504,-5.982474,-4.576111,-466.294830,-6.799327,19.161701,1259.316284,0.802651,-26.443039,-2339.467285,13.888256,-83.647255,-6433.598633,-3.154763,1.463366,104.557663,8.340740,20.377159,2105.087646,17.185799,-35.819817,-3698.372314,1,1
298,3094,-0.081974,0.937989,-0.369958,0.460326,-0.012179,-0.887592,-0.011467,-0.081974,0.937989,-0.369958,0.460326,-0.012179,-0.887592,-0.011467,-0.083023,0.858621,-0.275108,0.472913,-0.040965,-0.875379,-0.091578,0.005966,0.856912,-0.401420,0.487600,-0.062180,-0.870063,-0.037026,-0.147888,0.461447,-0.327018,0.445615,0.022600,-0.894810,0.015215,-0.054799,0.456036,-0.402337,0.514009,-0.018107,-0.856121,0.050240,-0.121065,0.054402,-0.317058,0.409668,0.040835,-0.911219,0.013594,-0.040537,0.051175,-0.353460,0.585931,0.007648,-0.810259,0.010340,0.002909,1.016264,-0.311216,0.458940,-0.003827,-0.888449,0.004121,-0.000313,1.200177,-0.314359,0.438854,0.023366,-0.897733,0.030593,-0.008569,1.319821,-0.318490,0.438854,0.023366,-0.897733,0.030593,-0.018890,1.469376,-0.323653,0.438854,0.023366,-0.897733,0.030593,-0.007469,1.303868,-0.317939,0.480891,0.205986,-0.850912,-0.047561,-0.007469,1.303868,-0.317939,0.377145,-0.149307,-0.905418,0.125251,-0.120142,1.395842,-0.174953,0.371798,-0.109782,-0.921304,-0.030217,0.095960,1.393962,-0.464249,0.466136,0.082322,-0.875211,-0.099729,-0.212449,1.123059,-0.197623,0.394652,0.062821,-0.807523,-0.433831,0.073621,1.121509,-0.556604,0.412155,-0.366093,-0.808800,-0.204810,-0.284683,0.982811,-0.373681,0.453666,-0.024555,-0.828703,-0.326857,-0.109441,0.973563,-0.578596,0.423053,-0.266221,-0.852217,-0.154529,0.000000,0.000000,0.000000,0.524194,12.419092,863.046021,-1.843973,-0.912845,624.870056,-125.183784,0.737000,6.866455,5.108508,-28.567743,-1795.139282,3.960100,12.523198,1397.709839,3.498398,3.473282,568.480469,11.102977,-18.594933,-1143.131226,2.449089,4.953885,1378.753174,-5.422784,-6.249332,-1207.284912,9.698571,-27.006149,-238.103851,1.091141,-5.699694,-1042.146729,-2.098350,-0.856185,-969.715149,14.027051,-27.895260,-857.467651,-0.905001,-9.626323,-580.870483,1.884985,-4.670942,-743.832581,51.192871,14.279175,-2835.350098,68.370956,19.213867,-2559.661865,-8.493383,8.364582,2956.256836,10.899486,29.410742,-1674.404297,49.712288,-0.971222,200.805664,-66.160637,3.491211,244.750977,-16.089149,2.609825,482.253998,6.644611,3.317547,412.168518,-0.033755,4.849956,382.035767,-0.196454,-5.315429,-1381.319092,2.025460,-5.207968,703.659058,-0.720325,5.052560,429.524750,-0.907077,-5.209649,-1358.317749,2.064358,-5.059552,728.063599,-0.683960,5.317581,468.016266,-1.625445,-5.085862,-1333.770752,2.069381,-4.843712,757.567871,0.444715,3.905729,-1150.876343,-5.998326,0.137281,10.714531,0.678405,3.550971,-28.963089,-5.953557,2.891684,746.779419,-6.752321,4.700613,-1446.108765,0.796093,-0.655782,2578.725586,13.577905,-31.035137,5261.211914,-3.123553,3.120971,165.760529,8.285474,-5.526638,-2590.379639,16.950930,-23.486900,1233.291626,1,1
299,3120,-0.082753,0.937695,-0.369645,0.460354,-0.012266,-0.887574,-0.011638,-0.082753,0.937695,-0.369645,0.460354,-0.012266,-0.887574,-0.011638,-0.083821,0.858306,-0.274814,0.472867,-0.041027,-0.875409,-0.091500,0.005159,0.856597,-0.401131,0.487610,-0.061450,-0.870133,-0.036460,-0.148692,0.461129,-0.326643,0.445679,0.022279,-0.894792,0.014900,-0.054852,0.455621,-0.401935,0.513701,-0.017882,-0.856336,0.049798,-0.122216,0.054058,-0.316798,0.409974,0.040768,-0.911106,0.012003,-0.040639,0.050712,-0.353452,0.586095,0.009090,-0.810122,0.010577,0.002158,1.015931,-0.310891,0.459295,-0.004153,-0.888264,0.004215,-0.000958,1.199842,-0.314187,0.439908,0.022606,-0.897216,0.031214,-0.009121,1.319486,-0.318522,0.439908,0.022606,-0.897216,0.031214,-0.019325,1.469040,-0.323940,0.439908,0.022606,-0.897216,0.031214,-0.008032,1.303533,-0.317944,0.481808,0.205425,-0.850538,-0.047395,-0.008032,1.303533,-0.317944,0.378044,-0.150137,-0.904769,0.126232,-0.120473,1.395633,-0.174914,0.371977,-0.109507,-0.921275,-0.029895,0.095622,1.393195,-0.464350,0.463632,0.082328,-0.876831,-0.097133,-0.212566,1.122807,-0.197470,0.394419,0.062907,-0.807541,-0.433997,0.074236,1.120514,-0.555495,0.411834,-0.366035,-0.808559,-0.206504,-0.284749,0.982634,-0.373609,0.453420,-0.024507,-0.828692,-0.327229,-0.109029,0.972922,-0.578169,0.422292,-0.266183,-0.852164,-0.156950,0.000000,0.000000,0.000000,0.536901,0.488747,-458.859436,-1.861876,-0.688608,8.624510,-125.180344,0.132341,-23.256107,4.991654,-4.494374,925.898804,3.912252,-1.840298,-552.442139,3.497197,-0.046180,-135.363907,10.973031,-4.997914,522.962280,2.322306,-4.876266,-378.082703,-5.492078,-2.665135,137.853760,9.671549,-1.039322,998.724182,1.082075,-0.348710,205.807068,-2.087216,0.428246,49.401176,13.973344,-2.065659,993.446228,-0.789111,4.457297,541.677673,1.973899,3.419780,311.181580,51.419941,8.733456,-213.296890,68.757263,14.857952,-167.535187,-8.540654,-1.818107,-391.641876,10.820133,-3.052015,-1248.567627,49.770947,2.256100,124.127762,-66.202560,-1.612443,-196.294373,-16.080847,0.319334,-88.095810,6.624578,-0.770514,-157.233109,0.005925,1.526151,-127.838623,-0.155675,1.568435,264.763977,2.039882,0.554690,221.640686,-0.682163,1.467767,-137.876678,-0.864738,1.628431,263.003052,2.078844,0.557166,216.027618,-0.647575,1.399418,-150.698547,-1.581590,1.686720,260.483917,2.084363,0.576258,208.460373,0.475814,1.196106,-104.216263,-6.000000,-0.064391,-7.756645,0.719126,1.566185,-76.337883,-5.927174,1.014765,-72.189194,-6.705018,1.819335,-110.818367,0.601056,-7.501410,-263.293365,13.288021,-11.149369,764.837280,-3.086430,1.427834,-65.120651,8.336400,1.958700,287.897644,16.932348,-0.714669,875.855103,1,1
300,3125,-0.082748,0.938119,-0.371826,0.460426,-0.012206,-0.887535,-0.011863,-0.082748,0.938119,-0.371826,0.460426,-0.012206,-0.887535,-0.011863,-0.083809,0.858687,-0.277030,0.473679,-0.039519,-0.875169,-0.090253,0.005151,0.857027,-0.403362,0.488670,-0.061093,-0.869690,-0.033288,-0.147162,0.461246,-0.328480,0.446837,0.022605,-0.894220,0.014016,-0.053284,0.455877,-0.401982,0.513666,-0.019538,-0.856387,0.048645,-0.120748,0.054153,-0.319439,0.410251,0.042177,-0.910920,0.011869,-0.040712,0.050900,-0.353606,0.586175,0.008988,-0.810043,0.012203,0.002180,1.016320,-0.313049,0.459445,-0.004149,-0.888191,0.003002,-0.000629,1.200248,-0.315768,0.440187,0.022457,-0.897188,0.027997,-0.008422,1.319939,-0.319424,0.440187,0.022457,-0.897188,0.027997,-0.018164,1.469552,-0.323994,0.440187,0.022457,-0.897188,0.027997,-0.007383,1.303980,-0.318936,0.481866,0.205267,-0.850370,-0.050419,-0.007383,1.303980,-0.318936,0.378888,-0.151137,-0.904623,0.123526,-0.119461,1.395829,-0.175379,0.371864,-0.109461,-0.921325,-0.029916,0.096918,1.393739,-0.464731,0.460630,0.082039,-0.878469,-0.096859,-0.211535,1.122988,-0.197964,0.394524,0.062955,-0.807576,-0.433829,0.075694,1.121019,-0.555716,0.411899,-0.366190,-0.808479,-0.206412,-0.283690,0.982745,-0.374058,0.453521,-0.024527,-0.828704,-0.327057,-0.107608,0.973460,-0.578305,0.422404,-0.265928,-0.852251,-0.156606,0.000000,0.000000,0.000000,0.562797,5.179036,938.057800,-1.867628,-1.150370,-92.352356,-125.171417,1.785278,330.587524,4.621565,-74.017807,-13904.685547,4.056945,28.938580,6155.775391,3.619994,24.559498,4921.135742,10.433415,-107.923119,-20585.041016,1.944589,-75.543381,-14133.423828,-5.431207,12.174129,2967.852783,9.446474,-45.014954,-8795.126953,1.147862,13.157511,2701.244141,-2.175063,-17.569399,-3599.528809,13.699417,-54.785347,-10543.937500,-0.933891,-28.956030,-6682.665527,2.052976,15.815259,2479.095947,51.370190,-9.950256,-3736.742676,69.052025,58.952332,8818.875977,-8.572761,-6.421280,-920.634644,10.869510,9.875298,2585.462402,49.747654,-4.658508,-1382.921631,-66.193420,1.828003,688.089233,-16.087746,-1.379776,-339.822021,6.619468,-1.021862,-50.269638,-0.039778,-9.140618,-2133.354004,-0.143495,2.435848,173.482605,1.936581,-20.660091,-4242.956055,-0.727912,-9.149755,-2123.504395,-0.855429,1.861799,46.673561,1.974740,-20.820951,-4275.623535,-0.691987,-8.882427,-2056.369141,-1.575079,1.302147,-76.914574,1.978986,-21.075415,-4330.334473,0.568491,18.535412,3467.861328,-5.998194,0.361252,85.128647,0.693758,-5.073524,-1327.941772,-5.983091,-11.183548,-2439.662598,-6.598051,21.393490,3914.830811,0.463654,-27.480536,-3995.824951,12.906928,-76.218605,-13013.847656,-3.125471,-7.808351,-1847.237061,8.417475,16.214943,2851.248535,16.639727,-58.524323,-11561.930664,1,1
301,3133,-0.083360,0.938244,-0.371653,0.459438,-0.011383,-0.888061,-0.011626,-0.083360,0.938244,-0.371653,0.459438,-0.011383,-0.888061,-0.011626,-0.084501,0.858782,-0.276884,0.474076,-0.038778,-0.875038,-0.089758,0.004745,0.857308,-0.403016,0.488765,-0.060711,-0.869664,-0.033290,-0.147159,0.461226,-0.328237,0.447286,0.023059,-0.893985,0.013930,-0.053422,0.456120,-0.401782,0.513707,-0.019182,-0.856374,0.048581,-0.120438,0.054147,-0.319440,0.410193,0.041918,-0.910955,0.012074,-0.040626,0.051127,-0.353601,0.585924,0.007514,-0.810240,0.012108,0.001305,1.016568,-0.312662,0.458398,-0.003825,-0.888737,0.001569,-0.001116,1.200517,-0.314598,0.438995,0.021730,-0.897927,0.023223,-0.008246,1.320274,-0.317313,0.438995,0.021730,-0.897927,0.023223,-0.017158,1.469970,-0.320707,0.438995,0.021730,-0.897927,0.023223,-0.007295,1.304306,-0.316951,0.479755,0.204797,-0.851403,-0.054831,-0.007295,1.304306,-0.316951,0.378512,-0.153252,-0.905003,0.119212,-0.119147,1.395829,-0.172914,0.371919,-0.109727,-0.921263,-0.030176,0.098086,1.394053,-0.461850,0.458396,0.081200,-0.879842,-0.095694,-0.211420,1.123029,-0.195569,0.394678,0.062878,-0.807578,-0.433697,0.076979,1.121239,-0.552104,0.411585,-0.365748,-0.808332,-0.208387,-0.283612,0.982726,-0.371600,0.453633,-0.024504,-0.828717,-0.326871,-0.106446,0.973969,-0.575563,0.422696,-0.265591,-0.852199,-0.156672,0.000000,0.000000,0.000000,0.584149,2.669059,-313.747101,-1.770736,12.111545,1657.739258,-125.299469,-16.006470,-2223.968506,4.660454,4.861116,9859.865234,4.101385,5.555034,-2922.943115,3.755055,16.882599,-959.612366,10.424674,-1.092672,13353.805664,2.044626,12.504622,11006.000977,-5.260801,21.300734,1140.825562,9.427062,-2.426505,5323.556152,1.100856,-5.875781,-2379.161377,-2.339259,-20.524502,-369.387878,13.627564,-8.981586,5725.470215,-0.928653,0.654750,3701.347412,1.962858,-11.264711,-3384.996338,51.395714,3.190517,1642.596680,69.428253,47.028542,-1490.473755,-8.458611,14.268756,2586.254639,11.074531,25.627613,1969.039429,49.699028,-6.078243,-177.466873,-66.175491,2.241135,51.641464,-16.079636,1.013756,299.191467,6.628532,1.133025,269.360840,-0.078906,-4.891036,531.197815,-0.147402,-0.488337,-365.523132,1.740445,-24.517090,-482.124817,-0.766207,-4.786968,545.348267,-0.863227,-0.974782,-354.572601,1.778080,-24.582460,-470.188629,-0.726870,-4.360318,565.263611,-1.586557,-1.434729,-342.109436,1.781515,-24.683908,-451.061737,0.701817,16.665728,-233.710526,-6.000000,-0.225782,-73.379280,0.676477,-2.160192,364.166504,-5.977413,0.709772,1486.665039,-6.457028,17.627775,-470.714325,0.510086,5.804103,4160.579590,12.314755,-74.021576,274.628632,-3.156801,-3.916174,486.522095,8.390175,-3.412485,-2453.428467,16.130816,-63.613892,-636.196167,1,1
302,3140,-0.084079,0.938242,-0.371392,0.459485,-0.011399,-0.888043,-0.011107,-0.084079,0.938242,-0.371392,0.459485,-0.011399,-0.888043,-0.011107,-0.085174,0.858868,-0.276549,0.474157,-0.039204,-0.875070,-0.088829,0.004059,0.857317,-0.402689,0.488855,-0.059995,-0.869688,-0.032625,-0.147779,0.461204,-0.327073,0.447525,0.022425,-0.893873,0.014478,-0.053322,0.456032,-0.401261,0.513439,-0.019043,-0.856566,0.048076,-0.121316,0.054122,-0.317654,0.410372,0.042006,-0.910872,0.011910,-0.040658,0.050987,-0.353482,0.585641,0.007712,-0.810448,0.011799,0.000557,1.016660,-0.312484,0.458800,-0.004258,-0.888527,0.002104,-0.001740,1.200607,-0.314705,0.440161,0.020513,-0.897369,0.023791,-0.008671,1.320371,-0.317662,0.440161,0.020513,-0.897369,0.023791,-0.017335,1.470075,-0.321358,0.440161,0.020513,-0.897369,0.023791,-0.007747,1.304402,-0.317268,0.480750,0.203862,-0.851068,-0.054801,-0.007747,1.304402,-0.317268,0.379653,-0.153679,-0.904385,0.119723,-0.119286,1.396137,-0.173196,0.372019,-0.109642,-0.921241,-0.029911,0.097629,1.394136,-0.462312,0.457209,0.082130,-0.880336,-0.096042,-0.211458,1.123318,-0.195725,0.394554,0.062880,-0.807575,-0.433816,0.077036,1.121472,-0.553038,0.410929,-0.365391,-0.808539,-0.209503,-0.283645,0.983067,-0.371799,0.453533,-0.024538,-0.828710,-0.327025,-0.106405,0.974323,-0.577125,0.422392,-0.265781,-0.852260,-0.156838,0.000000,0.000000,0.000000,0.530333,-7.688029,-1479.583984,-1.745046,3.669943,-1205.943115,-125.292755,0.959124,2423.656250,4.607716,-7.534095,-1770.744507,4.031090,-10.042123,-2228.165283,3.765496,1.491615,-2198.712158,10.274935,-21.391323,-2899.807129,2.026385,-2.605915,-2158.648193,-5.249427,1.624925,-2810.829834,9.404566,-3.213746,-112.463028,1.039473,-8.769035,-413.322052,-2.335542,0.530924,3007.917969,13.575087,-7.496834,212.107391,-0.894252,4.914514,608.537720,2.070609,15.393019,3808.247314,51.488316,13.228826,1434.044067,69.401764,-3.784180,-7258.960449,-8.351462,15.306882,148.303711,11.146645,10.301999,-2189.373535,49.745186,6.593976,1810.317261,-66.191299,-2.258301,-642.776489,-16.081791,-0.307901,-188.808060,6.624689,-0.549112,-240.305252,-0.034152,6.393452,1612.069702,-0.102915,6.355285,977.660217,1.720131,-2.901946,3087.877686,-0.722783,6.203447,1570.059448,-0.817678,6.507005,1068.826660,1.757779,-2.900055,3097.486572,-0.684579,6.041484,1485.971680,-1.539937,6.659950,1156.382690,1.761768,-2.821020,3123.269775,0.620423,-11.627666,-4041.913330,-6.000000,0.000000,32.254627,0.727401,7.274883,1347.867920,-5.948902,4.073075,480.471832,-6.530174,-10.449341,-4011.016357,0.354758,-22.189768,-3999.124268,12.272503,-6.036077,9712.213867,-3.110529,6.610291,1503.780884,8.453055,8.982931,1770.773682,16.101351,-4.209246,8486.377930,1,1
303,3157,-0.083042,0.938226,-0.372254,0.460422,-0.010947,-0.887571,-0.010483,-0.083042,0.938226,-0.372254,0.460422,-0.010947,-0.887571,-0.010483,-0.083827,0.858913,-0.277356,0.474138,-0.039076,-0.875072,-0.088968,0.005143,0.857402,-0.403683,0.489784,-0.060247,-0.869198,-0.031250,-0.146394,0.461262,-0.328029,0.447493,0.022539,-0.893889,0.014327,-0.051825,0.456097,-0.401112,0.513748,-0.020454,-0.856416,0.046866,-0.119903,0.054179,-0.318760,0.410250,0.042388,-0.910909,0.011956,-0.040634,0.050978,-0.353592,0.585867,0.007474,-0.810281,0.012183,0.001609,1.016800,-0.313576,0.459315,-0.003857,-0.888263,0.001882,-0.000692,1.200752,-0.315506,0.439813,0.020772,-0.897582,0.021893,-0.007477,1.320534,-0.318030,0.439813,0.020772,-0.897582,0.021893,-0.015959,1.470261,-0.321184,0.439813,0.020772,-0.897582,0.021893,-0.006573,1.304563,-0.317693,0.480139,0.206707,-0.850545,-0.057553,-0.006573,1.304563,-0.317693,0.381108,-0.154438,-0.903884,0.117896,-0.116454,1.394546,-0.171606,0.388187,-0.102002,-0.915573,-0.025132,0.098995,1.394239,-0.462522,0.456085,0.081055,-0.881017,-0.096052,-0.204241,1.120883,-0.191627,0.400077,0.057839,-0.802696,-0.438488,0.077952,1.121465,-0.553010,0.410325,-0.366313,-0.808703,-0.208443,-0.280443,0.982359,-0.367377,0.457885,-0.021417,-0.826047,-0.327916,-0.105601,0.974383,-0.576650,0.421524,-0.267704,-0.852013,-0.157243,0.000000,0.000000,0.000000,0.488880,-2.438424,308.800232,-1.666787,4.603463,54.912945,-125.171661,7.123162,362.590454,4.569515,-2.247109,310.999207,4.133202,6.006577,944.041199,3.764084,-0.083110,-92.630867,9.955229,-18.806232,152.064148,1.791819,-13.798012,-658.358643,-5.233600,0.931011,-40.818485,9.498031,5.497932,512.451660,1.068225,1.691320,615.315002,-2.215513,7.060570,384.096802,13.573744,-0.078987,436.343964,-0.930075,-2.107249,-413.044800,2.089827,1.130441,-838.975159,51.390244,-5.768944,-1117.515869,69.442192,2.378127,362.488617,-8.326450,1.471295,-813.858032,10.931240,-12.670854,-1351.344360,50.576515,48.901726,2488.691162,-67.445168,-73.756950,-4205.802734,-15.498178,34.330200,2037.535400,7.400074,45.610931,2715.296631,-0.073141,-2.293469,-510.995361,-0.155088,-3.068964,-554.367615,1.631376,-5.220855,-136.406403,-0.760270,-2.205095,-494.620117,-0.871958,-3.192947,-570.585449,1.669965,-5.165570,-133.265549,-0.719380,-2.047122,-475.800354,-1.596196,-3.309306,-586.426880,1.674493,-5.133783,-136.044907,0.710001,5.269268,993.937256,-5.808806,11.246681,661.569519,1.038693,18.311325,649.202454,-5.991517,-2.506761,-387.049164,-6.432434,5.749394,952.866699,0.268014,-5.102592,1005.127991,12.038848,-13.744410,-453.431335,-2.801849,18.157637,679.255554,7.625266,-48.693489,-3392.730713,14.835892,-74.438774,-4131.148926,1,1
304,3162,-0.083000,0.938248,-0.371046,0.460586,-0.011001,-0.887484,-0.010548,-0.083000,0.938248,-0.371046,0.460586,-0.011001,-0.887484,-0.010548,-0.083763,0.858928,-0.276154,0.474032,-0.039310,-0.875137,-0.088788,0.005160,0.857412,-0.402514,0.490173,-0.059865,-0.868989,-0.031696,-0.146420,0.461264,-0.326617,0.447415,0.022297,-0.893930,0.014516,-0.051708,0.456095,-0.400381,0.514015,-0.020190,-0.856305,0.046076,-0.120038,0.054180,-0.317120,0.410148,0.042039,-0.910969,0.012159,-0.040648,0.050895,-0.353525,0.585784,0.007779,-0.810344,0.011846,0.001684,1.016804,-0.312394,0.459567,-0.004528,-0.888131,0.001421,-0.000170,1.200764,-0.314271,0.440283,0.018871,-0.897423,0.020674,-0.006419,1.320576,-0.316730,0.440283,0.018871,-0.897423,0.020674,-0.014230,1.470341,-0.319803,0.440283,0.018871,-0.897423,0.020674,-0.005586,1.304601,-0.316402,0.480392,0.205268,-0.850645,-0.059088,-0.005586,1.304601,-0.316402,0.380663,-0.155961,-0.903928,0.116986,-0.115055,1.394768,-0.170165,0.388014,-0.102314,-0.915609,-0.025236,0.100555,1.394103,-0.460997,0.454808,0.081366,-0.881739,-0.095216,-0.203028,1.121149,-0.190174,0.400176,0.057844,-0.802578,-0.438614,0.080030,1.121284,-0.551205,0.409772,-0.366090,-0.808864,-0.209295,-0.279275,0.982677,-0.365945,0.458006,-0.021392,-0.825945,-0.328007,-0.103548,0.974311,-0.575324,0.421184,-0.267873,-0.852081,-0.157502,0.000000,0.000000,0.000000,0.492331,0.690180,625.720886,-1.675692,-1.780987,-1276.890015,-125.150497,4.232788,-578.074768,4.586751,3.447342,1138.890259,4.070446,-12.551117,-3711.538574,3.796178,6.418800,1300.382080,9.912495,-8.546829,2051.880615,1.746722,-9.019351,955.732117,-5.200251,6.669807,1147.759399,9.481679,-3.270340,-1753.654541,1.042447,-5.155635,-1369.390991,-2.177325,7.637453,115.376564,13.573081,-0.132561,-10.714811,-0.923985,1.218069,665.063416,2.077514,-2.462482,-718.584595,51.486275,19.206238,4995.036133,69.545891,20.739746,3672.323486,-8.255964,14.097214,2525.183594,10.972954,8.342743,4202.719238,50.585049,1.706696,-9439.005859,-67.386894,11.654663,17082.324219,-15.500207,-0.405884,-6947.217285,7.402797,0.544548,-9013.276367,-0.030481,8.532095,2165.112793,-0.144569,2.103645,1034.521729,1.558434,-14.588522,-1873.533447,-0.717726,8.508658,2142.750732,-0.861197,2.152121,1069.013550,1.597528,-14.487338,-1864.353516,-0.676059,8.664144,2142.253174,-1.585082,2.222633,1106.387939,1.603146,-14.269495,-1827.142334,0.682646,-5.471063,-2148.066162,-5.961106,-30.459881,-8341.312500,1.087229,9.707189,-1720.827393,-6.000000,-1.696682,162.015823,-6.456100,-4.733276,-2096.533936,0.261004,-1.401955,740.127563,11.785004,-50.768852,-7404.889160,-2.765643,7.241202,-2183.287109,7.691844,13.315582,12401.814453,14.656266,-35.925102,7702.734375,1,1
305,3170,-0.082954,0.938232,-0.371179,0.460524,-0.010874,-0.887519,-0.010471,-0.082954,0.938232,-0.371179,0.460524,-0.010874,-0.887519,-0.010471,-0.083707,0.858915,-0.276285,0.474107,-0.039214,-0.875093,-0.088869,0.005235,0.857422,-0.402632,0.490218,-0.059890,-0.868965,-0.031604,-0.146331,0.461257,-0.326836,0.447488,0.022377,-0.893894,0.014394,-0.051612,0.456104,-0.400421,0.514021,-0.020291,-0.856303,0.046003,-0.119934,0.054171,-0.317460,0.410330,0.042163,-0.910883,0.012037,-0.040652,0.050901,-0.353573,0.585831,0.007644,-0.810306,0.012194,0.001699,1.016815,-0.312516,0.459448,-0.004481,-0.888192,0.001140,-0.000074,1.200778,-0.314235,0.440042,0.018745,-0.897566,0.019677,-0.006190,1.320601,-0.316494,0.440042,0.018745,-0.897566,0.019677,-0.013835,1.470379,-0.319318,0.440042,0.018745,-0.897566,0.019677,-0.005374,1.304625,-0.316193,0.479870,0.206099,-0.850647,-0.060402,-0.005374,1.304625,-0.316193,0.380324,-0.156654,-0.904040,0.116296,-0.114442,1.394199,-0.169387,0.392164,-0.098989,-0.914284,-0.022202,0.100951,1.393926,-0.460707,0.455198,0.080856,-0.881789,-0.093298,-0.200132,1.120053,-0.188247,0.400517,0.057985,-0.802326,-0.438746,0.080702,1.120904,-0.549855,0.409078,-0.366235,-0.808805,-0.210623,-0.276429,0.981635,-0.364039,0.458382,-0.020836,-0.825993,-0.327395,-0.103071,0.974273,-0.574567,0.421002,-0.267823,-0.852237,-0.157229,0.000000,0.000000,0.000000,0.491319,-0.126470,-102.081238,-1.658713,2.122402,487.923615,-125.158470,-0.996590,-653.672241,4.592159,0.675917,-346.428162,4.087455,2.126038,1834.644287,3.809092,1.614332,-600.558533,9.892083,-2.551436,749.424072,1.704175,-5.318418,462.616608,-5.167620,4.078805,-323.875244,9.499798,2.264857,691.899658,1.045210,0.345424,687.632324,-2.195113,-2.223432,-1232.610596,13.568611,-0.558734,-53.271652,-0.926798,-0.351630,-196.212357,2.082692,0.647277,388.719879,51.665840,22.445679,404.930115,69.621277,9.423256,-1414.561279,-8.198894,7.133842,-870.421509,11.156760,22.975803,1829.132568,50.896744,38.961887,4656.898926,-67.879898,-61.625481,-9160.017578,-15.504195,-0.498533,-11.581182,7.499305,12.063444,1439.862061,-0.041520,-1.379894,-1238.998657,-0.151210,-0.830121,-366.720734,1.517820,-5.076781,1188.967651,-0.728473,-1.343362,-1231.502563,-0.868646,-0.931121,-385.405304,1.556849,-5.084872,1175.308228,-0.685980,-1.240022,-1238.020752,-1.593295,-1.026601,-406.154236,1.562303,-5.105317,1145.522339,0.751698,8.631520,1762.822876,-5.991247,-3.767610,3336.533936,1.199412,14.022886,539.462219,-5.998358,0.205219,237.737595,-6.389088,8.376539,1638.726929,0.355531,11.815794,1652.218628,11.527036,-32.245995,2315.357178,-2.672936,11.588305,543.387939,7.492659,-24.898170,-4776.719238,14.006187,-81.259850,-5666.843262,1,1
306,3176,-0.083729,0.938212,-0.371605,0.460698,-0.010709,-0.887434,-0.010168,-0.083729,0.938212,-0.371605,0.460698,-0.010709,-0.887434,-0.010168,-0.084400,0.858930,-0.276681,0.474152,-0.039197,-0.875074,-0.088818,0.004493,0.857440,-0.403062,0.490759,-0.059418,-0.868727,-0.030623,-0.146994,0.461264,-0.327199,0.447538,0.022383,-0.893869,0.014415,-0.051614,0.456035,-0.400309,0.514257,-0.020283,-0.856164,0.045958,-0.120584,0.054178,-0.317811,0.410327,0.042162,-0.910884,0.012054,-0.040653,0.050827,-0.353500,0.585632,0.007535,-0.810454,0.011938,0.000902,1.016865,-0.313005,0.459573,-0.004267,-0.888128,0.001564,-0.001034,1.200825,-0.314844,0.440072,0.019063,-0.897530,0.020340,-0.007289,1.320639,-0.317212,0.440072,0.019063,-0.897530,0.020340,-0.015107,1.470406,-0.320172,0.440072,0.019063,-0.897530,0.020340,-0.006455,1.304664,-0.316896,0.480002,0.206490,-0.850519,-0.059801,-0.006455,1.304664,-0.316896,0.380105,-0.156669,-0.904019,0.117154,-0.115741,1.394207,-0.170222,0.391436,-0.097544,-0.914811,-0.019580,0.100054,1.393712,-0.461365,0.453407,0.080590,-0.882926,-0.091486,-0.200085,1.119741,-0.188096,0.400532,0.057208,-0.802867,-0.437842,0.080292,1.120472,-0.549574,0.409055,-0.366351,-0.808735,-0.210734,-0.276491,0.980920,-0.363521,0.457870,-0.021824,-0.825805,-0.328520,-0.103530,0.973906,-0.574302,0.421042,-0.267900,-0.852202,-0.157180,0.000000,0.000000,0.000000,0.468895,-3.737216,-601.791077,-1.625998,5.452513,555.018494,-125.135796,3.779094,795.947266,4.505507,-14.442047,-2519.660645,4.089371,0.319322,-301.119354,3.858420,8.221309,1101.162720,9.763906,-21.362783,-3135.224609,1.730670,4.415949,1622.394531,-5.168235,-0.102441,-696.874268,9.532886,5.514622,541.627380,1.046944,0.289003,-9.403462,-2.178619,2.749046,828.746338,13.564981,-0.605106,-7.728735,-0.926303,0.082423,72.342239,2.081840,-0.142018,-131.549118,51.742897,12.842814,-1600.477417,69.899773,46.415966,6165.451660,-8.194774,0.686646,-1074.532593,11.176927,3.361066,-3269.122803,51.071644,29.150009,-1635.312988,-67.987549,-17.941793,7280.613770,-15.393071,18.520674,3169.867920,7.275928,-37.229382,-8215.470703,-0.039995,0.254095,272.331573,-0.157463,-1.042085,-35.327343,1.532697,2.479533,1259.385742,-0.726832,0.273486,269.474701,-0.874673,-1.004368,-12.207776,1.571826,2.496163,1263.505981,-0.684412,0.261317,250.223190,-1.599106,-0.968496,9.684096,1.577388,2.514045,1269.893433,0.802098,8.400033,-38.581211,-6.000000,-1.458883,384.787720,1.214992,2.596557,-1904.388184,-5.996181,0.362953,26.288961,-6.332290,9.466331,181.631882,0.251894,-17.272671,-4848.077637,11.422147,-17.481485,2460.751465,-2.673687,-0.125051,-1952.226074,7.558217,10.926406,5970.763184,13.754019,-42.028111,6538.623047,1,1
307,3184,-0.084572,0.938156,-0.372204,0.460751,-0.010706,-0.887407,-0.010132,-0.084572,0.938156,-0.372204,0.460751,-0.010706,-0.887407,-0.010132,-0.085228,0.858880,-0.277274,0.474228,-0.039169,-0.875018,-0.088981,0.003650,0.857386,-0.403666,0.491383,-0.058878,-0.868454,-0.029393,-0.147869,0.461237,-0.327913,0.447614,0.022406,-0.893833,0.014230,-0.051567,0.455878,-0.400217,0.514521,-0.020295,-0.856003,0.045981,-0.121509,0.054145,-0.318671,0.410482,0.042223,-0.910814,0.011826,-0.040590,0.050673,-0.353393,0.585615,0.007601,-0.810484,0.010661,0.000063,1.016816,-0.313618,0.459651,-0.004398,-0.888087,0.001428,-0.001766,1.200779,-0.315415,0.440208,0.018663,-0.897482,0.019864,-0.007885,1.320600,-0.317722,0.440208,0.018663,-0.897482,0.019864,-0.015533,1.470377,-0.320606,0.440208,0.018663,-0.897482,0.019864,-0.007069,1.304624,-0.317415,0.479740,0.206185,-0.850697,-0.060425,-0.007069,1.304624,-0.317415,0.380301,-0.157450,-0.903828,0.116941,-0.116296,1.394159,-0.170700,0.391337,-0.097625,-0.914839,-0.019862,0.099705,1.393433,-0.461807,0.452244,0.080736,-0.883778,-0.088844,-0.200747,1.119720,-0.188699,0.400682,0.057028,-0.802791,-0.437867,0.080838,1.119919,-0.548785,0.408882,-0.364922,-0.809174,-0.211863,-0.277258,0.980902,-0.364081,0.457920,-0.021462,-0.825939,-0.328137,-0.102692,0.973120,-0.574286,0.421309,-0.268868,-0.851636,-0.157873,0.000000,0.000000,0.000000,0.465228,-0.523929,459.041016,-1.623824,0.310574,-734.562683,-125.128960,0.976562,-400.361572,4.352439,-21.866800,-1060.679077,4.095929,0.936917,88.227852,3.933971,10.792936,367.375397,9.613004,-21.557535,-27.821676,1.859972,18.471666,2007.959717,-5.262649,-13.487679,-1912.176880,9.552144,2.751214,-394.772491,1.059922,1.853875,223.553116,-2.184256,-0.704706,-431.718903,13.563066,-0.239372,45.716763,-0.924461,0.230260,18.479612,2.088729,0.861079,125.387054,51.813622,8.840561,-500.281677,70.232277,41.563034,-606.616516,-7.894103,37.583889,4612.155273,11.100902,-9.503126,-1608.024048,51.039127,-4.064560,-4151.821289,-67.972382,1.895905,2479.712158,-15.359379,4.211545,-1788.641113,7.348982,9.131729,5795.138672,-0.035252,0.592893,42.349663,-0.154180,0.410330,181.551880,1.508128,-3.071040,-693.821655,-0.722105,0.590928,39.680241,-0.871565,0.388511,174.109818,1.547278,-3.068477,-695.580017,-0.679390,0.627726,45.801205,-1.596143,0.370428,167.365494,1.552939,-3.056049,-696.261780,0.852099,6.250083,-268.743683,-5.999536,0.058055,189.617279,1.226608,1.452059,-143.062317,-5.957057,4.890442,565.936157,-6.276928,6.920278,-318.256561,0.213767,-4.765917,1563.344238,11.061416,-45.091393,-3451.238281,-2.664985,1.087666,151.589508,7.562836,0.577331,-1293.634399,13.699368,-6.831408,4399.587402,1,1
308,3195,-0.083858,0.938220,-0.371231,0.461290,-0.011344,-0.887111,-0.010821,-0.083858,0.938220,-0.371231,0.461290,-0.011344,-0.887111,-0.010821,-0.084537,0.858882,-0.276352,0.474139,-0.039393,-0.875043,-0.089109,0.004183,0.857315,-0.402854,0.491965,-0.058938,-0.868098,-0.030042,-0.147384,0.461269,-0.327003,0.447476,0.022359,-0.893900,0.014410,-0.051332,0.455844,-0.399798,0.515108,-0.020278,-0.855686,0.045328,-0.120995,0.054182,-0.317608,0.410180,0.042204,-0.910947,0.012063,-0.040580,0.050579,-0.353446,0.585799,0.007727,-0.810349,0.010728,0.000987,1.016692,-0.312698,0.460077,-0.004765,-0.887865,0.001052,-0.000737,1.200655,-0.314466,0.440392,0.018820,-0.897383,0.020116,-0.006917,1.320473,-0.316810,0.440392,0.018820,-0.897383,0.020116,-0.014641,1.470245,-0.319739,0.440392,0.018820,-0.897383,0.020116,-0.006093,1.304497,-0.316497,0.480281,0.206365,-0.850368,-0.060147,-0.006093,1.304497,-0.316497,0.380565,-0.157648,-0.903625,0.117386,-0.115170,1.394031,-0.169667,0.392322,-0.097154,-0.914492,-0.018692,0.100565,1.393055,-0.461064,0.452788,0.080021,-0.883695,-0.087535,-0.199137,1.119528,-0.187076,0.400547,0.056125,-0.802745,-0.438192,0.081640,1.119346,-0.547193,0.408965,-0.364933,-0.809121,-0.211883,-0.276014,0.980824,-0.362389,0.457577,-0.021951,-0.825749,-0.329060,-0.101900,0.972557,-0.572680,0.421277,-0.268888,-0.851588,-0.158184,0.000000,0.000000,0.000000,0.500629,3.218263,340.199341,-1.725447,-9.238438,-868.091980,-125.059479,6.316445,485.443848,4.320844,-2.872250,1726.777344,4.039597,-5.121144,-550.732849,3.943209,0.839884,-904.822998,9.615901,0.263388,1983.720215,1.779058,-7.355864,-2347.957275,-5.217395,4.113934,1600.146606,9.471998,-7.285985,-912.472656,1.085134,2.292005,39.829983,-2.108123,6.921205,693.264587,13.602853,3.617027,350.581726,-0.931519,-0.641639,-79.263519,2.088137,-0.053774,-83.168427,51.830914,1.572002,-660.778076,70.336586,9.482644,-2916.399170,-7.908648,-1.322356,-3536.931396,11.069400,-2.863797,603.575378,51.191879,13.886539,1631.918091,-68.113113,-12.793801,-1335.427856,-15.279012,7.306099,281.323090,7.313392,-3.235513,-1124.294800,-0.045970,-0.974317,-142.473633,-0.169789,-1.418978,-166.300690,1.554259,4.193653,660.426575,-0.732523,-0.947118,-139.822327,-0.886884,-1.392717,-161.929733,1.593437,4.196243,660.429077,-0.690085,-0.972244,-145.451843,-1.611223,-1.370896,-158.302185,1.598960,4.183704,658.159424,0.900675,4.416005,-166.734390,-5.977408,2.011559,177.591293,1.231086,0.407046,-95.001175,-6.000000,-3.903909,-799.486511,-6.228837,4.371903,-231.670471,0.238479,2.246545,637.496521,10.980578,-7.348841,3431.141357,-2.663581,0.127641,-87.274994,7.538065,-2.251842,-257.197479,13.607682,-8.335027,-136.692642,1,1
309,3207,-0.083843,0.938222,-0.371161,0.461446,-0.011547,-0.887026,-0.010946,-0.083843,0.938222,-0.371161,0.461446,-0.011547,-0.887026,-0.010946,-0.084526,0.858881,-0.276285,0.474168,-0.039245,-0.875048,-0.088970,0.004149,0.857277,-0.402818,0.491958,-0.058841,-0.868113,-0.029912,-0.147215,0.461240,-0.326893,0.447525,0.022420,-0.893875,0.014398,-0.051242,0.455793,-0.399710,0.515026,-0.020313,-0.855741,0.045198,-0.120785,0.054155,-0.317531,0.410315,0.042209,-0.910888,0.011936,-0.040575,0.050516,-0.353432,0.585746,0.007605,-0.810389,0.010673,0.001061,1.016652,-0.312655,0.460102,-0.004800,-0.887853,0.000995,-0.000680,1.200614,-0.314408,0.440138,0.019108,-0.897500,0.020195,-0.006929,1.320428,-0.316740,0.440138,0.019108,-0.897500,0.020195,-0.014740,1.470196,-0.319655,0.440138,0.019108,-0.897500,0.020195,-0.006095,1.304453,-0.316429,0.479924,0.207226,-0.850352,-0.060267,-0.006095,1.304453,-0.316429,0.380096,-0.157518,-0.903828,0.117513,-0.115361,1.393534,-0.169549,0.392466,-0.094825,-0.914687,-0.018073,0.100780,1.393012,-0.460816,0.451373,0.080424,-0.884482,-0.086519,-0.197981,1.118765,-0.187154,0.400468,0.056136,-0.802752,-0.438249,0.082471,1.119261,-0.546592,0.408432,-0.364691,-0.809229,-0.212914,-0.274848,0.980086,-0.362492,0.457689,-0.022318,-0.825699,-0.329005,-0.101110,0.972618,-0.572620,0.421281,-0.269146,-0.851560,-0.157889,0.000000,0.000000,0.000000,0.502277,0.137319,-256.745361,-1.752779,-2.277662,580.064636,-125.039291,1.682281,-386.180298,4.280631,-3.351132,-39.906818,4.020030,-1.630584,290.880005,3.923201,-1.667400,-208.940323,9.582578,-2.776941,-253.360672,1.776474,-0.215342,595.043518,-5.202836,1.213312,-241.718491,9.426521,-3.789743,291.353516,1.110491,2.113074,-14.910877,-2.093582,1.211723,-475.790192,13.583324,-1.627366,-437.032715,-0.916818,1.225114,155.562698,2.087691,-0.037173,1.383400,51.959171,10.688146,759.678650,70.461304,10.393143,75.874886,-7.783300,10.445714,980.672546,11.187529,9.844065,1058.988525,51.252968,5.090714,-732.985413,-68.325104,-17.665863,-406.005127,-15.327998,-4.082203,-949.025146,7.303430,-0.830134,200.448318,-0.059757,-1.148952,-14.552886,-0.186824,-1.419549,-0.047594,1.569980,1.310150,-240.291916,-0.745887,-1.113623,-13.875464,-0.904088,-1.433671,-3.412823,1.609171,1.311163,-240.423325,-0.703206,-1.093452,-10.100682,-1.628610,-1.448979,-6.506920,1.614529,1.297454,-240.520828,0.920879,1.683697,-227.692322,-6.000000,-1.882633,-324.515961,1.303849,6.063650,471.383759,-5.989695,0.858784,396.891083,-6.205031,1.983801,-199.008469,0.182932,-4.628963,-572.958923,10.883603,-8.081277,-61.036346,-2.600424,5.263090,427.954102,7.540881,0.234604,207.203796,13.421509,-15.514453,-598.285522,1,1
310,3214,-0.084675,0.938198,-0.371596,0.461637,-0.011543,-0.886927,-0.010862,-0.084675,0.938198,-0.371596,0.461637,-0.011543,-0.886927,-0.010862,-0.085310,0.858870,-0.276709,0.474058,-0.039202,-0.875111,-0.088957,0.003310,0.857256,-0.403281,0.492595,-0.058333,-0.867817,-0.028995,-0.147955,0.461225,-0.327331,0.447434,0.022389,-0.893922,0.014322,-0.051342,0.455686,-0.399686,0.515389,-0.020195,-0.855524,0.045228,-0.121577,0.054136,-0.318010,0.410185,0.042142,-0.910951,0.011872,-0.040558,0.050409,-0.353444,0.585815,0.007589,-0.810340,0.010547,0.000247,1.016643,-0.313138,0.460287,-0.004848,-0.887756,0.000976,-0.001455,1.200606,-0.314879,0.440315,0.018951,-0.897421,0.019970,-0.007647,1.320424,-0.317178,0.440315,0.018951,-0.897421,0.019970,-0.015387,1.470197,-0.320051,0.440315,0.018951,-0.897421,0.019970,-0.006821,1.304448,-0.316871,0.480119,0.207138,-0.850244,-0.060541,-0.006821,1.304448,-0.316871,0.380725,-0.157811,-0.903538,0.117314,-0.115864,1.393538,-0.169827,0.393657,-0.094594,-0.914217,-0.017137,0.099979,1.392932,-0.461349,0.451700,0.080128,-0.884359,-0.086346,-0.198224,1.118711,-0.186831,0.401716,0.054740,-0.802312,-0.438090,0.081568,1.119107,-0.546990,0.407615,-0.365101,-0.809594,-0.212389,-0.275849,0.979909,-0.361737,0.458380,-0.022748,-0.824985,-0.329804,-0.102032,0.972472,-0.572929,0.419870,-0.269464,-0.851985,-0.158809,0.000000,0.000000,0.000000,0.493564,-1.244613,-197.418900,-1.748042,0.676666,422.046906,-125.014435,3.550938,266.950958,4.167705,-16.132219,-1825.869507,4.010643,-1.340866,41.388325,3.983209,8.572612,1462.858765,9.472231,-15.763827,-1855.269531,1.798003,3.075634,470.139343,-5.200524,0.330176,-126.162361,9.431222,0.671523,637.323669,1.124038,1.935278,-25.399479,-2.055927,5.379405,595.383118,13.570285,-1.862798,-33.633247,-0.916077,0.105790,-159.903442,2.083724,-0.566721,-75.649643,51.954811,-0.622886,-1615.861572,70.339882,-17.345974,-3962.730957,-7.887753,-14.921869,-3623.940674,11.025320,-23.172651,-4716.673340,51.302299,7.047381,279.523926,-68.368942,-6.262643,1629.031372,-15.170168,22.547176,3804.197021,7.239539,-9.127344,-1185.315796,-0.059511,0.035118,169.152832,-0.187575,-0.107333,187.459442,1.556719,-1.894491,-457.805847,-0.745579,0.043997,165.374298,-0.905002,-0.130568,186.157471,1.595927,-1.892039,-457.600250,-0.702665,0.077307,167.251328,-1.629670,-0.151413,185.366592,1.601318,-1.887424,-454.982513,0.933270,1.770079,12.340307,-5.947265,7.533550,1345.168945,1.311776,1.132301,-704.478455,-6.000000,-1.472201,-332.997772,-6.191978,1.864774,-17.003946,0.179494,-0.491155,591.115295,10.820295,-9.043966,-137.527054,-2.596756,0.524010,-677.011414,7.492545,-6.905079,-1019.954651,13.282006,-19.928934,-630.640137,1,1
311,3225,-0.086071,0.938332,-0.371439,0.461634,-0.011916,-0.886917,-0.011433,-0.086071,0.938332,-0.371439,0.461634,-0.011916,-0.886917,-0.011433,-0.086801,0.858942,-0.276605,0.474127,-0.038971,-0.875087,-0.088920,0.001817,0.857306,-0.403178,0.492537,-0.057680,-0.867893,-0.029020,-0.149275,0.461275,-0.327288,0.447436,0.022726,-0.893910,0.014501,-0.052403,0.455665,-0.399870,0.515487,-0.019142,-0.855444,0.046063,-0.122586,0.054206,-0.317959,0.410263,0.042587,-0.910892,0.012071,-0.040528,0.050434,-0.353491,0.585883,0.007216,-0.810294,0.010654,-0.001056,1.016637,-0.312929,0.460691,-0.006887,-0.887533,-0.001166,-0.001278,1.200617,-0.314177,0.441617,0.013581,-0.896980,0.014761,-0.005766,1.320521,-0.315916,0.441617,0.013581,-0.896980,0.014761,-0.011376,1.470400,-0.318088,0.441617,0.013581,-0.896980,0.014761,-0.005168,1.304534,-0.315684,0.480152,0.204147,-0.850458,-0.067075,-0.005168,1.304534,-0.315684,0.382730,-0.163474,-0.902235,0.112984,-0.112894,1.393244,-0.167690,0.395032,-0.091536,-0.913956,-0.015965,0.102949,1.392167,-0.459781,0.449256,0.078682,-0.885987,-0.083698,-0.193418,1.118051,-0.184721,0.401281,0.054463,-0.802826,-0.437582,0.084715,1.118002,-0.543790,0.407125,-0.365115,-0.809628,-0.213176,-0.270947,0.979034,-0.359498,0.457788,-0.023471,-0.825078,-0.330340,-0.098973,0.971546,-0.570115,0.419784,-0.269225,-0.852193,-0.158321,0.000000,0.000000,0.000000,0.531878,3.483084,429.790649,-1.816193,-6.195556,-624.747498,-125.015091,-0.059648,-328.235107,4.060316,-9.762634,579.053162,3.933611,-7.002939,-514.733887,3.977597,-0.510172,-825.707642,9.578293,9.641994,2309.620117,1.951792,13.980811,991.379700,-5.128254,6.570036,567.260010,9.337903,-8.483540,-832.278381,1.152663,2.602284,60.636974,-2.066720,-0.981223,-578.238831,13.590977,1.881079,340.352509,-0.924691,-0.783118,-80.809822,2.092926,0.836546,127.569702,51.985149,2.758026,307.355621,70.793442,41.232716,5325.335449,-7.852266,3.226107,1649.816040,11.176111,13.708288,3352.812744,51.333099,2.799988,-386.126648,-68.821075,-41.103016,-3167.306885,-15.146517,2.150102,-1854.279419,7.111925,-11.601231,-224.898773,0.028370,7.989191,723.097534,-0.136180,4.672216,434.504486,1.308975,-22.522179,-1875.244263,-0.658405,7.924881,716.444092,-0.854231,4.615583,431.468292,1.348906,-22.456440,-1869.491089,-0.613123,8.140158,732.986450,-1.579202,4.587986,430.854492,1.356299,-22.274429,-1853.364014,0.972965,3.608623,167.140305,-5.994303,-4.276189,-1073.612671,1.576002,24.020597,2080.754150,-6.000000,0.000000,133.836426,-6.142236,4.521977,241.563919,0.115887,-5.782389,-481.021210,9.811407,-91.717110,-7515.740234,-2.396387,18.215418,1608.309814,7.624648,12.009317,1719.490601,12.186274,-99.612061,-7243.920410,1,1
312,3238,-0.086674,0.938209,-0.372105,0.461491,-0.011857,-0.886994,-0.011216,-0.086674,0.938209,-0.372105,0.461491,-0.011857,-0.886994,-0.011216,-0.087410,0.858851,-0.277245,0.474250,-0.039247,-0.875012,-0.088883,0.001249,0.857200,-0.403788,0.491883,-0.057657,-0.868279,-0.028609,-0.150069,0.461199,-0.327781,0.447669,0.022278,-0.893808,0.014243,-0.052799,0.455534,-0.400244,0.514900,-0.019067,-0.855762,0.046749,-0.123796,0.054102,-0.318485,0.410557,0.041996,-0.910791,0.011793,-0.040618,0.050364,-0.353408,0.585629,0.007798,-0.810468,0.010943,-0.001701,1.016560,-0.313594,0.460575,-0.006654,-0.887595,-0.001096,-0.002029,1.200540,-0.314781,0.441538,0.014157,-0.897013,0.014519,-0.006615,1.320442,-0.316407,0.441538,0.014157,-0.897013,0.014519,-0.012348,1.470318,-0.318439,0.441538,0.014157,-0.897013,0.014519,-0.006003,1.304455,-0.316190,0.480041,0.204510,-0.850426,-0.067170,-0.006003,1.304455,-0.316190,0.382957,-0.163067,-0.902247,0.112710,-0.113675,1.393120,-0.168078,0.395977,-0.091473,-0.913570,-0.015026,0.101970,1.392249,-0.460287,0.449777,0.079177,-0.885714,-0.083323,-0.193992,1.117923,-0.184518,0.401721,0.053487,-0.802389,-0.438100,0.084058,1.118001,-0.544255,0.406633,-0.364601,-0.810322,-0.212354,-0.272081,0.979094,-0.359196,0.457957,-0.023267,-0.824868,-0.330646,-0.099340,0.971173,-0.570530,0.419170,-0.269733,-0.852354,-0.158221,0.000000,0.000000,0.000000,0.513275,-1.431053,-378.010529,-1.798658,1.348862,580.339905,-125.033325,-1.402635,-103.306679,4.043750,-1.274292,652.949341,3.943246,0.741152,595.699280,3.909995,-5.200130,-360.765930,9.609419,2.394310,-557.514221,1.967855,1.235650,-980.397034,-5.209841,-6.275910,-988.149719,9.373661,2.750617,864.165894,1.122975,-2.283628,-375.839478,-2.099753,-2.540992,-119.982254,13.551447,-3.040754,-378.602539,-0.913735,0.842828,125.072792,2.080636,-0.945421,-137.074402,51.951214,-2.610427,-412.957947,70.678070,-8.874746,-3854.420166,-7.779732,5.579545,181.033707,11.036148,-10.766397,-1882.668091,51.486717,11.816758,693.597717,-68.854736,-2.589299,2962.593750,-15.037512,8.384998,479.607391,7.197280,6.565791,1397.463379,0.002878,-1.960914,-765.392639,-0.132012,0.320680,-334.733551,1.303399,-0.428888,1699.483887,-0.683971,-1.966637,-760.886047,-0.850707,0.271045,-334.195251,1.342910,-0.461230,1691.939331,-0.638678,-1.965738,-777.376648,-1.576342,0.220051,-335.994995,1.349571,-0.517561,1673.605347,0.986564,1.046098,-197.117264,-5.959522,2.675460,534.742249,1.548100,-2.146336,-2012.841064,-6.000000,0.000000,0.000000,-6.129873,0.950997,-274.690796,0.146810,2.378711,627.776978,9.739003,-5.569531,6626.736816,-2.425655,-2.251405,-1574.371094,7.562930,-4.747501,-1288.986084,12.086806,-7.651329,7073.902832,1,1
313,3266,-0.086467,0.938770,-0.372809,0.461362,-0.011330,-0.887076,-0.010591,-0.086467,0.938770,-0.372809,0.461362,-0.011330,-0.887076,-0.010591,-0.087112,0.859470,-0.277900,0.473407,-0.035126,-0.876199,-0.083229,0.001588,0.857874,-0.404416,0.491598,-0.057941,-0.868432,-0.028278,-0.144578,0.460817,-0.326042,0.447728,0.023065,-0.893753,0.014586,-0.052528,0.456222,-0.400543,0.514618,-0.019431,-0.855911,0.046984,-0.117605,0.053765,-0.316785,0.410047,0.040351,-0.911094,0.011890,-0.040520,0.051084,-0.353386,0.585404,0.006396,-0.810648,0.010576,-0.001631,1.017286,-0.314322,0.460442,-0.006396,-0.887666,-0.001343,-0.001869,1.201270,-0.315248,0.441389,0.013867,-0.897121,0.012517,-0.006180,1.321186,-0.316474,0.441389,0.013867,-0.897121,0.012517,-0.011570,1.471081,-0.318006,0.441389,0.013867,-0.897121,0.012517,-0.005606,1.305197,-0.316310,0.479440,0.204823,-0.850518,-0.069314,-0.005606,1.305197,-0.316310,0.382797,-0.164510,-0.902218,0.111385,-0.113064,1.393349,-0.167786,0.397090,-0.089781,-0.913256,-0.014931,0.102989,1.392532,-0.460053,0.447831,0.077690,-0.887092,-0.080491,-0.192541,1.118007,-0.184410,0.402842,0.051892,-0.802009,-0.437959,0.085248,1.117938,-0.542284,0.406002,-0.364499,-0.810412,-0.213389,-0.271436,0.979064,-0.358635,0.458488,-0.022975,-0.824773,-0.330166,-0.098228,0.971305,-0.569091,0.418894,-0.269650,-0.852529,-0.158151,0.000000,0.000000,0.000000,0.477799,-1.313919,4.338273,-1.711950,3.211392,68.982597,-125.049866,-0.612612,29.260099,4.115409,2.654023,145.493149,4.009038,2.436753,62.800030,3.887307,-0.840311,161.474777,9.596807,-0.467124,-105.979012,2.081572,4.211721,110.224861,-5.152600,2.120018,310.960327,8.670789,-26.032305,-1066.034058,1.247881,4.626128,255.916916,-1.964955,4.992525,279.019165,12.840862,-26.317949,-862.118347,-0.758431,5.751996,181.821060,1.833156,-9.165901,-304.462189,52.002888,1.913848,167.565720,71.099541,15.610023,906.843323,-7.724773,2.035512,-131.260483,11.153761,4.356031,560.089905,51.427242,-2.202776,-519.242004,-69.070915,-8.006626,-200.641739,-14.856403,6.707721,-62.121372,7.328592,4.863403,-63.051399,-0.015948,-0.697254,46.802219,-0.130620,0.051539,-9.968192,1.200590,-3.807739,-125.142639,-0.702665,-0.692368,47.195160,-0.850990,-0.010453,-10.425857,1.239859,-3.816680,-124.275917,-0.655910,-0.638247,49.166359,-1.578200,-0.068810,-10.698572,1.246128,-3.831188,-122.726913,1.129676,5.300447,157.568451,-5.997986,-1.424577,-151.853241,1.608667,2.243250,162.577240,-6.000000,0.000000,0.000000,-5.983369,5.426071,165.743484,0.114624,-1.192098,-132.252182,9.305724,-16.047373,-388.068207,-2.380609,1.668365,145.176651,7.526451,-1.351074,125.793594,11.748522,-12.529055,-180.656509,1,1
314,3275,-0.086396,0.939061,-0.372976,0.461528,-0.011636,-0.886981,-0.010985,-0.086396,0.939061,-0.372976,0.461528,-0.011636,-0.886981,-0.010985,-0.087077,0.859722,-0.278100,0.473465,-0.034097,-0.876328,-0.081957,0.001573,0.858099,-0.404650,0.491674,-0.058008,-0.868387,-0.028220,-0.143300,0.460863,-0.325707,0.448308,0.022595,-0.893493,0.013420,-0.052568,0.456449,-0.400705,0.514723,-0.019444,-0.855839,0.047137,-0.117085,0.053746,-0.317148,0.411204,0.040420,-0.910562,0.012393,-0.040498,0.051326,-0.353439,0.585569,0.006356,-0.810528,0.010598,-0.001467,1.017475,-0.314488,0.460931,-0.006887,-0.887407,-0.002039,-0.001364,1.201461,-0.315228,0.442534,0.013005,-0.896587,0.011203,-0.005353,1.321390,-0.316258,0.442534,0.013005,-0.896587,0.011203,-0.010338,1.471302,-0.317545,0.442534,0.013005,-0.896587,0.011203,-0.004821,1.305400,-0.316120,0.480180,0.204792,-0.849947,-0.071251,-0.004821,1.305400,-0.316120,0.384139,-0.166187,-0.901403,0.110865,-0.111668,1.393088,-0.166996,0.399341,-0.087517,-0.912503,-0.014357,0.104295,1.392159,-0.459716,0.444477,0.077084,-0.889219,-0.076078,-0.189903,1.117565,-0.183644,0.403266,0.050877,-0.801498,-0.438622,0.087702,1.117104,-0.539694,0.404848,-0.363210,-0.811208,-0.214751,-0.269396,0.978873,-0.357796,0.458765,-0.022844,-0.824580,-0.330274,-0.095507,0.970331,-0.567550,0.417926,-0.270180,-0.852625,-0.159283,0.000000,0.000000,0.000000,0.501327,2.352789,366.670837,-1.763959,-5.200827,-841.221985,-125.028572,2.129364,274.197632,4.057777,-5.763197,-841.721863,4.007195,-0.184298,-262.105011,3.875833,-1.147366,-30.705486,9.609510,1.270390,173.751328,2.095174,1.360250,-285.147186,-5.160567,-0.796700,-291.671753,8.430444,-24.034500,199.780472,1.302289,5.440843,81.471489,-1.944290,2.066481,-292.604401,12.517128,-32.373428,-605.547913,-0.955708,-19.727707,-2547.970215,1.817406,-1.575053,759.084839,52.114105,11.121750,920.790222,71.666077,56.653595,4104.356934,-7.517074,20.769930,1873.441650,11.076593,-7.716751,-1207.278198,51.528576,10.133362,1233.613770,-69.410744,-33.982849,-2597.622314,-14.773802,8.260155,155.243347,7.448100,11.950731,708.732788,-0.011799,0.414917,111.217102,-0.089026,4.159402,410.786316,1.160201,-4.038906,-23.116709,-0.699367,0.329787,102.215408,-0.809799,4.119039,412.949127,1.199012,-4.084742,-26.806234,-0.652969,0.294131,93.237755,-1.537391,4.080844,414.965424,1.204902,-4.122651,-29.146290,1.248418,11.874199,657.375244,-5.996309,0.167704,159.228119,1.716349,10.768115,852.486511,-6.000000,0.000000,0.000000,-5.853115,13.025475,759.940308,-0.094089,-20.871284,-1967.918701,8.655308,-65.041641,-4899.426758,-2.291425,8.918405,725.003967,7.506717,-1.973391,-62.231659,11.381064,-36.745739,-2421.668457,1,1
315,3280,-0.086455,0.939136,-0.373017,0.461546,-0.011909,-0.886967,-0.011074,-0.086455,0.939136,-0.373017,0.461546,-0.011909,-0.886967,-0.011074,-0.087175,0.859806,-0.278132,0.474234,-0.034201,-0.875956,-0.081449,0.001468,0.858121,-0.404687,0.491464,-0.057988,-0.868510,-0.028129,-0.143332,0.460875,-0.325302,0.448905,0.023054,-0.893162,0.014611,-0.052625,0.456465,-0.400700,0.514511,-0.019452,-0.855961,0.047222,-0.116337,0.053824,-0.316066,0.411581,0.042097,-0.910320,0.012085,-0.040538,0.051351,-0.353366,0.585308,0.006397,-0.810715,0.010687,-0.001478,1.017508,-0.314539,0.460618,-0.007446,-0.887564,-0.002316,-0.001075,1.201494,-0.315279,0.441560,0.011860,-0.897091,0.010597,-0.004752,1.321433,-0.316303,0.441560,0.011860,-0.897091,0.010597,-0.009347,1.471357,-0.317585,0.441560,0.011860,-0.897091,0.010597,-0.004262,1.305441,-0.316167,0.479114,0.204053,-0.850680,-0.071801,-0.004262,1.305441,-0.316167,0.383694,-0.167305,-0.901497,0.109960,-0.110826,1.393279,-0.166950,0.401724,-0.087596,-0.911468,-0.013039,0.105156,1.392087,-0.459655,0.444768,0.076842,-0.889064,-0.076430,-0.188842,1.117720,-0.182761,0.402950,0.050467,-0.801760,-0.438480,0.088328,1.117006,-0.539754,0.404546,-0.363485,-0.811458,-0.213912,-0.268388,0.978964,-0.356838,0.458109,-0.023015,-0.824618,-0.331075,-0.094840,0.970128,-0.567323,0.417426,-0.270423,-0.852836,-0.159052,0.000000,0.000000,0.000000,0.495899,-1.085621,-687.682068,-1.796409,-6.489992,-257.832916,-125.026100,0.494385,-326.995850,4.025084,-6.538677,-155.096054,3.985055,-4.428148,-848.770142,3.847487,-5.669260,-904.378906,9.607575,-0.387001,-331.478119,2.092911,-0.452757,-362.601257,-5.164804,-0.847340,-10.128021,8.360550,-13.978767,2011.146484,1.280329,-4.392028,-1966.573975,-2.038692,-18.880415,-4189.379395,12.615088,19.592094,10393.104492,-0.874725,16.196537,7184.848633,2.009075,38.333843,7981.779785,52.041706,-14.479828,-5120.315430,71.570580,-19.099426,-15150.604492,-7.558438,-8.272934,-5808.572754,11.006903,-13.938141,-1244.277954,51.637093,21.703339,2313.995361,-69.624641,-42.779541,-1759.338257,-14.684671,17.826080,1913.185181,7.369849,-15.650177,-5520.181641,0.006284,3.616590,640.334656,-0.132220,-8.638729,-2559.626221,1.125714,-6.897473,-571.713440,-0.680361,3.801274,694.297485,-0.853045,-8.649230,-2553.653809,1.165330,-6.736398,-530.331177,-0.632585,4.076910,756.555786,-1.580612,-8.644176,-2545.003906,1.172277,-6.524896,-480.449127,1.222618,-5.159998,-3406.839355,-5.948472,9.567356,1879.930420,1.748781,6.486511,-856.320801,-6.000000,0.000000,0.000000,-5.882766,-5.930328,-3791.160645,-0.022063,14.405275,7055.311523,8.583351,-14.391327,10130.062500,-2.263616,5.561733,-671.334290,7.315584,-38.226700,-7250.662598,11.092339,-57.745171,-4199.886230,1,1
316,3288,-0.087152,0.939191,-0.373398,0.461684,-0.011591,-0.886902,-0.010828,-0.087152,0.939191,-0.373398,0.461684,-0.011591,-0.886902,-0.010828,-0.087781,0.859873,-0.278503,0.473670,-0.033486,-0.876387,-0.080378,0.000825,0.858241,-0.405084,0.492957,-0.057711,-0.867706,-0.027365,-0.142977,0.460769,-0.325217,0.448521,0.023107,-0.893352,0.014720,-0.052751,0.456529,-0.400572,0.515809,-0.019343,-0.855176,0.047349,-0.115911,0.053724,-0.315906,0.411737,0.041756,-0.910267,0.011990,-0.040452,0.051423,-0.353223,0.585217,0.006279,-0.810801,0.009091,-0.002220,1.017638,-0.314957,0.460621,-0.007111,-0.887564,-0.002829,-0.001770,1.201625,-0.315330,0.441262,0.012192,-0.897255,0.008545,-0.005300,1.321572,-0.315879,0.441262,0.012192,-0.897255,0.008545,-0.009713,1.471506,-0.316565,0.441262,0.012192,-0.897255,0.008545,-0.004830,1.305579,-0.315806,0.478425,0.204259,-0.850864,-0.073614,-0.004830,1.305579,-0.315806,0.383371,-0.167463,-0.901822,0.108169,-0.111339,1.393171,-0.166334,0.401714,-0.087663,-0.911463,-0.013252,0.104993,1.392450,-0.458811,0.443419,0.077615,-0.889768,-0.075286,-0.189451,1.117600,-0.182229,0.403406,0.049861,-0.802009,-0.437674,0.088957,1.117260,-0.538573,0.404294,-0.362402,-0.812116,-0.213726,-0.269160,0.978484,-0.355944,0.458319,-0.023547,-0.824602,-0.330790,-0.093841,0.969968,-0.566390,0.417369,-0.270673,-0.852836,-0.158774,0.000000,0.000000,0.000000,0.487500,-1.199829,-16.315374,-1.751119,6.470016,1851.429688,-125.008247,2.550398,293.716125,3.967456,-8.232559,-241.983139,4.021614,5.222695,1378.692017,4.025221,25.390625,4437.126465,9.534304,-10.467393,-1440.055908,2.275356,26.063612,3788.052734,-5.254614,-12.830053,-1711.816284,8.254562,-15.141078,-166.044357,1.289582,1.321844,816.267395,-1.937724,14.424051,4757.780762,12.482753,-18.905094,-5499.598145,-0.829149,6.510888,-1383.664185,1.978170,-4.415019,-6106.980469,52.034950,-0.965118,1930.672729,71.708054,19.639151,5534.082520,-7.400300,22.591249,4409.168945,10.943216,-9.098053,691.441101,51.495182,-20.272936,-5996.610352,-69.656624,-4.568917,5458.660645,-14.640042,6.375585,-1635.785034,7.313551,-8.042540,1086.805298,-0.035575,-5.979850,-1370.920166,-0.147844,-2.231977,915.250366,1.049448,-10.895116,-571.091797,-0.721704,-5.906079,-1386.764771,-0.870421,-2.482227,881.000427,1.088652,-10.953955,-602.508179,-0.672402,-5.688225,-1395.019287,-1.599678,-2.723711,845.780640,1.094732,-11.077966,-650.438538,1.274751,7.447567,1801.080688,-5.999477,-7.286480,-2407.690918,1.716351,-4.632899,-1588.487061,-6.000000,0.000000,0.000000,-5.830760,7.429395,1908.531982,-0.022375,-0.044580,-2064.265137,8.257561,-46.541485,-4592.879883,-2.304988,-5.910260,-1638.856201,7.311060,-0.646182,5368.645020,10.925662,-23.810930,4847.749023,1,1
317,3293,-0.086871,0.939037,-0.373637,0.461676,-0.011608,-0.886906,-0.010896,-0.086871,0.939037,-0.373637,0.461676,-0.011608,-0.886906,-0.010896,-0.087509,0.859710,-0.278750,0.474153,-0.032784,-0.876150,-0.080404,0.001099,0.858083,-0.405330,0.492791,-0.057977,-0.867780,-0.027440,-0.142239,0.460577,-0.325718,0.449033,0.023606,-0.893090,0.014254,-0.052698,0.456398,-0.400776,0.515726,-0.019508,-0.855213,0.047507,-0.114970,0.053534,-0.316948,0.411870,0.041894,-0.910217,0.010616,-0.040453,0.051311,-0.353247,0.585224,0.006149,-0.810795,0.009294,-0.001933,1.017470,-0.315187,0.460625,-0.007171,-0.887562,-0.002655,-0.001508,1.201457,-0.315675,0.441303,0.012058,-0.897230,0.009211,-0.005080,1.321402,-0.316381,0.441303,0.012058,-0.897230,0.009211,-0.009545,1.471333,-0.317265,0.441303,0.012058,-0.897230,0.009211,-0.004604,1.305410,-0.316287,0.478413,0.204652,-0.850807,-0.073258,-0.004604,1.305410,-0.316287,0.383242,-0.167836,-0.901708,0.108992,-0.111090,1.392764,-0.166765,0.402816,-0.086108,-0.911128,-0.013034,0.105458,1.391945,-0.459262,0.441526,0.077064,-0.890891,-0.073683,-0.188384,1.117070,-0.182795,0.403845,0.049393,-0.801557,-0.438150,0.089725,1.116621,-0.538130,0.403693,-0.362353,-0.812139,-0.214856,-0.268456,0.978139,-0.356491,0.458649,-0.023479,-0.824226,-0.331273,-0.093179,0.969565,-0.566494,0.416953,-0.270730,-0.852931,-0.159263,0.000000,0.000000,0.000000,0.493559,1.009896,368.287506,-1.756429,-0.885069,-1225.847534,-125.009338,-0.181834,-455.371948,3.981476,2.336661,1761.536743,4.046334,4.120111,-183.763977,4.003447,-3.629049,-4836.612305,9.563736,4.905383,2562.129395,2.267162,-1.365622,-4571.539062,-5.255435,-0.136773,2115.546631,8.213920,-6.773790,1394.548218,1.355296,10.952313,1605.078247,-2.005534,-11.301677,-4287.621094,12.430435,-8.719604,1697.581665,-0.723468,17.613470,1850.430542,1.983344,0.862281,879.549805,52.125809,15.143077,2684.699463,71.971321,43.877918,4039.794678,-7.361419,6.480137,-2685.185303,11.006635,10.569732,3277.964111,51.555431,10.041554,5052.415527,-69.827774,-28.525034,-3992.685791,-14.588528,8.585771,368.364258,7.336881,3.888369,1988.484741,-0.018477,2.849591,1471.573608,-0.146774,0.178188,401.694122,1.071703,3.709157,2434.045410,-0.704689,2.835711,1456.964966,-0.868760,0.276903,459.855011,1.111147,3.749132,2450.514404,-0.655766,2.772748,1410.162109,-1.597436,0.373662,516.228699,1.117660,3.821452,2483.236328,1.312577,6.304363,-190.533875,-6.000000,-0.087102,1199.896362,1.789665,12.218991,2808.648438,-5.982394,2.934376,489.062744,-5.787095,7.277647,-25.291285,-0.138873,-19.416365,-3228.630859,8.165174,-15.397708,5190.629395,-2.232685,12.050469,2993.455078,7.252435,-9.770870,-1520.781372,10.853217,-12.074153,1956.129517,1,1
318,3304,-0.088224,0.939076,-0.372988,0.461707,-0.011714,-0.886886,-0.011074,-0.088224,0.939076,-0.372988,0.461707,-0.011714,-0.886886,-0.011074,-0.088884,0.859728,-0.278118,0.474082,-0.033015,-0.876192,-0.080274,-0.000285,0.858097,-0.404704,0.492812,-0.057240,-0.867808,-0.027748,-0.143725,0.460588,-0.324912,0.448951,0.023461,-0.893130,0.014533,-0.053703,0.456346,-0.400665,0.515882,-0.018381,-0.855116,0.048012,-0.116461,0.053550,-0.315883,0.411640,0.041565,-0.910332,0.010973,-0.040450,0.051276,-0.353262,0.585341,0.006386,-0.810710,0.009185,-0.003254,1.017467,-0.314526,0.461152,-0.007582,-0.887285,-0.002696,-0.002646,1.201453,-0.315123,0.442857,0.011069,-0.896474,0.009445,-0.006032,1.321402,-0.315979,0.442857,0.011069,-0.896474,0.009445,-0.010263,1.471339,-0.317048,0.442857,0.011069,-0.896474,0.009445,-0.005580,1.305409,-0.315865,0.480037,0.203976,-0.850027,-0.073572,-0.005580,1.305409,-0.315865,0.384780,-0.168446,-0.900879,0.109487,-0.111412,1.392869,-0.165994,0.404762,-0.085368,-0.910356,-0.011482,0.104293,1.391721,-0.459159,0.441511,0.076717,-0.890934,-0.073621,-0.187992,1.117058,-0.181290,0.403413,0.048876,-0.801904,-0.437971,0.088407,1.116377,-0.537913,0.403648,-0.362195,-0.812174,-0.215072,-0.268123,0.978046,-0.354894,0.457870,-0.023575,-0.824455,-0.331772,-0.094475,0.969318,-0.566399,0.416977,-0.270438,-0.853029,-0.159171,0.000000,0.000000,0.000000,0.505918,1.123534,10.330699,-1.776706,-1.843322,-87.113914,-125.005493,0.349565,48.308987,3.953259,-2.565124,-445.616791,3.953164,-8.470037,-1144.558960,4.004546,0.099876,338.993134,9.664033,9.117907,382.956726,2.383224,10.551105,1083.338867,-5.223598,2.894315,275.553436,8.188446,-2.315781,405.273529,1.328025,-2.479152,-1221.042358,-1.989490,1.458504,1160.016479,12.448896,1.678293,945.263306,-0.720327,0.285533,-1575.266846,1.959167,-2.197851,-278.193787,52.090382,-3.220645,-1669.429321,72.014847,3.956882,-3629.185059,-7.360330,0.098965,-580.106567,11.046791,3.650578,-629.013916,51.684719,11.753429,155.625000,-70.097717,-24.540295,362.249023,-14.494244,8.571278,-1.317544,7.299541,-3.394604,-662.088379,0.021302,3.616328,69.703384,-0.083718,5.732433,504.931366,1.069805,-0.172593,-352.886414,-0.666094,3.508660,61.177212,-0.804997,5.796579,501.788696,1.109063,-0.189510,-358.058411,-0.618381,3.398597,56.895386,-1.532964,5.861109,498.858856,1.115893,-0.160629,-362.007385,1.289584,-2.090259,-763.147522,-6.000000,0.000000,7.918387,1.844891,5.020554,-654.403381,-6.000000,-1.600569,-412.267761,-5.805321,-1.656922,-812.233643,-0.235023,-8.740910,970.495911,8.123612,-3.778371,1056.303345,-2.189639,3.913338,-739.739258,7.255136,0.245484,910.577698,10.646602,-18.783222,-609.915405,1,1
319,3314,-0.088360,0.939070,-0.373191,0.461584,-0.011745,-0.886949,-0.011132,-0.088360,0.939070,-0.373191,0.461584,-0.011745,-0.886949,-0.011132,-0.089054,0.859715,-0.278327,0.474158,-0.032893,-0.876154,-0.080286,-0.000421,0.858084,-0.404889,0.492798,-0.057299,-0.867811,-0.027781,-0.143818,0.460571,-0.325170,0.449022,0.023570,-0.893092,0.014482,-0.053899,0.456336,-0.400850,0.515957,-0.018276,-0.855055,0.048319,-0.116492,0.053535,-0.316220,0.411745,0.041648,-0.910282,0.010843,-0.040439,0.051293,-0.353280,0.585391,0.006316,-0.810675,0.009183,-0.003397,1.017447,-0.314700,0.460807,-0.007491,-0.887465,-0.002655,-0.002857,1.201433,-0.315303,0.442055,0.011393,-0.896863,0.009691,-0.006338,1.321380,-0.316180,0.442055,0.011393,-0.896863,0.009691,-0.010688,1.471313,-0.317277,0.442055,0.011393,-0.896863,0.009691,-0.005874,1.305387,-0.316063,0.479316,0.204412,-0.850364,-0.073168,-0.005874,1.305387,-0.316063,0.383899,-0.168430,-0.901235,0.109675,-0.111950,1.392738,-0.166317,0.404733,-0.084957,-0.910407,-0.011534,0.104291,1.391687,-0.459147,0.440153,0.078150,-0.891756,-0.070213,-0.188328,1.116902,-0.181733,0.403413,0.048709,-0.801856,-0.438078,0.090077,1.116040,-0.536553,0.403651,-0.362273,-0.812436,-0.213944,-0.268542,0.977932,-0.355332,0.458066,-0.024033,-0.824367,-0.331688,-0.092679,0.968746,-0.564626,0.416914,-0.271317,-0.852854,-0.158778,0.000000,0.000000,0.000000,0.510418,0.449985,-67.354881,-1.782765,-0.605965,123.735779,-125.021385,-1.589203,-193.876801,3.951002,-0.225759,233.936523,3.958953,0.578904,904.894043,4.018314,1.376820,127.694397,9.707091,4.305840,-481.206696,2.423351,4.012704,-653.840149,-5.231049,-0.745106,-363.942047,8.176311,-1.213551,110.223083,1.337718,0.969219,344.837158,-2.015733,-2.624309,-408.281311,12.444737,-0.415897,-209.419067,-0.711497,0.883061,59.752728,1.960301,0.113404,231.125458,52.366268,27.588654,3080.929932,72.172218,15.737152,1178.027100,-7.307004,5.332565,523.359985,10.923275,-12.351608,-1600.218506,51.688175,0.345612,-1140.781738,-70.137581,-3.986359,2055.393555,-14.539713,-4.546928,-1311.820557,7.301651,0.211096,360.569946,0.013297,-0.800556,-441.688385,-0.112394,-2.867680,-860.011353,1.086076,1.627088,179.968094,-0.673581,-0.748676,-425.733582,-0.833631,-2.863359,-865.993835,1.125547,1.648414,183.792450,-0.625539,-0.715756,-411.435394,-1.561565,-2.860117,-872.122559,1.132476,1.658261,181.888992,1.319531,2.994728,508.498718,-6.000000,0.000000,0.000000,1.852455,0.756443,-426.411072,-6.000000,0.000000,160.056885,-5.777207,2.811337,446.825867,-0.237378,-0.235513,850.539673,7.749694,-37.391808,-3361.343750,-2.178902,1.073623,-283.971497,7.206838,-4.829788,-507.527252,10.655469,0.886726,1966.994873,1,1
320,3323,-0.088316,0.939086,-0.373427,0.461563,-0.011813,-0.886957,-0.011281,-0.088316,0.939086,-0.373427,0.461563,-0.011813,-0.886957,-0.011281,-0.089035,0.859713,-0.278579,0.474232,-0.032670,-0.876121,-0.080302,-0.000396,0.858084,-0.405137,0.492682,-0.057448,-0.867867,-0.027779,-0.143651,0.460559,-0.325516,0.449070,0.023804,-0.893063,0.014463,-0.053982,0.456349,-0.401046,0.515897,-0.018352,-0.855080,0.048490,-0.116161,0.053533,-0.316667,0.411806,0.041941,-0.910243,0.010726,-0.040507,0.051324,-0.353324,0.585755,0.007731,-0.810398,0.009305,-0.003336,1.017430,-0.314917,0.460998,-0.007557,-0.887362,-0.003558,-0.002550,1.201417,-0.315093,0.442649,0.011307,-0.896594,0.007246,-0.005753,1.321374,-0.315451,0.442649,0.011307,-0.896594,0.007246,-0.009757,1.471320,-0.315899,0.442649,0.011307,-0.896594,0.007246,-0.005326,1.305380,-0.315404,0.479420,0.203921,-0.850221,-0.075478,-0.005326,1.305380,-0.315404,0.384997,-0.168882,-0.900935,0.107572,-0.110875,1.392809,-0.165165,0.406143,-0.085134,-0.909799,-0.008088,0.104928,1.391867,-0.458276,0.440130,0.078189,-0.891744,-0.070455,-0.186585,1.116820,-0.178665,0.403533,0.048666,-0.802083,-0.437557,0.090684,1.116242,-0.535824,0.403380,-0.362451,-0.812505,-0.213893,-0.266737,0.977628,-0.352114,0.457748,-0.023695,-0.824445,-0.331958,-0.092108,0.968993,-0.563901,0.416569,-0.270769,-0.853237,-0.158558,0.000000,0.000000,0.000000,0.521999,1.158077,70.809128,-1.797575,-1.480985,-87.501999,-125.024231,-0.284576,130.462646,3.939920,-1.108170,-88.241104,3.974784,1.583099,100.419518,4.004971,-1.334333,-271.115295,9.728396,2.130508,-217.533112,2.350475,-7.287621,-1130.032471,-5.378505,-14.745665,-1400.055908,8.147926,-2.838421,-162.487030,1.359232,2.151465,118.224625,-2.029162,-1.342845,128.146408,12.445782,0.104427,52.032471,-0.706053,0.544333,-33.872719,1.970733,1.043141,92.973709,52.371513,0.524521,-2706.413330,72.114708,-5.751038,-2148.818848,-7.385828,-7.882309,-1321.487427,10.975590,5.231476,1758.308350,52.016537,32.836151,3249.053955,-70.162697,-2.511597,147.476196,-14.443873,9.583950,1413.087891,7.240803,-6.084824,-629.591919,-0.026097,-3.939412,-313.885590,-0.083549,2.884523,575.220337,1.009745,-7.633018,-926.010620,-0.713387,-3.980607,-323.193054,-0.806442,2.718902,558.226135,1.048335,-7.721126,-936.953979,-0.664774,-3.923523,-320.776703,-1.535994,2.557123,541.723999,1.053955,-7.852137,-951.039734,1.359920,4.038835,104.410645,-5.996033,0.396681,39.668083,1.790759,-6.169629,-692.607178,-6.000000,0.000000,0.000000,-5.738264,3.894377,108.304031,-0.238750,-0.137191,9.832233,7.505549,-24.414492,1297.731567,-2.272836,-9.393358,-1046.697998,7.186167,-2.067089,276.269928,10.077456,-57.801247,-5868.797363,1,1
321,3338,-0.088293,0.939035,-0.373024,0.462078,-0.012346,-0.886675,-0.011767,-0.088293,0.939035,-0.373024,0.462078,-0.012346,-0.886675,-0.011767,-0.089011,0.859626,-0.278206,0.474726,-0.033543,-0.875752,-0.081044,-0.000523,0.857923,-0.404869,0.492824,-0.057354,-0.867786,-0.027964,-0.144566,0.460611,-0.325305,0.449496,0.023370,-0.892861,0.014338,-0.054118,0.456186,-0.400937,0.516067,-0.018169,-0.854984,0.048453,-0.117430,0.053562,-0.316403,0.411869,0.041507,-0.910232,0.010934,-0.040521,0.051152,-0.353321,0.585771,0.007917,-0.810384,0.009337,-0.003135,1.017238,-0.314583,0.461351,-0.008019,-0.887173,-0.003923,-0.002161,1.201224,-0.314736,0.442671,0.010973,-0.896588,0.007139,-0.005280,1.321183,-0.315106,0.442671,0.010973,-0.896588,0.007139,-0.009180,1.471131,-0.315569,0.442671,0.010973,-0.896588,0.007139,-0.004864,1.305188,-0.315057,0.479379,0.203577,-0.850315,-0.075607,-0.004864,1.305188,-0.315057,0.385018,-0.169172,-0.900884,0.107474,-0.110390,1.392721,-0.164855,0.405853,-0.085468,-0.909898,-0.008043,0.105428,1.391625,-0.457947,0.440256,0.078255,-0.891701,-0.070137,-0.186220,1.116820,-0.178315,0.402344,0.047889,-0.802571,-0.437842,0.091282,1.115970,-0.535343,0.403520,-0.362507,-0.812446,-0.213758,-0.266452,0.977750,-0.351825,0.456619,-0.024106,-0.825148,-0.331737,-0.091516,0.968710,-0.563326,0.416698,-0.270840,-0.853161,-0.158511,0.000000,0.000000,0.000000,0.542214,1.443982,20.421829,-1.877855,-5.734273,-303.806335,-124.957603,4.759107,360.263123,3.880719,-4.228609,-222.888504,3.922898,-3.706115,-377.801025,3.959038,-3.280929,-139.042557,9.747397,1.357215,-55.235260,2.343601,-0.491040,485.470062,-5.373988,0.322683,1076.310425,8.190654,3.051962,420.741638,1.340379,-1.346656,-249.865845,-2.034052,-0.349283,70.968697,12.530539,6.054061,424.973846,-0.740285,-2.445106,-213.531387,1.955348,-1.098939,-153.005737,52.397747,1.873834,96.379494,72.126862,0.868116,472.796661,-7.386919,-0.077997,557.450867,10.966346,-0.660283,-420.839905,52.055317,2.770015,-2147.581055,-70.272278,-7.827214,-379.686951,-14.427885,1.142025,-602.994629,7.336866,6.861653,924.748230,-0.026877,-0.055686,277.408997,-0.105334,-1.556071,-317.185303,1.025841,1.149654,627.333801,-0.713811,-0.030266,282.167175,-0.828037,-1.542530,-304.387970,1.064690,1.168183,634.950623,-0.665037,-0.018814,278.907806,-1.557408,-1.529600,-291.908752,1.070542,1.184838,645.498169,1.354967,-0.353805,-313.759949,-6.000000,-0.283343,-48.573162,1.788523,-0.159689,429.281403,-5.993867,0.438043,31.288790,-5.744375,-0.436510,-309.349091,-0.223646,1.078886,86.862587,7.445623,-4.280431,1438.147217,-2.276850,-0.286698,650.475708,7.202938,1.197917,233.214722,10.063142,-1.022475,4055.626465,1,1
322,3346,-0.088301,0.939097,-0.373236,0.462184,-0.012344,-0.886622,-0.011633,-0.088301,0.939097,-0.373236,0.462184,-0.012344,-0.886622,-0.011633,-0.088986,0.859709,-0.278400,0.474967,-0.033468,-0.875657,-0.080696,-0.000529,0.857988,-0.405083,0.492895,-0.057393,-0.867747,-0.027834,-0.144369,0.460643,-0.325268,0.449724,0.023499,-0.892737,0.014698,-0.054098,0.456250,-0.401039,0.516127,-0.018229,-0.854942,0.048527,-0.117003,0.053614,-0.316160,0.412071,0.041664,-0.910129,0.011244,-0.040508,0.051225,-0.353348,0.585829,0.007799,-0.810343,0.009380,-0.003140,1.017323,-0.314834,0.461391,-0.007990,-0.887153,-0.003805,-0.002198,1.201310,-0.315015,0.442579,0.011053,-0.896632,0.007225,-0.005344,1.321268,-0.315395,0.442579,0.011053,-0.896632,0.007225,-0.009276,1.471215,-0.315871,0.442579,0.011053,-0.896632,0.007225,-0.004924,1.305273,-0.315345,0.479316,0.203688,-0.850333,-0.075509,-0.004924,1.305273,-0.315345,0.384949,-0.169100,-0.900920,0.107525,-0.110519,1.392779,-0.165178,0.405635,-0.085246,-0.910017,-0.007864,0.105368,1.391725,-0.458226,0.440210,0.078309,-0.891720,-0.070132,-0.186186,1.116839,-0.178619,0.402277,0.048071,-0.802673,-0.437698,0.091255,1.116079,-0.535633,0.403531,-0.362486,-0.812420,-0.213871,-0.266308,0.977712,-0.352135,0.456530,-0.023934,-0.825275,-0.331555,-0.091552,0.968838,-0.563658,0.416693,-0.270841,-0.853136,-0.158654,0.000000,0.000000,0.000000,0.528463,-1.718879,-395.357605,-1.870550,0.913158,830.928894,-124.943825,1.722336,-379.596405,3.883597,0.359744,573.544006,3.925859,0.370055,509.521240,3.955241,-0.474572,350.794617,9.740955,-0.805259,-270.309204,2.348609,0.626117,139.644638,-5.371084,0.362933,5.031269,8.164704,-3.243685,-786.955811,1.336717,-0.457764,111.111565,-2.049640,-1.948535,-199.906525,12.534369,0.478864,-696.899658,-0.737241,0.380419,353.190674,1.958548,0.400096,187.379440,52.408882,1.391888,-60.243263,72.131638,0.597000,-33.889496,-7.386208,0.088930,20.865883,10.962300,-0.505686,19.324675,52.061161,0.730515,-254.937592,-70.276428,-0.518799,913.551880,-14.429277,-0.174046,-164.508820,7.341662,0.599444,-782.776123,-0.030519,-0.455318,-49.954018,-0.113697,-1.045370,63.837723,1.025551,-0.036195,-148.231171,-0.717301,-0.436343,-50.759609,-0.836467,-1.053765,61.095566,1.064455,-0.029385,-149.696014,-0.668367,-0.416189,-49.671955,-1.565904,-1.062006,58.449268,1.070316,-0.028342,-151.647522,1.354325,-0.080138,34.208275,-5.994656,0.667989,118.916588,1.792068,0.443056,75.343201,-5.995229,-0.170231,-76.034241,-5.744918,-0.067949,46.070133,-0.224576,-0.116335,-149.402603,7.453685,1.007736,661.020813,-2.274863,0.248283,66.872688,7.212903,1.245677,5.970046,10.046422,-2.089977,-133.437775,1,1
323,3368,-0.088258,0.939070,-0.373083,0.462387,-0.012622,-0.886511,-0.011735,-0.088258,0.939070,-0.373083,0.462387,-0.012622,-0.886511,-0.011735,-0.088945,0.859689,-0.278241,0.475269,-0.033247,-0.875565,-0.080004,-0.000548,0.857908,-0.404966,0.492787,-0.057319,-0.867814,-0.027825,-0.143919,0.460522,-0.324683,0.450111,0.023522,-0.892537,0.014977,-0.054061,0.456162,-0.400952,0.515991,-0.018211,-0.855029,0.048449,-0.116427,0.053506,-0.315395,0.411674,0.041616,-0.910317,0.010731,-0.040499,0.051129,-0.353320,0.585743,0.007653,-0.810408,0.009241,-0.003023,1.017251,-0.314726,0.461141,-0.008528,-0.887277,-0.004070,-0.001798,1.201236,-0.314908,0.441418,0.009979,-0.897221,0.006682,-0.004655,1.321201,-0.315290,0.441418,0.009979,-0.897221,0.006682,-0.008226,1.471158,-0.315767,0.441418,0.009979,-0.897221,0.006682,-0.004274,1.305206,-0.315239,0.478149,0.202706,-0.851198,-0.075803,-0.004274,1.305206,-0.315239,0.384067,-0.170103,-0.901210,0.106667,-0.109982,1.393069,-0.165314,0.404939,-0.085916,-0.910278,-0.006101,0.106426,1.391581,-0.457912,0.440023,0.078324,-0.891793,-0.070361,-0.185573,1.117083,-0.177751,0.402125,0.047359,-0.803483,-0.436426,0.092298,1.115939,-0.535469,0.402842,-0.362728,-0.812714,-0.213640,-0.265674,0.977409,-0.350837,0.455802,-0.024731,-0.825450,-0.332061,-0.090521,0.968717,-0.563517,0.416310,-0.271463,-0.853268,-0.157883,0.000000,0.000000,0.000000,0.523662,-0.218251,68.210373,-1.904406,-1.538911,-111.457672,-124.917297,1.205791,-23.479303,3.856213,-1.244762,-72.932068,3.892869,-1.499534,-84.981316,3.916360,-1.767321,-58.761314,9.729021,-0.542467,11.945065,2.364862,0.738772,5.120703,-5.359271,0.536962,7.910423,8.056782,-4.905571,-75.540260,1.347838,0.505512,43.785275,-2.059623,-0.453797,67.942650,12.482013,-2.379851,-129.941574,-0.657426,3.627964,147.615662,1.985596,1.229427,37.696861,52.404293,-0.208595,-72.749191,72.034492,-4.415686,-227.849350,-7.320310,2.995361,132.110489,10.997515,1.600656,95.742790,52.105015,1.993353,57.401737,-70.252068,1.107303,73.913696,-14.315238,5.183610,243.529800,7.154935,-8.487571,-413.046173,-0.014100,0.746319,54.619858,-0.172659,-2.680081,-74.305084,0.994869,-1.394624,-61.746777,-0.699743,0.798090,56.110600,-0.895497,-2.683163,-74.063507,1.034758,-1.349866,-60.021877,-0.649254,0.868743,58.406029,-1.624924,-2.682719,-73.668762,1.041827,-1.294933,-57.572300,1.324290,-1.365255,-58.414402,-5.977457,0.781796,5.173044,1.782448,-0.437265,-40.014606,-5.999352,-0.187397,-0.780279,-5.778799,-1.540032,-66.912865,-0.159161,2.973428,140.443802,7.382796,-3.222249,-192.272018,-2.298620,-1.079863,-60.370266,7.196021,-0.767383,-91.502731,9.785828,-11.845199,-443.419159,1,1
324,3373,-0.088188,0.939114,-0.373064,0.462489,-0.012678,-0.886453,-0.012002,-0.088188,0.939114,-0.373064,0.462489,-0.012678,-0.886453,-0.012002,-0.088881,0.859694,-0.278255,0.475193,-0.033279,-0.875595,-0.080105,-0.000513,0.857936,-0.405001,0.492789,-0.057356,-0.867809,-0.027852,-0.143912,0.460542,-0.324761,0.450026,0.023506,-0.892581,0.014923,-0.054064,0.456195,-0.400992,0.516010,-0.018221,-0.855016,0.048474,-0.116453,0.053522,-0.315503,0.411676,0.041601,-0.910315,0.010942,-0.040497,0.051165,-0.353338,0.585784,0.007638,-0.810378,0.009314,-0.002913,1.017241,-0.314693,0.461211,-0.008221,-0.887240,-0.004610,-0.001736,1.201226,-0.314561,0.441393,0.010979,-0.897229,0.005557,-0.004689,1.321190,-0.314594,0.441393,0.010979,-0.897229,0.005557,-0.008380,1.471145,-0.314636,0.441393,0.010979,-0.897229,0.005557,-0.004295,1.305195,-0.314590,0.477911,0.203479,-0.851064,-0.076731,-0.004295,1.305195,-0.314590,0.384043,-0.169586,-0.901423,0.105779,-0.110105,1.392751,-0.164491,0.404574,-0.085389,-0.910491,-0.005842,0.106567,1.391879,-0.456935,0.438706,0.080492,-0.892517,-0.066871,-0.185335,1.116762,-0.176954,0.401378,0.046382,-0.803776,-0.436678,0.094530,1.116000,-0.533302,0.402685,-0.361519,-0.813398,-0.213383,-0.265681,0.977188,-0.350006,0.454914,-0.024458,-0.826284,-0.331224,-0.087874,0.968308,-0.561579,0.416476,-0.273437,-0.852513,-0.158120,0.000000,0.000000,0.000000,0.547538,4.775250,998.700073,-1.924249,-3.968668,-485.951477,-124.904465,2.566528,272.147430,3.831909,-4.860687,-723.185120,3.902636,1.953316,690.569885,3.902428,-2.786303,-203.796295,9.735826,1.361084,380.710266,2.359844,-1.003599,-348.474304,-5.355922,0.669765,26.560699,8.038449,-3.666496,247.814850,1.344266,-0.714421,-243.986740,-2.036010,4.722691,1035.297607,12.487581,1.113701,698.710327,-0.683507,-5.216205,-1768.833984,1.973748,-2.369523,-719.790039,52.679256,54.992676,11040.253906,72.200348,33.171082,7517.354004,-6.978277,68.406677,13082.263672,10.779085,-43.685913,-9057.313477,52.157204,10.437775,1688.884399,-70.392120,-28.010559,-5823.572266,-14.239505,15.146637,1992.605469,7.358256,40.664101,9830.333984,-0.065410,-10.262029,-2201.669434,-0.175494,-0.566992,422.617828,0.986339,-1.706052,-62.285564,-0.750972,-10.245692,-2208.756348,-0.899372,-0.774944,381.643768,1.025464,-1.858735,-101.773735,-0.700266,-10.202229,-2214.194580,-1.629872,-0.989556,338.632446,1.031136,-2.138162,-168.645813,1.380756,11.293149,2531.680908,-6.000000,-4.508686,-1058.096436,1.748825,-6.724572,-1257.461426,-6.000000,-0.129604,11.558533,-5.724071,10.945702,2497.146973,-0.175946,-3.357139,-1266.113525,6.854389,-105.681419,-20491.832031,-2.340238,-8.323431,-1448.713623,7.226439,6.083584,1370.193237,9.675832,-21.999168,-2030.793945,1,1
325,3378,-0.089397,0.939093,-0.374273,0.462588,-0.012681,-0.886404,-0.011804,-0.089397,0.939093,-0.374273,0.462588,-0.012681,-0.886404,-0.011804,-0.090055,0.859705,-0.279437,0.475117,-0.033302,-0.875642,-0.080037,-0.001715,0.857919,-0.406202,0.493039,-0.056698,-0.867767,-0.026029,-0.145070,0.460546,-0.325889,0.449981,0.023407,-0.892607,0.014887,-0.054051,0.456049,-0.401153,0.515819,-0.018319,-0.855111,0.048788,-0.117697,0.053521,-0.316620,0.411640,0.041494,-0.910336,0.010929,-0.040433,0.051052,-0.353236,0.585306,0.006289,-0.810739,0.008925,-0.004123,1.017255,-0.315949,0.461320,-0.008571,-0.887179,-0.004778,-0.002705,1.201239,-0.315786,0.441531,0.009936,-0.897179,0.004678,-0.005340,1.321211,-0.315741,0.441531,0.009936,-0.897179,0.004678,-0.008634,1.471174,-0.315684,0.441531,0.009936,-0.897179,0.004678,-0.004989,1.305214,-0.315747,0.477828,0.202848,-0.851162,-0.077825,-0.004989,1.305214,-0.315747,0.384352,-0.171022,-0.901086,0.105210,-0.110523,1.392764,-0.165478,0.405225,-0.084744,-0.910269,-0.004680,0.106037,1.391471,-0.458182,0.439309,0.079470,-0.892440,-0.065138,-0.185165,1.116677,-0.177440,0.401475,0.046242,-0.803735,-0.436680,0.093892,1.115373,-0.533414,0.402633,-0.361377,-0.813446,-0.213540,-0.265584,0.977099,-0.350455,0.454830,-0.024082,-0.826372,-0.331148,-0.088485,0.967669,-0.561792,0.416414,-0.272869,-0.852742,-0.158030,0.000000,0.000000,0.000000,0.527144,-3.398985,-1362.372437,-1.914134,1.685778,942.407715,-124.891350,2.185822,-63.451130,3.630103,-33.634342,-4795.608887,3.914464,1.971404,3.014664,3.923241,3.468792,1042.515747,9.544342,-31.914076,-5545.859863,2.496137,22.715490,3953.181641,-5.285226,11.782725,1852.160034,8.052249,2.299945,994.406799,1.351938,1.278619,332.173370,-2.014427,3.597220,-187.578476,12.472843,-2.456347,-595.007996,-0.684867,-0.226667,831.589783,1.972132,-0.269413,350.018341,52.689911,1.775742,-8869.489258,72.344498,24.024963,-1524.353027,-7.014805,-6.088018,-12415.782227,10.826490,7.900874,8597.797852,52.283463,21.043142,1767.561157,-70.468666,-12.757619,2542.156738,-14.187555,8.658250,-1081.397827,7.396108,6.308635,-5725.910645,-0.049275,2.689264,2158.548828,-0.174127,0.227893,132.480927,0.930869,-9.244979,-1256.487915,-0.734704,2.711246,2159.489746,-0.898395,0.162790,156.289017,0.970233,-9.205153,-1224.402954,-0.683162,2.850533,2175.460205,-1.629208,0.110666,183.370377,0.976395,-9.123494,-1164.222046,1.431830,8.512477,-463.445343,-5.997660,0.389973,816.443176,1.793964,7.523199,2374.628662,-5.999599,0.066916,32.753414,-5.677895,7.695913,-541.631409,-0.112716,10.538389,2315.921387,6.585093,-44.882614,10133.133789,-2.312436,4.633665,2159.515869,7.220838,-0.933409,-1169.498779,9.375474,-50.059635,-4676.744629,1,1
326,3384,-0.089311,0.939226,-0.373752,0.462714,-0.012668,-0.886336,-0.011982,-0.089311,0.939226,-0.373752,0.462714,-0.012668,-0.886336,-0.011982,-0.089953,0.859807,-0.278942,0.475704,-0.032916,-0.875319,-0.080244,-0.001650,0.858051,-0.405733,0.492967,-0.056825,-0.867796,-0.026141,-0.144810,0.460654,-0.325655,0.450478,0.023973,-0.892343,0.014828,-0.054120,0.456198,-0.400716,0.515762,-0.018444,-0.855148,0.048687,-0.117038,0.053650,-0.316655,0.411276,0.040597,-0.910522,0.012395,-0.040635,0.051194,-0.352815,0.583983,0.006841,-0.811688,0.008908,-0.004010,1.017357,-0.315426,0.461337,-0.008485,-0.887172,-0.004702,-0.002670,1.201342,-0.315315,0.441329,0.010170,-0.897272,0.005265,-0.005418,1.321311,-0.315371,0.441329,0.010170,-0.897272,0.005265,-0.008853,1.471271,-0.315442,0.441329,0.010170,-0.897272,0.005265,-0.005052,1.305315,-0.315364,0.477747,0.203175,-0.851182,-0.077243,-0.005052,1.305315,-0.315364,0.383975,-0.171104,-0.901149,0.105913,-0.110815,1.392823,-0.165244,0.404509,-0.083997,-0.910660,-0.003847,0.106089,1.391361,-0.457795,0.438457,0.079649,-0.893025,-0.062587,-0.184866,1.116634,-0.176988,0.401431,0.046286,-0.803775,-0.436643,0.094737,1.115052,-0.531784,0.402688,-0.361309,-0.813449,-0.213540,-0.265252,0.977042,-0.350008,0.454846,-0.024309,-0.826306,-0.331275,-0.087622,0.967326,-0.560165,0.416460,-0.273122,-0.852607,-0.158197,0.000000,0.000000,0.000000,0.545515,3.674126,1414.622070,-1.922350,-1.643157,-665.786987,-124.875275,3.215027,205.841064,3.632285,0.436449,6814.158691,3.930940,3.295231,264.765442,3.896176,-5.413055,-1776.369507,9.545727,0.276947,6438.205078,2.450413,-9.144926,-6372.083008,-5.331773,-9.309387,-4218.422852,8.036621,-3.125572,-1085.103394,1.387271,7.066655,1157.607178,-2.077400,-12.594652,-3238.374512,12.499298,5.290985,1549.466553,-0.762689,-15.564322,-3067.531006,1.743784,-45.669460,-9080.009766,52.852791,32.575989,6160.049805,72.558975,42.895508,3774.108887,-6.986173,5.726433,2362.890137,10.792507,-6.796646,-2939.503906,52.381802,19.667816,-275.065247,-70.464157,0.901794,2731.882568,-14.206961,-3.881073,-2507.864746,7.363235,-6.574440,-2576.615234,-0.043665,1.121876,-313.477509,-0.188688,-2.912211,-628.020935,0.960392,5.904663,3029.928223,-0.728951,1.150620,-312.125305,-0.912489,-2.818739,-596.305969,1.000025,5.958283,3032.687012,-0.677640,1.104403,-349.226013,-1.642858,-2.730012,-568.135620,1.006495,6.019938,3028.686523,1.474862,8.606267,18.758011,-6.000000,-0.467968,-171.588257,1.807945,2.796173,-945.405151,-6.000000,-0.080299,-29.443104,-5.634774,8.624268,185.670853,-0.137124,-4.881662,-3084.010254,6.382965,-40.425682,891.386414,-2.303568,1.773548,-572.023376,7.256615,7.155418,1617.765381,9.323825,-10.329819,7945.963379,1,1
327,3394,-0.088853,0.939186,-0.372923,0.463254,-0.013152,-0.886021,-0.013764,-0.088853,0.939186,-0.372923,0.463254,-0.013152,-0.886021,-0.013764,-0.089579,0.859510,-0.278329,0.475280,-0.032000,-0.875565,-0.080435,-0.001434,0.857879,-0.405232,0.492957,-0.056878,-0.867786,-0.026574,-0.143831,0.460339,-0.325555,0.450025,0.024643,-0.892561,0.014347,-0.054118,0.456047,-0.400500,0.515822,-0.018364,-0.855124,0.048509,-0.115756,0.053343,-0.317134,0.411452,0.040215,-0.910476,0.011095,-0.040648,0.051024,-0.352758,0.583862,0.006964,-0.811776,0.008710,-0.003286,1.016943,-0.314488,0.462214,-0.009304,-0.886700,-0.005973,-0.001451,1.200924,-0.314227,0.442911,0.008690,-0.896509,0.005045,-0.003857,1.320900,-0.314389,0.442911,0.008690,-0.896509,0.005045,-0.006864,1.470869,-0.314592,0.442911,0.008690,-0.896509,0.005045,-0.003536,1.304903,-0.314368,0.479235,0.201495,-0.850692,-0.077830,-0.003536,1.304903,-0.314368,0.385680,-0.172059,-0.900239,0.105905,-0.108586,1.392970,-0.164027,0.405521,-0.085265,-0.910098,-0.002028,0.107485,1.390776,-0.457085,0.438508,0.079705,-0.892998,-0.062541,-0.182896,1.116831,-0.174462,0.401566,0.046050,-0.803819,-0.436462,0.096194,1.114396,-0.531104,0.402016,-0.360544,-0.814290,-0.212893,-0.263363,0.977156,-0.347378,0.454667,-0.023890,-0.826436,-0.331225,-0.085810,0.966253,-0.559593,0.415811,-0.273200,-0.852990,-0.157709,0.000000,0.000000,0.000000,0.699752,15.423716,1174.958984,-2.066490,-14.413989,-1277.083252,-124.807182,6.809235,359.420776,3.478597,-15.368843,-1580.529175,3.954387,2.344680,-95.055099,3.818933,-7.724261,-231.120575,9.578057,3.233051,295.610413,2.451212,0.079942,922.486816,-5.335041,-0.326824,898.256348,7.800589,-23.603249,-2047.767578,1.461822,7.455063,38.840771,-1.951006,12.639391,2523.404297,12.459649,-3.964901,-925.588562,-0.622004,14.068514,2963.283691,1.674490,-6.929457,3874.000000,52.727558,-12.523270,-4509.925781,72.498161,-6.081390,-4897.689941,-6.904752,8.142042,241.560944,10.722134,-7.037354,-24.070740,52.569546,18.774414,-89.340210,-70.389572,7.458496,655.670166,-14.124959,8.200169,1208.124146,7.387289,2.405357,897.979675,0.018843,6.250896,512.901855,-0.147498,4.118995,703.120667,0.994806,3.441364,-246.329910,-0.667251,6.170011,501.939056,-0.869828,4.266030,708.476929,1.034888,3.486311,-247.197144,-0.617238,6.040239,493.583679,-1.598732,4.412639,714.265076,1.042567,3.607237,-241.270065,1.430590,-4.427195,-1303.346191,-5.996875,0.312471,78.043938,1.794817,-1.312792,-410.896545,-6.000000,0.000000,8.029938,-5.675624,-4.085064,-1270.933105,-0.221671,-8.454634,-357.297180,6.254064,-12.890100,2753.558105,-2.329860,-2.629232,-440.278076,7.298618,4.200315,-295.510315,9.136827,-18.699837,-837.001770,1,1
328,3406,-0.089066,0.939380,-0.374120,0.463201,-0.013524,-0.886036,-0.014219,-0.089066,0.939380,-0.374120,0.463201,-0.013524,-0.886036,-0.014219,-0.089889,0.859661,-0.279563,0.474272,-0.032993,-0.876064,-0.080552,-0.001731,0.857993,-0.406456,0.492406,-0.057095,-0.868103,-0.025932,-0.144836,0.460553,-0.326553,0.449054,0.023700,-0.893072,0.014563,-0.054319,0.456152,-0.401222,0.515348,-0.018540,-0.855356,0.049380,-0.117386,0.053527,-0.317592,0.411369,0.040615,-0.910478,0.012444,-0.040635,0.051218,-0.352791,0.583879,0.006686,-0.811764,0.008894,-0.003421,1.017018,-0.315640,0.462105,-0.009387,-0.886754,-0.006143,-0.001610,1.200998,-0.315364,0.442677,0.009174,-0.896618,0.005439,-0.004162,1.320970,-0.315559,0.442677,0.009174,-0.896618,0.005439,-0.007352,1.470936,-0.315804,0.442677,0.009174,-0.896618,0.005439,-0.003821,1.304974,-0.315533,0.479083,0.202021,-0.850693,-0.077393,-0.003821,1.304974,-0.315533,0.385254,-0.172413,-0.900262,0.106682,-0.109051,1.392955,-0.165255,0.405439,-0.084171,-0.910239,-0.000213,0.107195,1.390364,-0.458395,0.438990,0.078457,-0.893082,-0.059476,-0.182375,1.116602,-0.175029,0.401618,0.046109,-0.804391,-0.435353,0.096062,1.113678,-0.530570,0.401364,-0.360697,-0.814360,-0.213594,-0.262614,0.976462,-0.347673,0.454271,-0.023787,-0.826701,-0.331116,-0.086051,0.965739,-0.559419,0.414876,-0.273583,-0.853071,-0.159060,0.000000,0.000000,0.000000,0.726334,2.215182,-1100.711182,-2.128313,-5.151947,771.836731,-124.814224,-0.586828,-616.338562,3.359675,-9.910167,454.889679,3.992027,3.136675,65.999565,3.751897,-5.586366,178.157913,9.604928,2.239227,-82.818665,2.525675,6.205202,510.438324,-5.379995,-3.746152,-284.943970,7.797081,-0.292261,1942.582397,1.390076,-5.978793,-1119.487915,-1.823329,10.639737,-166.637817,12.492105,2.704700,555.800049,-0.801214,-14.934207,-2416.893311,1.765051,7.546753,1206.350830,52.876598,12.420018,2078.607178,72.677750,14.965693,1753.923706,-6.924564,-1.651009,-816.087585,10.636280,-7.154465,-9.759267,52.634045,5.374908,-1116.625488,-70.493843,-8.689244,-1345.644897,-14.048047,6.409327,-149.236801,7.285743,-8.462191,-905.628967,0.004315,-1.210728,-621.801941,-0.155249,-0.645945,-397.078400,1.038963,3.679743,19.864916,-0.681750,-1.208196,-614.850525,-0.877346,-0.626499,-407.710785,1.078914,3.668825,15.209456,-0.632260,-1.251871,-607.675903,-1.606076,-0.612011,-418.720795,1.086243,3.639628,2.699256,1.541193,9.216895,1137.007446,-5.999340,-0.205398,-43.155750,1.801605,0.565618,156.534210,-6.000000,0.000000,0.000000,-5.569737,8.823911,1075.747925,-0.157277,5.366170,1151.733765,6.067927,-15.511353,-218.437744,-2.333481,-0.301758,193.956161,7.299682,0.088652,-342.638641,8.956385,-15.036822,305.251190,1,1
329,3425,-0.088365,0.939387,-0.373981,0.462138,-0.014025,-0.886586,-0.014019,-0.088365,0.939387,-0.373981,0.462138,-0.014025,-0.886586,-0.014019,-0.089469,0.859751,-0.279357,0.473641,-0.031356,-0.876603,-0.079048,-0.001012,0.857910,-0.406040,0.491636,-0.057602,-0.868475,-0.026963,-0.142632,0.460369,-0.325946,0.448505,0.024671,-0.893312,0.015081,-0.054391,0.456151,-0.401381,0.514927,-0.018525,-0.855601,0.049540,-0.114295,0.053404,-0.316944,0.411414,0.040282,-0.910477,0.012108,-0.040656,0.051233,-0.352836,0.584047,0.007085,-0.811638,0.009098,-0.002803,1.017015,-0.315364,0.461353,-0.009622,-0.887139,-0.006706,-0.000796,1.200992,-0.314773,0.442507,0.009452,-0.896709,0.003306,-0.003181,1.320968,-0.314481,0.442507,0.009452,-0.896709,0.003306,-0.006163,1.470938,-0.314116,0.442507,0.009452,-0.896709,0.003306,-0.002863,1.304971,-0.314520,0.478398,0.202889,-0.850664,-0.079633,-0.002863,1.304971,-0.314520,0.385476,-0.172703,-0.900334,0.104792,-0.108070,1.392230,-0.163842,0.405760,-0.081667,-0.910324,0.000207,0.108496,1.390539,-0.456962,0.437669,0.078906,-0.893752,-0.058533,-0.180005,1.115629,-0.173964,0.401725,0.046183,-0.804448,-0.435141,0.097912,1.113764,-0.528795,0.400965,-0.360902,-0.814650,-0.212891,-0.260198,0.975400,-0.346557,0.454456,-0.023939,-0.826714,-0.330818,-0.084153,0.965726,-0.557441,0.414603,-0.274091,-0.853183,-0.158294,0.000000,0.000000,0.000000,0.682039,-2.331348,-239.291046,-2.167771,-2.076739,161.853088,-124.950806,-7.188496,-347.456207,3.478739,6.266531,851.405151,3.937980,-2.844597,-314.803802,3.792019,2.111698,405.161316,9.752727,7.778871,291.560150,2.503742,-1.154373,-387.346008,-5.417983,-1.999353,91.936783,7.554129,-12.786965,-657.616028,1.528271,7.273392,697.483337,-1.878988,-2.929386,-714.164368,12.358876,-7.012066,-511.408722,-0.642144,8.372106,1226.648071,1.666118,-5.206974,-671.248779,52.934818,3.064206,-492.411194,72.729767,2.737748,-643.576050,-6.890054,1.816348,182.492477,10.623889,-0.652163,342.226440,52.638092,0.213021,-271.678314,-70.732658,-12.569226,-204.209579,-14.077347,-1.542091,-418.495697,7.279675,-0.319330,428.571594,-0.063196,-3.553172,-123.286491,-0.113177,2.214292,150.538834,0.975789,-3.324960,-368.668579,-0.749844,-3.583943,-125.039307,-0.837286,2.108455,143.944946,1.014206,-3.405646,-372.340576,-0.700118,-3.571438,-122.082458,-1.568031,2.002365,137.598679,1.019220,-3.527547,-377.219788,1.599075,3.046437,-324.760956,-6.000000,-0.034734,8.982305,1.862071,3.182449,137.727921,-5.997364,0.138760,7.303137,-5.512864,2.993358,-306.871216,-0.187157,-1.572631,-365.200073,5.738363,-17.345505,-96.534279,-2.296578,1.942258,118.106140,7.312157,0.656580,29.890934,8.563725,-20.666273,-296.286865,1,1
330,3430,-0.088575,0.939404,-0.373908,0.462129,-0.014132,-0.886593,-0.013815,-0.088575,0.939404,-0.373908,0.462129,-0.014132,-0.886593,-0.013815,-0.089680,0.859811,-0.279247,0.473939,-0.031332,-0.876430,-0.079181,-0.001222,0.857912,-0.405928,0.490999,-0.057239,-0.868875,-0.026461,-0.142896,0.460445,-0.325923,0.448766,0.024811,-0.893178,0.015066,-0.054136,0.456105,-0.401098,0.514062,-0.018633,-0.856135,0.049247,-0.114458,0.053486,-0.316994,0.411491,0.040645,-0.910423,0.012354,-0.040654,0.051161,-0.352691,0.583623,0.006733,-0.811951,0.008601,-0.003014,1.017058,-0.315326,0.461423,-0.009897,-0.887102,-0.006338,-0.000964,1.201036,-0.314948,0.442756,0.008859,-0.896589,0.004018,-0.003297,1.321013,-0.314872,0.442756,0.008859,-0.896589,0.004018,-0.006214,1.470985,-0.314776,0.442756,0.008859,-0.896589,0.004018,-0.002986,1.305016,-0.314882,0.478657,0.202479,-0.850662,-0.079151,-0.002986,1.305016,-0.314882,0.385541,-0.173629,-0.900010,0.105797,-0.108009,1.392437,-0.164208,0.406836,-0.081473,-0.909860,0.001106,0.108494,1.389991,-0.457507,0.437065,0.077429,-0.894301,-0.056612,-0.179666,1.115827,-0.173800,0.402170,0.045525,-0.804018,-0.435594,0.097721,1.113021,-0.528025,0.400318,-0.361215,-0.814587,-0.213815,-0.260288,0.975770,-0.346333,0.454568,-0.023533,-0.826457,-0.331334,-0.084532,0.965293,-0.557072,0.413921,-0.273933,-0.853443,-0.158948,0.000000,0.000000,0.000000,0.655630,-5.281746,-590.079712,-2.167885,-0.022745,410.798737,-124.951637,-0.166321,1404.434937,3.426924,-10.363102,-3325.926514,3.899603,-7.675266,-966.133789,3.711558,-16.092205,-3640.780518,9.647670,-21.011353,-5758.044434,2.543812,8.014107,1833.695679,-5.407475,2.101612,820.192993,7.582104,5.594921,3676.376953,1.555427,5.431271,-368.424225,-1.924003,-9.002995,-1214.721924,12.377539,3.732491,2148.911377,-0.682661,-8.103347,-3295.090576,1.676396,2.055454,1452.485596,53.002045,13.445282,2076.215332,72.950920,44.230652,8298.581055,-6.939831,-9.955406,-2354.350830,10.675453,10.312843,2193.001221,52.784462,29.273987,5812.193359,-70.771637,-7.795715,954.702148,-13.962891,22.891235,4886.665039,7.329364,9.937763,2051.418701,-0.037161,5.206830,1752.000366,-0.103744,1.886612,-65.536026,0.983558,1.553953,975.782593,-0.723987,5.171418,1751.072021,-0.827304,1.996303,-22.430420,1.022212,1.601148,1001.358765,-0.674553,5.112934,1736.874390,-1.557492,2.107692,21.065426,1.027783,1.712608,1048.031128,1.654069,10.998821,1590.476807,-6.000000,0.000000,6.946764,1.892476,6.081033,579.716797,-5.982820,2.908707,553.989380,-5.456169,11.338997,1669.127930,-0.235014,-9.571510,-1599.775879,5.646908,-18.290901,-189.079285,-2.267513,5.813074,774.163208,7.258138,-10.803795,-2292.074951,8.489165,-14.912033,1150.848022,1,1
331,3440,-0.090040,0.939440,-0.373270,0.462138,-0.013941,-0.886594,-0.013647,-0.090040,0.939440,-0.373270,0.462138,-0.013941,-0.886594,-0.013647,-0.091105,0.859858,-0.278600,0.473800,-0.030278,-0.876624,-0.078270,-0.002647,0.857988,-0.405281,0.491133,-0.056038,-0.868889,-0.026065,-0.143205,0.460330,-0.325036,0.448763,0.025273,-0.893167,0.015027,-0.054549,0.456055,-0.400641,0.513914,-0.017782,-0.856260,0.048948,-0.114445,0.053389,-0.316304,0.411370,0.040474,-0.910488,0.012194,-0.040610,0.051061,-0.352794,0.583894,0.006480,-0.811757,0.008735,-0.004517,1.017144,-0.314698,0.461336,-0.009662,-0.887150,-0.006387,-0.002523,1.201122,-0.314221,0.442464,0.009170,-0.896733,0.003529,-0.004871,1.321099,-0.314007,0.442464,0.009170,-0.896733,0.003529,-0.007807,1.471070,-0.313739,0.442464,0.009170,-0.896733,0.003529,-0.004558,1.305102,-0.314035,0.478383,0.202915,-0.850674,-0.079550,-0.004558,1.305102,-0.314035,0.385322,-0.173637,-0.900150,0.105387,-0.109653,1.392347,-0.163286,0.406920,-0.080273,-0.909925,0.002918,0.107186,1.390112,-0.456406,0.435496,0.077912,-0.895111,-0.055221,-0.180268,1.115587,-0.172206,0.402132,0.045247,-0.804087,-0.435530,0.097121,1.113061,-0.526369,0.400210,-0.359890,-0.815083,-0.214360,-0.260972,0.975500,-0.344676,0.454520,-0.023647,-0.826584,-0.331076,-0.084787,0.965012,-0.555940,0.414383,-0.274153,-0.853238,-0.158465,0.000000,0.000000,0.000000,0.648701,-0.692904,458.884216,-2.139515,2.836990,285.973572,-124.950470,0.116730,28.305054,3.352566,-7.435703,292.739868,3.806310,-9.329319,-165.405273,3.730444,1.888585,1798.078857,9.556254,-9.141541,1186.981201,2.565566,2.175403,-583.870422,-5.279870,12.760496,1065.888428,7.461190,-12.091398,-1768.632080,1.608354,5.292714,-13.855696,-1.899411,2.459109,1146.210449,12.251784,-12.575436,-1630.792603,-0.637725,4.493618,1259.696533,1.614783,-6.161249,-821.670288,53.007557,0.551224,-1289.405884,73.189224,23.830414,-2040.023804,-6.703076,23.675489,3363.089844,10.708278,3.282452,-703.039185,52.981075,19.661331,-961.265503,-70.865593,-9.395599,-159.988403,-13.955767,0.712395,-2217.884033,7.360571,3.120708,-681.705444,-0.053293,-1.613204,-682.003418,-0.115413,-1.166827,-305.343933,0.963833,-1.972508,-352.646118,-0.739875,-1.588714,-676.013245,-0.839502,-1.219773,-321.607605,1.002414,-1.979852,-358.099915,-0.689929,-1.537609,-665.054321,-1.570205,-1.271284,-337.897522,1.007723,-2.005923,-371.853119,1.688158,3.408932,-758.988892,-6.000000,0.000000,0.000000,1.901340,0.886357,-519.467590,-5.998795,-1.597452,-450.615875,-5.421059,3.511000,-782.799683,-0.294942,-5.992753,357.875793,5.439929,-20.697975,-240.707397,-2.275119,-0.760579,-657.365356,7.261206,0.306749,1111.054443,8.211881,-27.728460,-1281.642700,1,1
332,3457,-0.089825,0.939469,-0.372949,0.462085,-0.014345,-0.886610,-0.013932,-0.089825,0.939469,-0.372949,0.462085,-0.014345,-0.886610,-0.013932,-0.090978,0.859876,-0.278289,0.473646,-0.030517,-0.876685,-0.078431,-0.002509,0.857935,-0.404961,0.491254,-0.056053,-0.868811,-0.026355,-0.143303,0.460379,-0.324758,0.448584,0.025133,-0.893260,0.015067,-0.054538,0.456015,-0.400512,0.514062,-0.017726,-0.856182,0.048765,-0.114633,0.053433,-0.315939,0.411128,0.040540,-0.910590,0.012506,-0.040627,0.051001,-0.352819,0.584070,0.007003,-0.811626,0.008735,-0.004232,1.017081,-0.314358,0.461057,-0.010374,-0.887284,-0.006761,-0.001878,1.201056,-0.313893,0.441736,0.007837,-0.897106,0.003024,-0.003886,1.321039,-0.313713,0.441736,0.007837,-0.897106,0.003024,-0.006396,1.471017,-0.313488,0.441736,0.007837,-0.897106,0.003024,-0.003618,1.305041,-0.313737,0.477576,0.202000,-0.851296,-0.080077,-0.003618,1.305041,-0.313737,0.384957,-0.174872,-0.900153,0.104655,-0.108560,1.392461,-0.163016,0.407718,-0.080399,-0.909554,0.003620,0.108429,1.389866,-0.456036,0.435674,0.077582,-0.895040,-0.055428,-0.179113,1.115664,-0.171463,0.402938,0.044677,-0.804082,-0.434853,0.098138,1.112798,-0.526028,0.400121,-0.359646,-0.815260,-0.214264,-0.260069,0.975271,-0.343566,0.454848,-0.023401,-0.826542,-0.330749,-0.083677,0.964643,-0.555644,0.414201,-0.273703,-0.853478,-0.158429,0.000000,0.000000,0.000000,0.656356,0.450278,67.246002,-2.195605,-3.299391,-360.963623,-124.957184,-0.394933,-30.097828,3.331859,-1.218095,365.741669,3.768892,-2.201080,419.308167,3.754605,1.421241,-27.490820,9.570497,0.837775,587.018555,2.523019,-2.502750,-275.185425,-5.311035,-1.833243,-858.455200,7.439831,-1.256382,637.353943,1.618517,0.597835,-276.169342,-1.889627,0.575542,-110.798027,12.276820,1.472697,826.360779,-0.675667,-2.231885,-395.617859,1.623658,0.522039,393.134521,52.927780,-4.692751,-308.469086,73.190384,0.068216,-1397.776367,-6.731577,-1.676559,-1491.296997,10.709507,0.072311,-188.831802,52.959728,-1.255709,-1230.414062,-70.880318,-0.866161,501.731720,-13.843403,6.609636,346.896576,7.360945,0.021991,-182.277527,-0.027653,1.508275,183.616394,-0.145305,-1.758398,-34.798279,0.938228,-1.506188,27.430590,-0.713679,1.540892,184.094482,-0.869296,-1.752576,-31.341354,0.977589,-1.460247,30.564974,-0.662846,1.593102,184.159515,-1.599836,-1.742966,-27.746025,0.984018,-1.394465,35.968121,1.660702,-1.615075,-295.529877,-5.971404,1.682113,98.947830,1.938255,2.171481,75.595558,-6.000000,-0.070908,89.796684,-5.452344,-1.840339,-314.784607,-0.238658,3.310808,547.268250,5.362002,-4.583892,947.887207,-2.245894,1.719110,145.864075,7.181677,-4.678165,-293.230255,8.006589,-12.075985,920.733887,1,1
333,3463,-0.089989,0.939513,-0.373499,0.460535,-0.013887,-0.887427,-0.013734,-0.089989,0.939513,-0.373499,0.460535,-0.013887,-0.887427,-0.013734,-0.091397,0.859918,-0.278844,0.472919,-0.029594,-0.877218,-0.077208,-0.002482,0.858064,-0.405205,0.491038,-0.056067,-0.868938,-0.026178,-0.142543,0.460231,-0.324832,0.448090,0.025212,-0.893506,0.015064,-0.054449,0.456140,-0.400639,0.513821,-0.017820,-0.856321,0.048831,-0.113825,0.053289,-0.316026,0.411440,0.040455,-0.910457,0.012137,-0.040591,0.051135,-0.352856,0.584130,0.006626,-0.811586,0.008726,-0.004678,1.017208,-0.314608,0.459949,-0.009905,-0.887864,-0.006754,-0.002464,1.201184,-0.314025,0.441505,0.008344,-0.897216,0.002623,-0.004539,1.321166,-0.313706,0.441505,0.008344,-0.897216,0.002623,-0.007132,1.471143,-0.313307,0.441505,0.008344,-0.897216,0.002623,-0.004262,1.305168,-0.313749,0.477271,0.202500,-0.851320,-0.080376,-0.004262,1.305168,-0.313749,0.385006,-0.174272,-0.900317,0.104060,-0.109148,1.392418,-0.162866,0.408952,-0.079688,-0.909058,0.004685,0.107766,1.390336,-0.455886,0.435416,0.078296,-0.895027,-0.056647,-0.179112,1.115579,-0.170815,0.403242,0.043650,-0.803783,-0.435228,0.097546,1.113409,-0.526680,0.400111,-0.359544,-0.815295,-0.214322,-0.260586,0.975323,-0.342785,0.454867,-0.023491,-0.826334,-0.331234,-0.084244,0.965233,-0.556342,0.414361,-0.274127,-0.853287,-0.158305,0.000000,0.000000,0.000000,0.664253,1.316289,144.335175,-2.137434,9.695132,2165.753906,-125.157776,-33.432007,-5506.179199,3.345341,2.247016,577.518372,3.829101,10.034840,2039.319946,3.923990,28.230787,4468.257324,9.555481,-2.502600,-556.729187,2.546178,3.859838,1060.431274,-5.291256,3.296375,854.936279,7.314284,-20.924568,-3278.031006,1.593935,-4.096985,-782.469910,-1.980340,-15.118817,-2615.726562,12.108496,-28.054077,-4921.129395,-0.626162,8.250823,1747.118042,1.625565,0.317872,-34.027824,52.909813,-2.994537,283.035614,73.086067,-17.386118,-2909.055664,-6.659956,11.936982,2268.923584,10.703454,-1.008829,-180.189896,53.106888,24.526596,4297.050781,-71.016327,-22.668203,-3633.673828,-13.738418,17.497540,1814.650513,7.400846,6.650209,1104.703125,-0.038815,-1.860313,-561.431396,-0.087188,9.686225,1907.437134,0.919702,-3.087660,-263.578583,-0.725745,-2.010872,-591.960632,-0.811597,9.616414,1894.831665,0.958185,-3.233989,-295.623627,-0.675602,-2.125879,-619.830261,-1.542568,9.544551,1881.252808,0.963624,-3.398855,-334.065125,1.637629,-3.845513,-371.739624,-5.947963,3.906886,370.795441,1.933541,-0.785649,-492.855011,-6.000000,0.000000,11.818081,-5.473925,-3.596783,-292.740631,-0.255472,-2.802342,-1018.858398,5.426953,10.825078,2568.161621,-2.256447,-1.758774,-579.647400,7.100877,-13.466596,-1464.738403,7.833611,-28.829575,-2792.264893,1,1
334,3471,-0.089978,0.939560,-0.373335,0.460160,-0.014057,-0.887612,-0.014102,-0.089978,0.939560,-0.373335,0.460160,-0.014057,-0.887612,-0.014102,-0.091516,0.859921,-0.278720,0.473120,-0.029848,-0.877080,-0.077437,-0.002496,0.858070,-0.405007,0.491132,-0.056071,-0.868880,-0.026303,-0.142943,0.460274,-0.324762,0.448287,0.025051,-0.893413,0.014948,-0.054516,0.456151,-0.400522,0.513935,-0.017774,-0.856257,0.048783,-0.114382,0.053320,-0.315988,0.411237,0.040572,-0.910539,0.012498,-0.040639,0.051140,-0.352793,0.583942,0.006899,-0.811718,0.008818,-0.004665,1.017172,-0.314335,0.459697,-0.010118,-0.887992,-0.006884,-0.002376,1.201147,-0.313794,0.441503,0.008056,-0.897219,0.002981,-0.004426,1.321129,-0.313582,0.441503,0.008056,-0.897219,0.002981,-0.006989,1.471107,-0.313317,0.441503,0.008056,-0.897219,0.002981,-0.004153,1.305131,-0.313610,0.477221,0.202867,-0.851264,-0.080342,-0.004153,1.305131,-0.313610,0.384524,-0.174484,-0.900431,0.104500,-0.109009,1.392078,-0.162647,0.409835,-0.077838,-0.908819,0.004846,0.108102,1.390184,-0.455655,0.434139,0.078707,-0.895700,-0.055225,-0.177998,1.115068,-0.170883,0.403652,0.043040,-0.803901,-0.434691,0.098516,1.113176,-0.525828,0.400265,-0.359514,-0.815230,-0.214330,-0.259681,0.974571,-0.342558,0.454925,-0.023498,-0.826408,-0.330970,-0.083273,0.964993,-0.555464,0.414427,-0.274177,-0.853190,-0.158571,0.000000,0.000000,0.000000,0.693663,3.676221,294.991486,-2.173967,-4.566580,-1782.713989,-125.206459,-6.085396,3418.326416,3.307975,-4.670739,-864.719360,3.829739,0.079811,-1244.378540,3.983973,7.497877,-2591.613770,9.565619,1.267195,471.224396,2.519412,-3.345758,-900.699463,-5.300911,-1.206875,-562.906250,7.305582,-1.087785,2479.598145,1.568248,-3.210977,110.751030,-2.054387,-9.255871,732.868286,12.124657,2.020121,3759.274658,-0.691127,-8.120582,-2046.425537,1.632080,0.814393,62.065201,53.021236,13.927937,2115.309326,73.258888,21.602631,4873.593262,-6.663142,-0.398338,-1541.914917,10.672141,-3.914118,-363.161133,53.028072,-9.851933,-4297.315918,-71.270576,-31.781197,-1139.124146,-13.652751,10.708332,-848.650940,7.403073,0.278354,-796.481995,-0.021983,2.103968,495.535217,-0.072237,1.868879,-977.168213,0.941804,2.762750,731.301208,-0.709186,2.069808,510.085052,-0.796101,1.936972,-959.930237,0.980325,2.767406,750.174377,-0.659614,1.998454,515.541687,-1.526545,2.002954,-942.699524,0.985998,2.796717,774.446533,1.637045,-0.073016,471.562164,-6.000000,-6.504655,-1301.442627,2.019333,10.724009,1438.707153,-5.993097,0.862896,107.862053,-5.473341,0.073016,458.724792,-0.304625,-6.144058,-417.714447,5.303099,-15.481770,-3288.355713,-2.175836,10.076284,1479.382324,7.060132,-5.093157,1046.679688,7.718024,-14.448463,1797.638916,1,1
335,3475,-0.090166,0.939541,-0.374373,0.459954,-0.013969,-0.887724,-0.013927,-0.090166,0.939541,-0.374373,0.459954,-0.013969,-0.887724,-0.013927,-0.091724,0.859923,-0.279739,0.473190,-0.029665,-0.877061,-0.077302,-0.002644,0.858071,-0.405984,0.490785,-0.056134,-0.869097,-0.025486,-0.142970,0.460253,-0.325749,0.448397,0.025106,-0.893358,0.014857,-0.054378,0.456127,-0.400918,0.513477,-0.018115,-0.856504,0.049135,-0.114400,0.053297,-0.317066,0.411366,0.040600,-0.910483,0.012263,-0.040620,0.051159,-0.352792,0.583920,0.006669,-0.811736,0.008733,-0.004906,1.017193,-0.315351,0.459513,-0.010043,-0.888089,-0.006684,-0.002675,1.201169,-0.314868,0.441368,0.008114,-0.897284,0.003230,-0.004764,1.321151,-0.314704,0.441368,0.008114,-0.897284,0.003230,-0.007376,1.471128,-0.314499,0.441368,0.008114,-0.897284,0.003230,-0.004486,1.305153,-0.314726,0.477054,0.202963,-0.851357,-0.080107,-0.004486,1.305153,-0.314726,0.384304,-0.174746,-0.900429,0.104889,-0.109300,1.392107,-0.163740,0.410749,-0.077541,-0.908428,0.005594,0.108054,1.389978,-0.456628,0.432124,0.078360,-0.896800,-0.053658,-0.177974,1.115054,-0.171603,0.403769,0.042680,-0.803974,-0.434482,0.098781,1.112858,-0.525907,0.400666,-0.359659,-0.814906,-0.214571,-0.259774,0.974463,-0.343145,0.454758,-0.023414,-0.826437,-0.331132,-0.083105,0.964786,-0.555502,0.414965,-0.275071,-0.852579,-0.158903,0.000000,0.000000,0.000000,0.680950,-2.542639,-1243.771973,-2.155583,3.676748,1648.665649,-125.233040,-5.316162,153.846741,3.248871,-11.820841,-1430.020264,3.875894,9.230947,1830.227295,3.964138,-3.967047,-2292.984863,9.505485,-12.026787,-2658.796387,2.557828,7.683135,2205.778564,-5.343961,-8.609962,-1480.617432,7.305499,-0.016594,214.238159,1.575842,1.518846,945.964478,-2.089803,-7.083130,434.548187,12.095509,-5.829620,-1569.948242,-0.675721,3.081036,2240.323486,1.636304,0.844812,6.083846,53.086544,13.061523,-173.282623,73.591820,66.586304,8996.734375,-6.576002,17.428112,3565.290283,10.630333,-8.361626,-889.501587,53.074188,9.223175,3815.021484,-71.369499,-19.784546,2399.330078,-13.579345,14.681244,794.582397,7.389384,-2.737904,-603.251465,-0.019565,0.483497,-324.094208,-0.069230,0.601339,-253.508011,0.943636,0.366282,-479.293457,-0.706819,0.473416,-319.278503,-0.793030,0.614226,-264.549255,0.982148,0.364745,-480.532379,-0.657323,0.458133,-308.064240,-1.523410,0.626850,-275.220886,0.987844,0.369132,-485.517090,1.679375,8.465958,1707.794556,-6.000000,0.000000,1300.930908,2.025509,1.235056,-1897.790649,-5.981696,2.280235,283.467773,-5.426913,9.285641,1842.525146,-0.413590,-21.793150,-3129.818359,5.175677,-25.484276,-2000.501221,-2.170811,1.004982,-1814.260498,6.992871,-13.452148,-1671.798218,7.638649,-15.875053,-285.317993,1,1
336,3482,-0.090096,0.939632,-0.374397,0.459813,-0.013876,-0.887797,-0.014005,-0.090096,0.939632,-0.374397,0.459813,-0.013876,-0.887797,-0.014005,-0.091677,0.859994,-0.279781,0.472895,-0.029276,-0.877349,-0.075980,-0.002556,0.858177,-0.405998,0.490825,-0.056159,-0.869073,-0.025483,-0.142104,0.460155,-0.325001,0.448534,0.024386,-0.893316,0.014436,-0.054306,0.456236,-0.400917,0.513502,-0.018169,-0.856491,0.049071,-0.114209,0.053151,-0.316366,0.411374,0.040565,-0.910481,0.012225,-0.040611,0.051264,-0.352814,0.584000,0.006682,-0.811679,0.008716,-0.004862,1.017280,-0.315331,0.459466,-0.009893,-0.888108,-0.007583,-0.002460,1.201252,-0.314369,0.441473,0.008345,-0.897235,0.000655,-0.004327,1.321235,-0.313626,0.441473,0.008345,-0.897235,0.000655,-0.006660,1.471214,-0.312697,0.441473,0.008345,-0.897235,0.000655,-0.004078,1.305237,-0.313725,0.476543,0.203313,-0.851317,-0.082649,-0.004078,1.305237,-0.313725,0.385047,-0.175173,-0.900288,0.102642,-0.108760,1.391749,-0.162334,0.410732,-0.076238,-0.908537,0.006902,0.108613,1.390191,-0.455347,0.432130,0.077767,-0.896820,-0.054129,-0.176494,1.114509,-0.169766,0.405062,0.043157,-0.803411,-0.434272,0.098867,1.113007,-0.524690,0.401320,-0.359628,-0.814944,-0.213253,-0.258358,0.973818,-0.341195,0.456170,-0.023950,-0.825327,-0.331920,-0.082867,0.964629,-0.553679,0.415116,-0.274828,-0.852580,-0.158919,0.000000,0.000000,0.000000,0.694147,2.199590,790.371521,-2.150093,0.915011,-460.289581,-125.251427,-3.064473,375.281464,3.245299,-0.595331,1870.918335,3.893892,2.999584,-1038.560547,3.986441,3.717184,1280.705200,9.497230,-1.375834,1775.158691,2.549201,-1.437783,-1520.152954,-5.346783,-0.470320,1356.606934,7.146277,-26.536863,-4420.044922,1.536438,-6.567259,-1347.684204,-2.055254,5.758206,2140.222412,11.860228,-39.213497,-5563.979004,-0.750988,-12.544423,-2604.243164,1.692784,9.413281,1428.078125,52.887524,-33.170063,-7705.264160,73.660500,9.811401,-8110.700195,-6.666081,-12.868472,-4328.083496,10.494493,-19.405638,-1577.715942,53.201340,18.164499,1277.332031,-71.290909,11.227199,4430.249512,-13.639788,-8.634704,-3330.849854,7.201694,-26.812757,-3439.264893,-0.068278,-6.958970,-1063.209595,-0.055027,2.029120,203.968735,0.863198,-11.491043,-1693.903564,-0.755681,-6.980240,-1064.807983,-0.780675,1.764979,164.393265,0.900899,-11.607119,-1710.266235,-0.705288,-6.852065,-1044.314087,-1.512862,1.506925,125.724930,0.905236,-11.801149,-1738.611450,1.748364,9.855594,198.519424,-5.980723,2.753803,393.400391,2.026458,0.135558,-157.071136,-5.973263,1.204627,-153.658340,-5.361317,9.370804,12.166160,-0.396216,2.482031,3467.883057,4.986764,-26.987553,-214.753830,-2.200982,-4.310097,-759.296997,7.033687,5.830833,2754.711670,7.188502,-64.306602,-6918.792969,1,1
337,3494,-0.088695,0.939651,-0.374164,0.459970,-0.014182,-0.887709,-0.014126,-0.088695,0.939651,-0.374164,0.459970,-0.014182,-0.887709,-0.014126,-0.090293,0.860019,-0.279544,0.473281,-0.028784,-0.877159,-0.075959,-0.001220,0.858137,-0.405793,0.491154,-0.056924,-0.868819,-0.026101,-0.140381,0.460157,-0.324913,0.448926,0.024785,-0.893112,0.014216,-0.053754,0.456292,-0.400823,0.513973,-0.018730,-0.856215,0.048743,-0.112269,0.053162,-0.316599,0.411256,0.040706,-0.910527,0.012342,-0.040558,0.051303,-0.352723,0.583999,0.006795,-0.811690,0.007599,-0.003388,1.017246,-0.315134,0.459705,-0.010954,-0.887973,-0.007437,-0.000552,1.201215,-0.314522,0.441924,0.005808,-0.897033,0.001405,-0.001952,1.321206,-0.314209,0.441924,0.005808,-0.897033,0.001405,-0.003701,1.471196,-0.313817,0.441924,0.005808,-0.897033,0.001405,-0.001765,1.305207,-0.314251,0.477326,0.201054,-0.851456,-0.082215,-0.001765,1.305207,-0.314251,0.385283,-0.176870,-0.899785,0.103248,-0.105862,1.392498,-0.162943,0.411953,-0.077670,-0.907850,0.008371,0.111125,1.389740,-0.456122,0.432008,0.077758,-0.896902,-0.053752,-0.173998,1.115400,-0.169202,0.404701,0.042045,-0.803485,-0.434581,0.101473,1.112523,-0.525270,0.401426,-0.359352,-0.815010,-0.213265,-0.256253,0.974828,-0.340541,0.455418,-0.023835,-0.825620,-0.332232,-0.080181,0.964056,-0.554303,0.415133,-0.274722,-0.852560,-0.159168,0.000000,0.000000,0.000000,0.689998,-0.377222,-234.255615,-2.187748,-3.423171,-394.380157,-125.230904,1.865734,448.200653,3.318335,6.639611,657.721985,3.918642,2.250043,-68.140091,4.009605,2.105843,-146.485565,9.538273,3.731207,464.276489,2.589981,3.707279,467.732941,-5.455310,-9.866108,-854.162476,7.090697,-5.052783,1953.098145,1.609214,6.615997,1198.477783,-2.090723,-3.224525,-816.611877,11.832864,-2.487616,3338.716309,-0.775190,-2.200175,940.386169,1.648764,-4.001791,-1219.552002,52.878601,-0.811143,2941.720215,73.719887,5.398837,-401.142212,-6.658159,0.720197,1235.333618,10.459493,-3.181891,1474.886108,53.399578,18.021669,-12.984536,-71.304077,-1.197121,-1129.483643,-13.502944,12.440335,1915.912598,7.281702,7.273414,3098.742920,0.023011,8.298972,1387.085693,-0.046761,0.751425,-116.154129,0.850633,-1.142269,940.797668,-0.664515,8.287782,1388.002075,-0.771194,0.861975,-82.091217,0.889453,-1.040529,960.599060,-0.614119,8.288113,1376.379761,-1.502079,0.980269,-47.877804,0.896069,-0.833327,997.074768,1.657672,-8.244688,-1645.480103,-6.000000,-1.752420,-409.656616,2.061454,3.181458,276.899963,-6.000000,-2.430612,-330.476288,-5.451973,-8.241437,-1601.112793,-0.420046,-2.166361,-422.581055,4.909810,-6.995851,1817.427368,-2.171447,2.684983,635.916443,6.999921,-3.069618,-809.131897,7.074171,-10.393749,4901.168457,1,1
338,3503,-0.088617,0.939649,-0.373866,0.460080,-0.014129,-0.887652,-0.014184,-0.088617,0.939649,-0.373866,0.460080,-0.014129,-0.887652,-0.014184,-0.090189,0.860003,-0.279257,0.473391,-0.028753,-0.877095,-0.076013,-0.001146,0.858144,-0.405528,0.491356,-0.056866,-0.868703,-0.026262,-0.140282,0.460146,-0.324670,0.449041,0.024810,-0.893055,0.014131,-0.053702,0.456301,-0.400681,0.514160,-0.018667,-0.856116,0.048546,-0.112181,0.053149,-0.316431,0.411363,0.040712,-0.910479,0.012264,-0.040533,0.051290,-0.352749,0.584155,0.006869,-0.811580,0.007382,-0.003300,1.017239,-0.314845,0.459854,-0.010856,-0.887897,-0.007436,-0.000509,1.201208,-0.314223,0.442156,0.005995,-0.896917,0.001516,-0.001961,1.321199,-0.313913,0.442156,0.005995,-0.896917,0.001516,-0.003775,1.471187,-0.313526,0.442156,0.005995,-0.896917,0.001516,-0.001767,1.305200,-0.313954,0.477570,0.201121,-0.851314,-0.082112,-0.001767,1.305200,-0.313954,0.385489,-0.176664,-0.899720,0.103399,-0.105815,1.392516,-0.162610,0.412171,-0.077703,-0.907745,0.008734,0.111023,1.389770,-0.455881,0.432177,0.077898,-0.896814,-0.053661,-0.173894,1.115400,-0.168649,0.405007,0.041797,-0.803526,-0.434244,0.101448,1.112545,-0.525010,0.401586,-0.359265,-0.815009,-0.213113,-0.256241,0.974678,-0.339822,0.455704,-0.024073,-0.825611,-0.331844,-0.080166,0.964017,-0.553973,0.415292,-0.274641,-0.852533,-0.159038,0.000000,0.000000,0.000000,0.698372,0.930501,145.302536,-2.185489,0.250949,408.235474,-125.216934,1.552158,-34.841763,3.329051,1.190742,-605.429871,3.913439,-0.578165,-314.245331,4.021729,1.347065,-84.308647,9.534505,-0.418663,-461.096741,2.591985,0.222577,-387.189087,-5.456820,-0.167688,1077.602295,7.091419,0.080215,570.333130,1.607560,-0.183807,-755.533813,-2.090677,0.005166,358.854492,11.829718,-0.349575,237.560165,-0.775409,-0.024339,241.759659,1.646679,-0.231663,418.903046,52.880524,0.213623,113.862946,73.718201,-0.187344,-620.686768,-6.656363,0.199583,-57.846069,10.457210,-0.253677,325.357056,53.392967,-0.734541,-2084.023438,-71.308411,-0.481500,79.513535,-13.504398,-0.161595,-1400.214355,7.283208,0.167370,-789.560486,0.021753,-0.139707,-937.630981,-0.041581,0.575566,-19.539879,0.858948,0.923865,229.570480,-0.665855,-0.148906,-937.409729,-0.765937,0.584033,-30.882498,0.897689,0.915110,217.293243,-0.615650,-0.170204,-939.812927,-1.496758,0.591172,-43.232971,0.904206,0.904096,193.047073,1.658868,0.132852,930.837891,-6.000000,0.000000,194.713318,2.050280,-1.241552,-491.445435,-5.998873,0.125196,283.978729,-5.450508,0.162813,933.805542,-0.424918,-0.541363,180.555344,4.910725,0.101619,788.607788,-2.183211,-1.307064,-443.560760,6.999077,-0.093831,330.642944,7.063503,-1.185364,1023.153992,1,1
339,3512,-0.088556,0.939672,-0.373495,0.460077,-0.013984,-0.887655,-0.014216,-0.088556,0.939672,-0.373495,0.460077,-0.013984,-0.887655,-0.014216,-0.090111,0.860007,-0.278902,0.473310,-0.028752,-0.877152,-0.075870,-0.001067,0.858192,-0.405172,0.491634,-0.056831,-0.868542,-0.026495,-0.140142,0.460133,-0.324216,0.448986,0.024744,-0.893084,0.014180,-0.053689,0.456356,-0.400485,0.514441,-0.018582,-0.855960,0.048344,-0.112073,0.053135,-0.315916,0.411211,0.040540,-0.910553,0.012466,-0.040528,0.051323,-0.352735,0.584153,0.006911,-0.811582,0.007233,-0.003257,1.017269,-0.314458,0.459919,-0.010399,-0.887868,-0.007510,-0.000657,1.201241,-0.313697,0.442342,0.007068,-0.896818,0.001325,-0.002318,1.321228,-0.313232,0.442342,0.007068,-0.896818,0.001325,-0.004396,1.471213,-0.312650,0.442342,0.007068,-0.896818,0.001325,-0.002097,1.305230,-0.313294,0.477639,0.202026,-0.851048,-0.082247,-0.002097,1.305230,-0.313294,0.385679,-0.175852,-0.899805,0.103334,-0.106347,1.392277,-0.161894,0.411492,-0.076737,-0.908127,0.009491,0.110562,1.389985,-0.455154,0.431973,0.077995,-0.896895,-0.053806,-0.173751,1.115007,-0.167808,0.405374,0.042396,-0.803663,-0.433590,0.101020,1.112793,-0.524387,0.401469,-0.359349,-0.814959,-0.213384,-0.255828,0.974016,-0.338888,0.455989,-0.023823,-0.825575,-0.331560,-0.080651,0.964354,-0.553452,0.415184,-0.274956,-0.852422,-0.159370,0.000000,0.000000,0.000000,0.709307,1.093411,16.291016,-2.172483,1.300645,104.969604,-125.217514,-0.057983,-161.014130,3.354399,2.534771,134.402908,3.916558,0.311923,89.008804,4.057876,3.614712,226.764679,9.539822,0.531673,95.033646,2.588259,-0.372577,-59.515369,-5.446609,1.021004,118.869156,7.080722,-1.069641,-114.985573,1.585005,-2.255499,-207.169189,-2.076651,1.402545,139.737930,11.816268,-1.344967,-99.539230,-0.784725,-0.931650,-90.731178,1.628133,-1.854587,-162.292328,52.907887,2.736282,252.265915,73.707321,-1.087952,-90.060768,-6.634792,2.157021,195.743774,10.439418,-1.779175,-152.549744,53.405678,1.271057,200.559830,-71.287346,2.106476,258.797546,-13.517263,-1.286507,-112.491173,7.218003,-6.520509,-668.787903,-0.012005,-3.375777,-323.606995,-0.032038,0.954313,37.874710,0.871261,1.231313,30.744732,-0.699764,-3.390855,-324.194885,-0.756765,0.917220,33.318733,0.909441,1.175255,26.014454,-0.649861,-3.421068,-325.086365,-1.488001,0.875688,28.451550,0.914967,1.076114,17.201771,1.692196,3.332794,319.994171,-6.000000,0.000000,0.000000,2.034298,-1.598120,-35.656822,-5.989590,0.928307,80.311035,-5.415165,3.534269,337.145569,-0.452652,-2.773374,-223.201172,4.946562,3.583765,348.214569,-2.207852,-2.464104,-115.704018,7.054735,5.565834,565.966492,6.977049,-8.645391,-746.002747,1,1
340,3523,-0.087855,0.939743,-0.372747,0.460719,-0.014634,-0.887275,-0.016351,-0.087855,0.939743,-0.372747,0.460719,-0.014634,-0.887275,-0.016351,-0.089521,0.859779,-0.278409,0.473957,-0.029526,-0.876653,-0.077285,-0.000665,0.858095,-0.404813,0.491673,-0.057105,-0.868484,-0.027048,-0.140695,0.460109,-0.324404,0.449364,0.024829,-0.892893,0.014044,-0.053708,0.456304,-0.400406,0.514632,-0.018590,-0.855848,0.048296,-0.112606,0.053109,-0.316248,0.411001,0.040733,-0.910634,0.012866,-0.040560,0.051267,-0.352690,0.583948,0.006878,-0.811728,0.007408,-0.002229,1.016885,-0.313585,0.460506,-0.010767,-0.887540,-0.009586,0.000787,1.200845,-0.312193,0.442786,0.007210,-0.896598,-0.000644,-0.000696,1.320833,-0.311288,0.442786,0.007210,-0.896598,-0.000644,-0.002549,1.470817,-0.310157,0.442786,0.007210,-0.896598,-0.000644,-0.000498,1.304834,-0.311409,0.477743,0.202030,-0.850802,-0.084153,-0.000498,1.304834,-0.311409,0.386506,-0.176065,-0.899599,0.101664,-0.104441,1.391690,-0.159614,0.412075,-0.076513,-0.907873,0.010341,0.112224,1.389749,-0.453082,0.431882,0.077904,-0.896928,-0.054122,-0.171539,1.114387,-0.165100,0.405493,0.042184,-0.803648,-0.433527,0.102561,1.112601,-0.522448,0.401733,-0.358914,-0.814882,-0.213911,-0.253708,0.973365,-0.336110,0.455885,-0.023782,-0.825461,-0.331989,-0.079057,0.964141,-0.551739,0.415681,-0.274560,-0.852335,-0.159218,0.000000,0.000000,0.000000,0.890729,18.142241,1704.882812,-2.351772,-17.928959,-1922.960327,-125.136978,8.053589,811.157227,3.180227,-17.417240,-1995.201172,3.957918,4.136062,382.413879,3.972602,-8.527327,-1214.203857,9.604775,6.495380,596.370728,2.564850,-2.340889,-196.831223,-5.426226,2.038383,101.737976,7.013355,-6.736708,-566.706665,1.536167,-4.883754,-262.825500,-2.079193,-0.254178,-165.672302,11.991369,17.510128,1885.509521,-0.848283,-6.355762,-542.411255,1.613113,-1.502085,35.250187,52.865860,-4.202652,-693.893433,73.770325,6.300354,738.830566,-6.588977,4.581547,242.452606,10.514208,7.479000,925.817505,53.489067,8.338928,706.787109,-71.333580,-4.623413,-672.988892,-13.459101,5.816269,710.277527,7.179821,-3.818226,270.228333,-0.037165,-2.516077,85.969994,-0.039429,-0.739148,-169.346069,0.892140,2.087867,85.655449,-0.724822,-2.505803,88.505150,-0.764283,-0.751787,-166.900757,0.930082,2.064067,88.881256,-0.675072,-2.521133,89.993477,-1.495686,-0.768447,-164.413452,0.935036,2.006900,93.078613,1.732781,4.058540,72.574615,-5.999987,0.001335,0.133514,2.008428,-2.587056,-98.893639,-6.000000,-1.040983,-196.928986,-5.376601,3.856421,32.215118,-0.460599,-0.794685,197.868942,4.779656,-16.690588,-2027.435303,-2.251940,-4.408836,-194.473267,7.071597,1.686144,-387.969025,6.701895,-27.515411,-1887.001953,1,1
341,3533,-0.088202,0.939726,-0.372988,0.460772,-0.014560,-0.887247,-0.016429,-0.088202,0.939726,-0.372988,0.460772,-0.014560,-0.887247,-0.016429,-0.089853,0.859742,-0.278666,0.473931,-0.029277,-0.876711,-0.076878,-0.001011,0.858090,-0.405081,0.491711,-0.056905,-0.868489,-0.026632,-0.140688,0.460012,-0.324466,0.449413,0.024849,-0.892867,0.014076,-0.053743,0.456264,-0.400457,0.514569,-0.018559,-0.855882,0.048381,-0.112573,0.053014,-0.316296,0.411238,0.040567,-0.910541,0.012371,-0.040542,0.051235,-0.352694,0.584002,0.006852,-0.811691,0.007235,-0.002575,1.016861,-0.313819,0.460530,-0.010774,-0.887528,-0.009525,0.000436,1.200822,-0.312483,0.442760,0.007045,-0.896613,-0.000294,-0.001049,1.320810,-0.311671,0.442760,0.007045,-0.896613,-0.000294,-0.002905,1.470795,-0.310656,0.442760,0.007045,-0.896613,-0.000294,-0.000851,1.304811,-0.311779,0.477754,0.201993,-0.850831,-0.083880,-0.000851,1.304811,-0.311779,0.386445,-0.176900,-0.899382,0.102368,-0.104824,1.391682,-0.160040,0.412043,-0.076252,-0.907907,0.010492,0.111877,1.389171,-0.453674,0.432496,0.076875,-0.896921,-0.050703,-0.171755,1.114357,-0.165503,0.405574,0.042269,-0.803531,-0.433659,0.102561,1.111674,-0.521087,0.400796,-0.358211,-0.815619,-0.214042,-0.253936,0.973390,-0.336553,0.456046,-0.023720,-0.825408,-0.331906,-0.078809,0.962996,-0.550804,0.414750,-0.274773,-0.852674,-0.159464,0.000000,0.000000,0.000000,0.902336,1.160699,-1698.154053,-2.348416,0.335646,1826.460571,-125.130280,0.669861,-738.372803,3.123705,-5.652189,1176.505127,3.968854,1.093578,-304.248352,3.969956,-0.264668,826.265808,9.562497,-4.227829,-1072.320923,2.594934,3.008437,534.932617,-5.439743,-1.351738,-339.012146,6.954407,-5.894852,84.185654,1.530998,-0.516939,436.681488,-2.064260,1.493287,174.746506,11.941385,-4.998398,-2250.852539,-0.784281,6.400233,1275.599609,1.618721,0.560844,206.292877,52.930225,6.436539,1063.919067,73.932968,16.264343,996.398926,-6.500978,8.799839,421.829193,10.446034,-6.817341,-1429.634033,53.524780,3.571320,-476.760834,-71.328888,0.469208,509.262115,-13.476787,-1.768589,-758.485779,7.199596,1.977539,579.576538,-0.021602,1.556350,407.242676,-0.043656,-0.422740,31.640757,0.901954,0.981438,-110.642906,-0.709200,1.562232,406.803528,-0.768144,-0.386119,36.566856,0.940159,1.007652,-105.641479,-0.659521,1.555157,407.628998,-1.499177,-0.349116,41.933060,0.945562,1.052588,-95.431206,1.823479,9.069777,501.123688,-5.986897,1.308918,130.758286,2.026634,1.820564,440.762054,-5.996822,0.317764,135.874741,-5.293112,8.348846,449.242584,-0.401751,5.884811,667.949585,4.501506,-27.815008,-1112.442017,-2.234205,1.773572,618.240845,7.071556,-0.004053,-169.019699,6.695324,-0.657082,2685.833008,1,1
342,3544,-0.087653,0.939728,-0.372568,0.460934,-0.014620,-0.887159,-0.016594,-0.087653,0.939728,-0.372568,0.460934,-0.014620,-0.887159,-0.016594,-0.089289,0.859721,-0.278265,0.474050,-0.029332,-0.876637,-0.076972,-0.000494,0.858077,-0.404713,0.492143,-0.057032,-0.868225,-0.026986,-0.140206,0.460005,-0.324104,0.449527,0.024831,-0.892811,0.014017,-0.053452,0.456280,-0.400260,0.514998,-0.018653,-0.855645,0.047975,-0.112123,0.053004,-0.315974,0.411340,0.040554,-0.910496,0.012342,-0.040461,0.051214,-0.352749,0.584339,0.006780,-0.811455,0.006594,-0.001984,1.016826,-0.313412,0.460644,-0.010832,-0.887466,-0.009701,0.001076,1.200786,-0.312026,0.442776,0.006987,-0.896605,-0.000492,-0.000375,1.320774,-0.311177,0.442776,0.006987,-0.896605,-0.000492,-0.002189,1.470759,-0.310117,0.442776,0.006987,-0.896605,-0.000492,-0.000181,1.304775,-0.311291,0.477665,0.201813,-0.850908,-0.084044,-0.000181,1.304775,-0.311291,0.386545,-0.176858,-0.899376,0.102113,-0.104153,1.391718,-0.159567,0.411803,-0.076683,-0.907980,0.010469,0.112528,1.389231,-0.453168,0.432658,0.077192,-0.896798,-0.051013,-0.171292,1.114454,-0.164974,0.405013,0.041878,-0.803789,-0.433744,0.103273,1.111790,-0.520800,0.401276,-0.357870,-0.815464,-0.214300,-0.253511,0.973525,-0.336037,0.455524,-0.024230,-0.825587,-0.332141,-0.078048,0.963064,-0.550576,0.415200,-0.274368,-0.852540,-0.159706,0.000000,0.000000,0.000000,0.915549,1.201180,3.680067,-2.363469,-1.368501,-154.922424,-125.109512,1.887928,110.733406,3.145944,2.021724,697.628540,3.968284,-0.051824,-104.127441,4.005386,3.220927,316.872284,9.558721,-0.343323,353.136932,2.616812,1.988931,-92.682365,-5.454636,-1.353871,-0.193888,6.946549,-0.714345,470.955109,1.529340,-0.150767,33.288357,-2.059007,0.477596,-92.335571,11.947069,0.516718,501.374146,-0.787920,-0.330882,-611.919495,1.618022,-0.063549,-56.763035,52.925346,-0.443545,-625.462158,73.953911,1.903881,-1305.496582,-6.501527,-0.049895,-804.521240,10.453904,0.715429,684.797302,53.533520,0.794497,-252.438370,-71.353188,-2.209057,-243.478577,-13.477148,-0.032858,157.793686,7.185641,-1.268647,-295.107819,-0.022530,-0.084388,-149.158020,-0.049887,-0.566420,-13.061810,0.900930,-0.093092,-97.684525,-0.710030,-0.075535,-148.887924,-0.774401,-0.568785,-16.606049,0.939201,-0.087039,-99.517387,-0.660238,-0.065175,-147.302872,-1.505457,-0.570893,-20.161543,0.944659,-0.082130,-103.156181,1.808731,-1.340758,-946.412170,-5.982924,0.361226,-86.153831,2.010638,-1.454093,-297.696136,-5.986439,0.943921,56.923325,-5.308471,-1.396223,-885.915405,-0.392493,0.841637,-458.470428,4.494070,-0.676025,2467.180176,-2.250624,-1.492695,-296.933380,7.081579,0.911149,83.200203,6.696629,0.118646,70.520676,1,1
343,3563,-0.088008,0.939748,-0.372726,0.460825,-0.014645,-0.887215,-0.016572,-0.088008,0.939748,-0.372726,0.460825,-0.014645,-0.887215,-0.016572,-0.089670,0.859748,-0.278418,0.473814,-0.029679,-0.876857,-0.075776,-0.000844,0.858093,-0.404844,0.492451,-0.057153,-0.868041,-0.027022,-0.140356,0.459902,-0.323284,0.449502,0.024089,-0.892835,0.014602,-0.053911,0.456303,-0.400350,0.515466,-0.018445,-0.855335,0.048546,-0.112600,0.052893,-0.314456,0.411200,0.040516,-0.910564,0.012070,-0.040504,0.051286,-0.352540,0.583851,0.007054,-0.811809,0.005920,-0.002352,1.016848,-0.313554,0.460409,-0.010605,-0.887584,-0.010278,0.000743,1.200804,-0.311805,0.442250,0.007682,-0.896856,-0.002293,-0.000668,1.320789,-0.310496,0.442250,0.007682,-0.896856,-0.002293,-0.002430,1.470770,-0.308859,0.442250,0.007682,-0.896856,-0.002293,-0.000480,1.304791,-0.310670,0.476798,0.202552,-0.851062,-0.085615,-0.000480,1.304791,-0.310670,0.386163,-0.177292,-0.899605,0.100784,-0.104634,1.391303,-0.158773,0.411100,-0.075579,-0.908384,0.011106,0.112792,1.389081,-0.452024,0.430042,0.076138,-0.898246,-0.049215,-0.171044,1.113923,-0.164152,0.404993,0.041997,-0.803908,-0.433530,0.103582,1.111481,-0.518485,0.401376,-0.358032,-0.815248,-0.214665,-0.253174,0.972906,-0.335186,0.455550,-0.024783,-0.825343,-0.332669,-0.077843,0.962895,-0.548329,0.415612,-0.274475,-0.852380,-0.159308,0.000000,0.000000,0.000000,0.912325,-0.179132,-76.683990,-2.364734,-0.070241,72.125572,-125.123550,-0.779894,-148.212326,3.153854,0.439445,-87.904404,3.978592,0.572668,34.693985,4.060157,3.042857,-9.892756,9.637538,4.378743,262.336975,2.737404,6.699522,261.699493,-5.543999,-4.964617,-200.596985,6.841941,-5.811532,-283.177063,1.437622,-5.095442,-274.704132,-2.027964,1.724601,69.278053,11.861478,-4.755073,-292.877289,-0.737235,2.815836,174.817642,1.730932,6.272799,352.019409,52.933758,0.467300,50.602535,74.377892,23.554483,1202.811157,-6.463773,2.097474,119.298256,10.543675,4.987293,237.325745,53.584457,2.829870,113.076225,-71.391640,-2.136230,4.045897,-13.504301,-1.508501,-81.980133,7.067329,-6.572882,-294.679749,-0.080195,-3.203606,-173.289856,-0.064052,-0.786919,-12.249936,0.853332,-2.644340,-141.736023,-0.767419,-3.188279,-172.930222,-0.790065,-0.870244,-16.747717,0.891014,-2.677073,-143.890793,-0.716712,-3.137436,-170.681168,-1.522610,-0.952972,-21.226612,0.895191,-2.748221,-148.116196,1.939751,7.278933,478.871643,-6.000000,-0.948668,-72.771851,2.000422,-0.567608,49.249157,-5.988182,-0.096824,-57.819180,-5.176918,7.308484,483.594788,-0.483267,-5.042984,-326.923340,4.207470,-15.922228,-847.011230,-2.279737,-1.617392,-6.927589,7.116193,1.923005,56.214199,6.426263,-15.020318,-841.053528,1,1
344,3576,-0.087732,0.939783,-0.372909,0.460929,-0.014635,-0.887160,-0.016647,-0.087732,0.939783,-0.372909,0.460929,-0.014635,-0.887160,-0.016647,-0.089376,0.859769,-0.278612,0.474366,-0.029067,-0.876582,-0.075738,-0.000579,0.858127,-0.405059,0.492296,-0.057383,-0.868113,-0.027044,-0.139641,0.459890,-0.323655,0.450019,0.024700,-0.892560,0.014503,-0.053819,0.456359,-0.400500,0.515366,-0.018621,-0.855385,0.048661,-0.111468,0.052903,-0.315141,0.411403,0.040814,-0.910456,0.012296,-0.040494,0.051358,-0.352535,0.583776,0.006773,-0.811865,0.005943,-0.002058,1.016869,-0.313746,0.460727,-0.010890,-0.887414,-0.010396,0.001208,1.200823,-0.312026,0.443015,0.006821,-0.896485,-0.002490,0.000005,1.320811,-0.310765,0.443015,0.006821,-0.896485,-0.002490,-0.001498,1.470795,-0.309189,0.443015,0.006821,-0.896485,-0.002490,0.000166,1.304813,-0.310933,0.477576,0.201703,-0.850787,-0.086015,0.000166,1.304813,-0.310933,0.387076,-0.177929,-0.899096,0.100700,-0.103456,1.391543,-0.158804,0.412805,-0.076244,-0.907553,0.011269,0.113370,1.388966,-0.452461,0.430314,0.075939,-0.898130,-0.049242,-0.170198,1.114239,-0.163827,0.405293,0.041454,-0.803674,-0.433736,0.104044,1.111345,-0.518893,0.401254,-0.357817,-0.815412,-0.214630,-0.252634,0.973296,-0.334775,0.455366,-0.023391,-0.825778,-0.331943,-0.077303,0.962677,-0.548803,0.415314,-0.274180,-0.852567,-0.159589,0.000000,0.000000,0.000000,0.920169,0.560313,52.817516,-2.367805,-0.219362,-10.651525,-125.110237,0.950950,123.631653,3.162344,0.606452,11.929037,4.004205,1.829505,89.774055,4.025121,-2.502612,-396.104889,9.654795,1.232624,-224.722763,2.750990,0.970432,-409.220734,-5.540044,0.282458,374.791046,6.799930,-3.000839,200.763870,1.489593,3.712229,629.119324,-2.088624,-4.332900,-432.678650,11.849801,-0.834056,280.072601,-0.757358,-1.437323,-303.797119,1.681135,-3.556941,-702.124329,52.889881,-3.134046,-257.239044,74.366264,-0.830514,-1741.785522,-6.492534,-2.054351,-296.558929,10.510507,-2.369200,-525.463745,53.610565,1.864842,-68.930534,-71.443222,-3.684453,-110.587288,-13.350158,11.010239,894.195679,7.277962,15.045166,1544.146240,-0.051712,2.034488,374.149597,-0.036913,1.938473,194.670822,0.833472,-1.418591,87.553535,-0.739298,2.008664,371.210205,-0.762780,1.948923,201.369095,0.871199,-1.415338,90.123962,-0.688719,1.999485,366.922913,-1.495143,1.961938,208.207886,0.875805,-1.384667,97.396721,1.921445,-1.307615,-613.324829,-5.989310,0.763553,122.301437,2.005824,0.385863,68.105141,-6.000000,-0.844138,-53.379543,-5.194860,-1.281568,-613.575134,-0.512204,-2.066978,212.571793,4.143280,-4.584994,809.802429,-2.273780,0.425492,145.920273,7.065063,-3.652130,-398.223907,6.388448,-2.701112,879.943298,1,1
345,3581,-0.088028,0.939787,-0.372764,0.461013,-0.014595,-0.887116,-0.016717,-0.088028,0.939787,-0.372764,0.461013,-0.014595,-0.887116,-0.016717,-0.089654,0.859758,-0.278481,0.474250,-0.029175,-0.876647,-0.075668,-0.000881,0.858138,-0.404945,0.492453,-0.057212,-0.868033,-0.027109,-0.139961,0.459876,-0.323438,0.449934,0.024531,-0.892607,0.014501,-0.054028,0.456355,-0.400490,0.515539,-0.018371,-0.855282,0.048726,-0.111913,0.052882,-0.314860,0.411129,0.040456,-0.910594,0.012442,-0.040489,0.051353,-0.352588,0.584002,0.007072,-0.811699,0.005967,-0.002344,1.016865,-0.313604,0.461236,-0.010754,-0.887148,-0.010679,0.000930,1.200817,-0.311721,0.444373,0.007146,-0.895807,-0.003239,-0.000261,1.320802,-0.310263,0.444373,0.007146,-0.895807,-0.003239,-0.001749,1.470784,-0.308440,0.444373,0.007146,-0.895807,-0.003239,-0.000102,1.304804,-0.310457,0.478474,0.201763,-0.850166,-0.087022,-0.000102,1.304804,-0.310457,0.388491,-0.177662,-0.898577,0.100350,-0.103418,1.391405,-0.158010,0.413103,-0.076235,-0.907420,0.011133,0.112830,1.389055,-0.452111,0.430609,0.075879,-0.897985,-0.049416,-0.170184,1.114126,-0.163093,0.405085,0.041207,-0.803664,-0.433972,0.103411,1.111441,-0.518612,0.401321,-0.357883,-0.815369,-0.214557,-0.252711,0.973282,-0.334078,0.455193,-0.023429,-0.825892,-0.331894,-0.077951,0.962779,-0.548464,0.415384,-0.274363,-0.852472,-0.159600,0.000000,0.000000,0.000000,0.929219,1.810026,249.942535,-2.367426,0.075722,59.016777,-125.099594,2.128601,235.530304,3.155589,-1.351070,-391.504425,3.991262,-2.588654,-883.631714,4.034988,1.973534,895.229126,9.671459,3.332901,420.055359,2.753428,0.487518,-96.582687,-5.550209,-2.032948,-463.081055,6.792880,-1.410007,318.166199,1.470036,-3.911328,-1524.711304,-2.060283,5.668211,2000.222290,11.838823,-2.195549,-272.298523,-0.761405,-0.809348,125.595169,1.654349,-5.357242,-360.060089,52.878918,-2.192688,188.271667,74.339668,-5.319214,-897.739929,-6.482788,1.949215,800.713135,10.496122,-2.876854,-101.530884,53.619843,1.855469,-1.874661,-71.494270,-10.209656,-1305.040649,-13.345100,1.011467,-1999.754272,7.323720,9.151745,-1178.684326,-0.070926,-3.842797,-1175.457031,0.018753,11.133125,1838.930420,0.817168,-3.260851,-368.452087,-0.759312,-4.002690,-1202.270752,-0.707616,11.032950,1816.805420,0.853918,-3.456306,-408.193726,-0.709343,-4.124773,-1224.851440,-1.440498,10.929036,1793.419678,0.857334,-3.694189,-461.904358,1.945597,4.830432,1227.609497,-6.000000,-2.137947,-580.299927,1.987769,-3.611016,-799.375916,-5.966628,6.674480,1503.723755,-5.168801,5.211735,1298.660522,-0.566930,-10.945201,-1775.644531,4.087209,-11.214256,-1325.852417,-2.297520,-4.747915,-1034.681396,7.122308,11.448956,3020.217285,6.349389,-7.811737,-1022.125000,1,1
346,3587,-0.086561,0.939788,-0.373765,0.460873,-0.014828,-0.887184,-0.016736,-0.086561,0.939788,-0.373765,0.460873,-0.014828,-0.887184,-0.016736,-0.088250,0.859777,-0.279467,0.474366,-0.029036,-0.876595,-0.075595,0.000561,0.858095,-0.405903,0.492298,-0.058391,-0.868038,-0.027252,-0.138436,0.459881,-0.324417,0.450069,0.024607,-0.892538,0.014446,-0.053478,0.456429,-0.401089,0.515599,-0.019335,-0.855209,0.049013,-0.110350,0.052888,-0.315913,0.411266,0.040534,-0.910529,0.012434,-0.040486,0.051481,-0.352585,0.583969,0.006963,-0.811724,0.005985,-0.000861,1.016840,-0.314593,0.461255,-0.010940,-0.887133,-0.010868,0.002514,1.200790,-0.312643,0.444706,0.007052,-0.895641,-0.003781,0.001401,1.320774,-0.311078,0.444706,0.007052,-0.895641,-0.003781,0.000011,1.470755,-0.309121,0.444706,0.007052,-0.895641,-0.003781,0.001550,1.304776,-0.311286,0.478707,0.202173,-0.849855,-0.087822,0.001550,1.304776,-0.311286,0.389231,-0.177784,-0.898289,0.099841,-0.101708,1.390969,-0.158649,0.413065,-0.074673,-0.907574,0.010531,0.114315,1.389065,-0.453044,0.431554,0.075510,-0.897511,-0.050338,-0.167809,1.113583,-0.164408,0.405170,0.041241,-0.803511,-0.434172,0.104428,1.111491,-0.519921,0.401321,-0.357808,-0.815404,-0.214548,-0.250381,0.972822,-0.335439,0.455502,-0.023583,-0.825822,-0.331631,-0.076910,0.962803,-0.549789,0.415335,-0.274226,-0.852529,-0.159661,0.000000,0.000000,0.000000,0.919170,-1.674900,-580.821106,-2.392055,-4.104813,-696.755798,-125.117409,-2.969106,-849.617859,3.213963,9.729107,1846.696289,4.084121,15.476544,3010.866211,4.030780,-0.701427,-445.826874,9.729154,9.615739,1047.139648,2.727180,-4.374584,-810.350342,-5.644996,-15.797854,-2294.151123,6.764550,-4.721562,-551.925720,1.499377,4.890064,1466.898804,-2.096099,-5.969286,-1939.582886,11.823011,-2.635320,-73.295158,-0.766950,-0.924249,-19.150307,1.652267,-0.346919,835.053772,52.787292,-15.270869,-2179.697021,74.242805,-16.143799,-1804.097534,-6.494012,-1.870712,-636.654480,10.491104,-0.836372,340.080261,53.567722,-8.686702,-1757.028442,-71.625946,-21.945953,-1956.049683,-13.397282,-8.696874,-1618.056763,7.359321,5.933444,-536.383545,-0.084299,-2.228851,268.990997,0.039636,3.480637,-1275.414795,0.802475,-2.448767,135.347244,-0.772991,-2.279878,287.135437,-0.687124,3.415356,-1269.599121,0.838779,-2.523084,155.537003,-0.723145,-2.300352,304.070099,-1.420401,3.349562,-1263.245605,0.841598,-2.622654,178.589111,1.946771,0.195702,-772.455017,-5.962636,6.227255,1394.200317,2.051318,10.591646,2367.110352,-5.978905,-2.046267,-1453.458008,-5.168190,0.101805,-851.655029,-0.544324,3.767729,2452.155029,4.120653,5.573988,2798.040771,-2.241649,9.311755,2343.278564,7.167032,7.453998,-665.826233,6.270636,-13.125579,-885.640320,1,1
347,3592,-0.086251,0.939778,-0.373307,0.461057,-0.014880,-0.887084,-0.016932,-0.086251,0.939778,-0.373307,0.461057,-0.014880,-0.887084,-0.016932,-0.087922,0.859738,-0.279033,0.474533,-0.029078,-0.876487,-0.075784,0.000836,0.858072,-0.405507,0.492598,-0.058400,-0.867858,-0.027573,-0.138219,0.459868,-0.324092,0.450240,0.024581,-0.892455,0.014252,-0.053335,0.456420,-0.400895,0.515899,-0.019304,-0.855047,0.048690,-0.110220,0.052866,-0.315725,0.411430,0.040506,-0.910459,0.012240,-0.040439,0.051440,-0.352635,0.584228,0.006997,-0.811539,0.005648,-0.000506,1.016788,-0.314147,0.461399,-0.010987,-0.887056,-0.011023,0.002907,1.200737,-0.312162,0.444768,0.007011,-0.895610,-0.003852,0.001811,1.320722,-0.310586,0.444768,0.007011,-0.895610,-0.003852,0.000441,1.470702,-0.308615,0.444768,0.007011,-0.895610,-0.003852,0.001957,1.304724,-0.310796,0.478742,0.202143,-0.849833,-0.087914,0.001957,1.304724,-0.310796,0.389288,-0.177828,-0.898261,0.099796,-0.101276,1.390907,-0.158139,0.413091,-0.074674,-0.907563,0.010454,0.114722,1.389003,-0.452558,0.431571,0.075453,-0.897506,-0.050369,-0.167395,1.113527,-0.163935,0.405154,0.041233,-0.803479,-0.434249,0.104796,1.111431,-0.519436,0.401323,-0.357865,-0.815375,-0.214560,-0.249982,0.972798,-0.334986,0.455481,-0.023557,-0.825800,-0.331719,-0.076560,0.962764,-0.549293,0.415346,-0.274301,-0.852497,-0.159672,0.000000,0.000000,0.000000,0.935938,3.353608,1005.701660,-2.407890,-3.166914,187.579819,-125.093903,4.701233,1534.067749,3.225203,2.247906,-1496.240234,4.074458,-1.932716,-3481.852051,4.046155,3.075027,755.290955,9.730624,0.294113,-1864.325195,2.728393,0.242662,923.449219,-5.644402,0.118923,3183.355469,6.763190,-0.272083,889.895691,1.501181,0.360870,-905.838745,-2.095072,0.205517,1234.960571,11.823782,0.154114,557.886780,-0.767561,-0.122273,160.395294,1.652809,0.108290,91.041725,52.786858,-0.086975,3036.778809,74.242126,-0.135803,3201.599121,-6.491741,0.454235,464.989349,10.490695,-0.081825,150.909424,53.568279,0.111389,1759.618164,-71.627533,-0.317383,4325.713867,-13.393355,0.785255,1896.425781,7.360306,0.196934,-1147.302002,-0.082602,0.339553,513.680786,0.034291,-1.068995,-909.926392,0.806922,0.889337,667.620911,-0.771215,0.355089,526.993286,-0.692384,-1.052034,-893.478027,0.843318,0.907815,686.179810,-0.721347,0.359583,531.986938,-1.425577,-1.035333,-876.979126,0.846246,0.929570,710.444824,1.948040,0.253701,11.599859,-5.965193,-0.511265,-1347.703857,2.053033,0.342846,-2049.760010,-5.977761,0.228882,455.029846,-5.166910,0.256062,30.851364,-0.545466,-0.228500,-799.245850,4.117828,-0.564957,-1227.788940,-2.240165,0.296783,-1802.994385,7.169486,0.490761,-1392.647461,6.269286,-0.269890,2571.137939,1,1
348,3605,-0.087628,0.939800,-0.372090,0.461319,-0.014865,-0.886944,-0.017152,-0.087628,0.939800,-0.372090,0.461319,-0.014865,-0.886944,-0.017152,-0.089258,0.859721,-0.277848,0.474412,-0.029232,-0.876552,-0.075727,-0.000575,0.858092,-0.404375,0.492861,-0.057483,-0.867755,-0.028009,-0.139637,0.459850,-0.322815,0.450110,0.024474,-0.892521,0.014410,-0.054285,0.456365,-0.400422,0.516210,-0.018103,-0.854879,0.048795,-0.111660,0.052850,-0.314289,0.411188,0.040353,-0.910571,0.012490,-0.040489,0.051363,-0.352600,0.584492,0.008478,-0.811339,0.005154,-0.001835,1.016771,-0.312948,0.461832,-0.010856,-0.886832,-0.011077,0.001508,1.200720,-0.310944,0.445549,0.007372,-0.895220,-0.003592,0.000309,1.320704,-0.309384,0.445549,0.007372,-0.895220,-0.003592,-0.001191,1.470684,-0.307434,0.445549,0.007372,-0.895220,-0.003592,0.000469,1.304706,-0.309592,0.479318,0.202265,-0.849489,-0.087816,0.000469,1.304706,-0.309592,0.389722,-0.177508,-0.898075,0.100341,-0.102585,1.390886,-0.156802,0.413882,-0.074921,-0.907186,0.010111,0.113038,1.388945,-0.451501,0.431786,0.075455,-0.897446,-0.049575,-0.168933,1.113573,-0.162637,0.405501,0.040578,-0.803052,-0.434776,0.103294,1.111331,-0.517961,0.401646,-0.357605,-0.815250,-0.214861,-0.251940,0.973052,-0.333655,0.455753,-0.023624,-0.825499,-0.332088,-0.078038,0.962652,-0.547910,0.415645,-0.274129,-0.852343,-0.160012,0.000000,0.000000,0.000000,0.958359,1.601496,-125.150841,-2.418214,-0.737446,173.533447,-125.060364,2.395630,-164.685928,3.204630,-1.469476,-265.527252,3.970232,-7.444705,-393.713531,4.048790,0.188249,-206.198502,9.797043,4.744189,317.862579,2.783106,3.908055,261.813751,-5.719199,-5.342654,-390.112640,6.742738,-1.460825,-84.910103,1.475520,-1.832954,-156.701691,-2.042144,3.780518,255.357224,11.835711,0.852040,49.851864,-0.773525,-0.425965,-21.692259,1.643035,-0.698115,-57.600349,52.837040,3.584453,262.244873,74.327217,6.077903,443.836151,-6.479928,0.843797,27.825880,10.484336,-0.454221,-26.599730,53.583042,1.054491,67.364433,-71.641365,-0.988007,-47.901699,-13.345604,3.410816,187.540054,7.406365,3.289972,220.931305,-0.084657,-0.146809,-34.740120,0.056184,1.563764,188.054245,0.829962,1.645701,54.026012,-0.773559,-0.167395,-37.320290,-0.670219,1.583163,188.228378,0.866032,1.622387,51.040916,-0.724285,-0.209859,-40.674450,-1.403175,1.600138,188.247894,0.868600,1.596668,47.649841,1.970576,1.609734,96.859497,-6.000000,-2.486229,-141.068863,2.037740,-1.092366,-102.515129,-5.946538,2.230167,142.948959,-5.143875,1.645361,99.235657,-0.565282,-1.415410,-84.779274,4.085990,-2.274139,-122.084427,-2.248989,-0.630260,-66.217354,7.148455,-1.502207,-142.354874,6.354008,6.051540,451.530731,1,1
349,3614,-0.087283,0.939844,-0.372298,0.461585,-0.015198,-0.886777,-0.018328,-0.087283,0.939844,-0.372298,0.461585,-0.015198,-0.886777,-0.018328,-0.088991,0.859600,-0.278199,0.474526,-0.029067,-0.876462,-0.076123,-0.000386,0.858049,-0.404782,0.492605,-0.057915,-0.867864,-0.028232,-0.139414,0.459768,-0.323506,0.450122,0.024836,-0.892507,0.014313,-0.054504,0.456366,-0.400833,0.516203,-0.018145,-0.854847,0.049412,-0.111209,0.052780,-0.315185,0.411235,0.040842,-0.910528,0.012472,-0.040477,0.051424,-0.352565,0.584318,0.008076,-0.811468,0.005090,-0.001326,1.016566,-0.313070,0.462420,-0.011227,-0.886506,-0.012206,0.002335,1.200506,-0.310775,0.446783,0.006912,-0.894603,-0.004639,0.001349,1.320489,-0.309037,0.446783,0.006912,-0.894603,-0.004639,0.000116,1.470469,-0.306866,0.446783,0.006912,-0.894603,-0.004639,0.001480,1.304492,-0.309269,0.480058,0.201672,-0.849073,-0.089158,0.001480,1.304492,-0.309269,0.391166,-0.178068,-0.897407,0.099711,-0.101165,1.390676,-0.156188,0.414108,-0.075483,-0.907043,0.009491,0.113946,1.388618,-0.451301,0.431946,0.074909,-0.897424,-0.049416,-0.167952,1.113428,-0.162195,0.405538,0.040363,-0.803026,-0.434810,0.103965,1.110978,-0.517549,0.401553,-0.357486,-0.815247,-0.215247,-0.251053,0.972918,-0.333176,0.455650,-0.023139,-0.825760,-0.331614,-0.077376,0.962347,-0.547683,0.415678,-0.273997,-0.852371,-0.160001,0.000000,0.000000,0.000000,1.059622,12.657873,1382.047119,-2.514627,-12.051702,-1414.281982,-125.027542,4.102707,213.384628,3.116153,-11.059582,-1198.763306,4.027764,7.191568,1829.534302,3.975405,-9.173155,-1170.175415,9.903315,13.283968,1067.472290,2.868999,10.736585,853.566162,-5.734225,-1.878321,433.041565,6.637188,-13.193787,-1466.620239,1.488230,1.588762,427.714417,-2.021921,2.527893,-156.578186,11.877450,5.217433,545.674133,-0.790345,-2.102561,-209.574585,1.652482,1.180843,234.869720,52.810520,-3.314972,-862.428101,74.373917,5.837440,-30.057789,-6.460511,2.427101,197.912964,10.528640,5.537987,749.026001,53.511501,-8.942604,-1249.636841,-71.629730,1.454353,305.294983,-13.299378,5.778193,295.922150,7.501900,11.941851,1081.484741,-0.076747,0.988713,141.940170,0.097414,5.153697,448.741577,0.832936,0.371814,-159.235947,-0.766243,0.914469,135.233093,-0.628844,5.171887,448.590515,0.868537,0.313170,-163.652115,-0.717623,0.832744,130.325424,-1.361668,5.188480,448.542786,0.870747,0.268407,-166.032608,1.997647,3.383934,221.775040,-6.000000,0.000000,310.778625,2.030492,-0.905991,23.296907,-5.916354,3.773093,192.865723,-5.116678,3.399611,219.281219,-0.616490,-6.400935,-623.190613,3.947902,-17.260969,-1873.353882,-2.261356,-1.545817,-114.444641,7.205119,7.082999,1073.150757,6.322628,-3.922462,-1246.750366,1,1
350,3623,-0.086978,0.939849,-0.372703,0.462523,-0.016172,-0.886236,-0.019913,-0.086978,0.939849,-0.372703,0.462523,-0.016172,-0.886236,-0.019913,-0.088738,0.859425,-0.278758,0.475174,-0.029512,-0.875917,-0.078158,-0.000411,0.857843,-0.405534,0.492926,-0.058417,-0.867649,-0.028222,-0.140312,0.459861,-0.325313,0.450383,0.025428,-0.892366,0.013848,-0.054890,0.456199,-0.401360,0.516777,-0.018189,-0.854449,0.050277,-0.111843,0.052879,-0.317557,0.411073,0.040817,-0.910596,0.012991,-0.040491,0.051343,-0.352487,0.584194,0.008332,-0.811558,0.004720,-0.000650,1.016181,-0.313511,0.462988,-0.011914,-0.886185,-0.013321,0.003330,1.200111,-0.311032,0.446597,0.006760,-0.894697,-0.004788,0.002391,1.320095,-0.309279,0.446597,0.006760,-0.894697,-0.004788,0.001218,1.470074,-0.307089,0.446597,0.006760,-0.894697,-0.004788,0.002516,1.304097,-0.309513,0.479992,0.201653,-0.849102,-0.089273,0.002516,1.304097,-0.309513,0.391453,-0.178602,-0.897186,0.099614,-0.100158,1.390253,-0.156444,0.413874,-0.075183,-0.907171,0.009789,0.114999,1.387958,-0.451617,0.432179,0.073534,-0.897418,-0.049553,-0.166721,1.112973,-0.162372,0.405655,0.040208,-0.803026,-0.434714,0.104286,1.110239,-0.517616,0.401369,-0.356493,-0.815688,-0.215564,-0.249886,0.972419,-0.333287,0.455736,-0.023375,-0.825646,-0.331763,-0.076776,0.961348,-0.548135,0.415765,-0.273838,-0.852425,-0.159763,0.000000,0.000000,0.000000,1.166541,11.879934,-86.437653,-2.698765,-20.459679,-934.219727,-124.907700,13.315837,1023.681091,2.935012,-20.126846,-1007.473877,4.057811,3.338496,-428.119171,3.892311,-9.232707,-6.616910,10.015027,12.412495,-96.830368,2.971874,11.430634,77.116646,-5.847603,-12.597561,-1191.026733,6.655003,1.979457,1685.915894,1.570974,9.193818,845.006226,-2.004013,1.989789,-59.789341,12.093176,23.969543,2083.567627,-0.860029,-7.742564,-626.666931,1.541224,-12.362003,-1504.760620,52.577293,-25.914085,-2511.012695,74.498970,13.894823,895.264771,-6.334536,13.997184,1285.564819,10.543856,1.690653,-427.481567,53.533810,2.478705,1269.034424,-71.632523,-0.310262,-196.068375,-13.293503,0.652843,-569.483398,7.469540,-3.595564,-1726.379395,-0.081418,-0.518957,-167.518829,0.048037,-5.486282,-1182.219849,0.895877,6.993479,735.740601,-0.770120,-0.430736,-149.467300,-0.677448,-5.400433,-1174.702271,0.932077,7.060018,749.649719,-0.721491,-0.429796,-140.282211,-1.409549,-5.320112,-1167.621460,0.934771,7.113768,760.595581,2.038545,4.544192,128.917480,-5.940059,6.660143,740.015930,2.041935,1.271486,241.941864,-5.936884,-2.281189,-672.697998,-5.075006,4.630195,136.731567,-0.617942,-0.161330,693.289490,3.979420,3.502025,2306.999023,-2.254538,0.757509,255.925049,7.222332,1.912647,-574.483582,6.262206,-6.713549,-310.120728,1,1
351,3633,-0.087210,0.939829,-0.372109,0.462634,-0.016108,-0.886179,-0.019944,-0.087210,0.939829,-0.372109,0.462634,-0.016108,-0.886179,-0.019944,-0.088940,0.859394,-0.278173,0.474973,-0.029430,-0.876051,-0.077901,-0.000644,0.857834,-0.404971,0.493403,-0.058143,-0.867384,-0.028585,-0.140344,0.459794,-0.324587,0.450238,0.025341,-0.892441,0.013874,-0.055076,0.456178,-0.401131,0.517267,-0.017777,-0.854173,0.050079,-0.111931,0.052810,-0.316774,0.411025,0.040534,-0.910636,0.012572,-0.040443,0.051292,-0.352581,0.584589,0.008488,-0.811273,0.004515,-0.000875,1.016161,-0.312929,0.463107,-0.011791,-0.886125,-0.013274,0.003039,1.200093,-0.310453,0.446735,0.007004,-0.894627,-0.004589,0.002027,1.320076,-0.308717,0.446735,0.007004,-0.894627,-0.004589,0.000762,1.470055,-0.306546,0.446735,0.007004,-0.894627,-0.004589,0.002162,1.304078,-0.308948,0.480421,0.201856,-0.848838,-0.089019,0.002162,1.304078,-0.308948,0.391551,-0.178382,-0.897161,0.099847,-0.100395,1.390227,-0.155788,0.414659,-0.074940,-0.906826,0.010376,0.114553,1.387955,-0.451106,0.432344,0.073620,-0.897344,-0.049327,-0.166706,1.112921,-0.161421,0.405774,0.040055,-0.802966,-0.434729,0.103903,1.110194,-0.516989,0.401864,-0.356283,-0.815694,-0.214968,-0.249955,0.972370,-0.332296,0.455736,-0.023295,-0.825584,-0.331924,-0.077040,0.961101,-0.547234,0.416142,-0.273986,-0.852205,-0.159700,0.000000,0.000000,0.000000,1.172740,0.563546,-1028.762573,-2.694108,0.423366,1898.458618,-124.893547,1.286593,-1093.567505,2.957666,2.059503,2016.940918,4.021646,-3.287662,-602.377991,3.941668,4.486972,1247.243530,10.037547,2.047279,-942.292358,2.986956,1.371015,-914.510803,-5.825347,2.023263,1329.165894,6.623999,-2.818584,-436.185577,1.562470,-0.773126,-906.085876,-1.960284,3.975402,180.510315,12.060588,-2.962546,-2448.371582,-0.803336,5.153873,1172.403320,1.542071,0.076988,1130.817261,52.533176,-4.010634,1991.222778,74.543945,4.088662,-891.469299,-6.315813,1.702092,-1117.735596,10.468551,-6.845908,-776.050964,53.594875,5.551425,279.338135,-71.694702,-5.652688,-485.675018,-13.259637,3.078721,220.534363,7.466406,-0.284932,300.966583,-0.083256,-0.167110,31.986042,0.049142,0.100444,507.884155,0.907047,1.015419,-543.459961,-0.771964,-0.167614,23.920235,-0.676223,0.111379,501.073822,0.943208,1.011892,-549.829651,-0.723484,-0.181171,22.602257,-1.408217,0.121084,494.654205,0.945833,1.005623,-555.285889,2.044429,0.534903,-364.480804,-5.938928,0.102823,-596.120056,2.036912,-0.456637,-157.102081,-5.971217,-3.121116,-76.356995,-5.069053,0.541210,-371.725861,-0.618133,-0.017410,13.083631,3.982038,0.237920,-296.736786,-2.259488,-0.450026,-109.775887,7.196522,-2.346429,-387.188690,6.238531,-2.152313,414.657837,1,1
352,3648,-0.087111,0.939822,-0.372079,0.462727,-0.016272,-0.886127,-0.019955,-0.087111,0.939822,-0.372079,0.462727,-0.016272,-0.886127,-0.019955,-0.088845,0.859400,-0.278133,0.475111,-0.029269,-0.875990,-0.077813,-0.000577,0.857797,-0.404950,0.493231,-0.058229,-0.867475,-0.028636,-0.140108,0.459782,-0.324538,0.450375,0.025482,-0.892368,0.013895,-0.055093,0.456151,-0.401123,0.517134,-0.017823,-0.854249,0.050147,-0.111582,0.052805,-0.316767,0.411300,0.040684,-0.910508,0.012376,-0.040472,0.051273,-0.352503,0.584264,0.008270,-0.811509,0.004602,-0.000740,1.016136,-0.312928,0.463490,-0.012287,-0.885919,-0.013170,0.003368,1.200066,-0.310625,0.447727,0.005866,-0.894141,-0.004245,0.002566,1.320054,-0.309083,0.447727,0.005866,-0.894141,-0.004245,0.001563,1.470038,-0.307157,0.447727,0.005866,-0.894141,-0.004245,0.002673,1.304055,-0.309289,0.481239,0.200978,-0.848568,-0.089154,0.002673,1.304055,-0.309289,0.392248,-0.179074,-0.896663,0.100351,-0.099577,1.390376,-0.156081,0.414782,-0.074954,-0.906769,0.010410,0.115008,1.387699,-0.451681,0.432423,0.073284,-0.897330,-0.049385,-0.165881,1.113076,-0.161698,0.405559,0.039852,-0.803144,-0.434618,0.104164,1.109901,-0.517513,0.401935,-0.355794,-0.815923,-0.214775,-0.249137,0.972479,-0.332532,0.456133,-0.024520,-0.825678,-0.331055,-0.076604,0.960602,-0.547789,0.415808,-0.272500,-0.852805,-0.159910,0.000000,0.000000,0.000000,1.164829,-0.565112,-80.618385,-2.711462,-1.239606,-118.783760,-124.881302,0.874656,-29.424122,2.959204,0.109860,-139.260239,4.009977,-0.833545,175.294052,3.907738,-2.423559,-493.609375,10.051949,1.028674,-72.757469,2.993834,0.491313,-62.835903,-5.806125,1.373053,-46.443634,6.596862,-1.938309,62.876823,1.590626,2.011180,198.879028,-1.968277,-0.570919,-324.737213,12.053270,-0.522682,174.276016,-0.782354,1.498725,-261.082001,1.552975,0.778837,50.132099,52.426426,-7.625035,-258.171478,74.590034,3.292084,-56.898426,-6.453449,-9.831156,-823.803406,10.470661,0.150749,499.761169,53.580849,-1.001903,-468.094879,-71.744835,-3.580911,147.984039,-13.418189,-11.325155,-1028.848267,7.487576,1.512153,128.363190,-0.042161,2.935344,221.603882,0.085336,2.585278,177.488159,0.901234,-0.415249,-102.190559,-0.731437,2.894768,218.741547,-0.639483,2.624278,179.492722,0.937371,-0.416900,-102.056587,-0.683481,2.857383,217.039566,-1.370908,2.664890,181.700409,0.940504,-0.380644,-99.019020,2.009650,-2.484202,-215.650360,-5.972250,-2.380133,-177.354004,2.083059,3.296188,268.058899,-5.948627,1.613583,338.192780,-5.101425,-2.312286,-203.821136,-0.663478,-3.238942,-230.109421,3.988396,0.454170,15.446451,-2.218048,2.960052,243.577011,7.246836,3.593853,424.305878,6.211045,-1.963241,13.505160,1,1
353,3676,-0.087261,0.939750,-0.371895,0.462753,-0.016299,-0.886120,-0.019624,-0.087261,0.939750,-0.371895,0.462753,-0.016299,-0.886120,-0.019624,-0.088967,0.859385,-0.277899,0.475558,-0.029636,-0.875891,-0.076036,-0.000707,0.857728,-0.404722,0.493290,-0.058087,-0.867448,-0.028717,-0.139833,0.459554,-0.322884,0.450880,0.025198,-0.892092,0.015632,-0.055156,0.456072,-0.401004,0.517179,-0.017676,-0.854229,0.050064,-0.110868,0.052636,-0.313765,0.411454,0.040306,-0.910472,0.011053,-0.040464,0.051181,-0.352504,0.584333,0.008406,-0.811458,0.004442,-0.000906,1.016123,-0.312796,0.463400,-0.012254,-0.885970,-0.012965,0.003158,1.200054,-0.310525,0.447396,0.006012,-0.894306,-0.004292,0.002328,1.320041,-0.308958,0.447396,0.006012,-0.894306,-0.004292,0.001291,1.470025,-0.307000,0.447396,0.006012,-0.894306,-0.004292,0.002439,1.304043,-0.309167,0.481035,0.201158,-0.848648,-0.089087,0.002439,1.304043,-0.309167,0.391950,-0.179000,-0.896820,0.100239,-0.099857,1.390314,-0.155963,0.414977,-0.074860,-0.906688,0.010301,0.114859,1.387721,-0.451465,0.432100,0.073318,-0.897479,-0.049451,-0.166168,1.113026,-0.161584,0.406401,0.039527,-0.802459,-0.435128,0.104020,1.109925,-0.517331,0.402134,-0.355850,-0.815850,-0.214586,-0.249826,0.972627,-0.332385,0.457094,-0.024160,-0.825405,-0.330437,-0.076750,0.960603,-0.547482,0.416025,-0.272661,-0.852670,-0.159790,0.000000,0.000000,0.000000,1.129752,-1.252749,-24.558485,-2.696613,0.530337,63.212242,-124.877289,0.143324,-26.118999,2.992458,1.187631,38.491829,3.971334,-1.380086,-19.519306,3.914786,0.251710,95.545334,10.051466,-0.017234,-37.353863,3.003715,0.352894,-4.943536,-5.810833,-0.168170,-55.043671,6.465237,-4.700916,-98.664551,1.478751,-3.995550,-214.526077,-2.004845,-1.306031,-26.254017,12.049738,-0.126157,14.161577,-0.467422,11.247563,348.172821,1.679393,4.514941,133.432297,52.410458,-0.570297,251.954926,74.626434,1.299994,-71.146049,-6.442344,0.396626,365.277924,10.459202,-0.409263,-20.000399,53.629456,1.735960,97.780807,-71.663284,2.912521,231.908295,-13.423766,-0.199182,397.356201,7.633434,5.209225,132.038284,-0.055267,-0.468081,-121.550911,0.070678,-0.523489,-111.027397,0.891545,-0.346033,2.471997,-0.744319,-0.460088,-119.816284,-0.654462,-0.534971,-112.830299,0.927716,-0.344817,2.574404,-0.696003,-0.447239,-118.022217,-1.386203,-0.546243,-114.683296,0.930720,-0.349413,1.115383,2.013052,0.121491,93.060478,-5.968713,0.126311,89.515846,2.081868,-0.042524,-119.239693,-5.965034,-0.585982,-78.555885,-5.097773,0.130432,87.239914,-0.665010,-0.054711,113.722542,3.997222,0.315232,-4.962087,-2.217106,0.033617,-104.515541,7.220217,-0.950660,-162.304062,6.221205,0.362839,83.074280,1,1
354,3685,-0.086846,0.939724,-0.371837,0.463120,-0.016764,-0.885905,-0.020289,-0.086846,0.939724,-0.371837,0.463120,-0.016764,-0.885905,-0.020289,-0.088587,0.859289,-0.277902,0.475520,-0.030140,-0.875860,-0.076425,-0.000437,0.857603,-0.404800,0.493422,-0.058312,-0.867351,-0.028917,-0.139963,0.459528,-0.322972,0.450807,0.024892,-0.892138,0.015584,-0.055127,0.455976,-0.401126,0.517394,-0.017753,-0.854094,0.050120,-0.111239,0.052595,-0.313772,0.411035,0.039116,-0.910711,0.011257,-0.040452,0.051093,-0.352560,0.584468,0.008339,-0.811361,0.004613,-0.000331,1.015927,-0.312752,0.463743,-0.012490,-0.885774,-0.013844,0.003940,1.199850,-0.310174,0.447667,0.006207,-0.894161,-0.005617,0.003211,1.319833,-0.308302,0.447667,0.006207,-0.894161,-0.005617,0.002301,1.469812,-0.305962,0.447667,0.006207,-0.894161,-0.005617,0.003309,1.303835,-0.308552,0.481238,0.201145,-0.848412,-0.090268,0.003309,1.303835,-0.308552,0.392238,-0.179006,-0.896815,0.099147,-0.098794,1.390016,-0.155104,0.415109,-0.075142,-0.906604,0.010394,0.115792,1.387653,-0.450686,0.432020,0.073219,-0.897498,-0.049952,-0.165241,1.112736,-0.160589,0.406768,0.039001,-0.802570,-0.434626,0.104787,1.109891,-0.516789,0.402022,-0.355832,-0.815882,-0.214704,-0.249073,0.972115,-0.331122,0.457222,-0.024225,-0.825506,-0.330002,-0.075987,0.960589,-0.547011,0.415881,-0.272584,-0.852740,-0.159925,0.000000,0.000000,0.000000,1.171487,4.637281,654.447876,-2.779679,-9.229633,-1084.441040,-124.830391,5.210876,563.061462,2.935095,-6.373697,-840.147644,3.969793,-0.171291,134.310608,3.883508,-3.475295,-414.111694,10.085405,3.771040,420.919373,2.988897,-1.646466,-222.151047,-5.803879,0.772688,104.539818,6.437994,-3.027015,185.989014,1.465973,-1.419743,286.200836,-1.954268,5.619711,769.526917,12.093869,4.903475,558.848083,-0.442645,2.752986,-943.841919,1.574772,-11.624588,-1793.281128,52.372608,-4.205492,-403.910522,74.603943,-2.499051,-422.116119,-6.451753,-1.045439,-160.229477,10.459485,0.031471,48.970417,53.568233,-6.802453,-948.712585,-71.663551,-0.029670,-326.910126,-13.366732,6.337166,726.260803,7.649428,1.777066,-381.350952,-0.089666,-3.822069,-372.665283,0.068352,-0.258528,29.440111,0.881967,-1.064142,-79.789886,-0.778688,-3.818704,-373.179535,-0.657462,-0.333322,22.405378,0.917780,-1.103997,-84.353340,-0.730205,-3.800213,-372.552673,-1.389892,-0.409828,15.157137,0.919999,-1.191219,-93.533966,2.038463,2.823485,300.221558,-6.000000,-3.476355,-400.296204,2.048037,-3.759040,-412.946259,-5.991590,-2.950668,-262.742950,-5.073678,2.677282,282.983276,-0.662146,0.318282,41.443649,3.937615,-6.623030,-770.917969,-2.258089,-4.553663,-509.697754,7.248230,3.112528,451.465332,6.126956,-10.472139,-1203.886475,1,1
355,3689,-0.086690,0.939745,-0.370471,0.463466,-0.016680,-0.885721,-0.020461,-0.086690,0.939745,-0.370471,0.463466,-0.016680,-0.885721,-0.020461,-0.088359,0.859272,-0.276566,0.475661,-0.029955,-0.875790,-0.076424,-0.000307,0.857637,-0.403533,0.493877,-0.057930,-0.867099,-0.029464,-0.139612,0.459501,-0.321701,0.450895,0.025171,-0.892084,0.015697,-0.054940,0.456002,-0.400365,0.517734,-0.017467,-0.853944,0.049254,-0.110643,0.052585,-0.312524,0.411060,0.039226,-0.910693,0.011344,-0.040411,0.051027,-0.352528,0.584792,0.009173,-0.811124,0.003448,-0.000130,1.015925,-0.311422,0.464395,-0.012368,-0.885436,-0.013694,0.004041,1.199850,-0.308931,0.448954,0.006415,-0.893519,-0.004841,0.003187,1.319835,-0.307201,0.448954,0.006415,-0.893519,-0.004841,0.002120,1.469815,-0.305040,0.448954,0.006415,-0.893519,-0.004841,0.003301,1.303837,-0.307432,0.482371,0.201180,-0.847805,-0.089848,0.003301,1.303837,-0.307432,0.393361,-0.178596,-0.896293,0.100150,-0.098606,1.390077,-0.153889,0.415480,-0.074858,-0.906448,0.011142,0.115273,1.387627,-0.449996,0.433470,0.073656,-0.896819,-0.048937,-0.164729,1.112740,-0.159049,0.406695,0.039118,-0.802804,-0.434251,0.104602,1.109744,-0.515628,0.403142,-0.355662,-0.815794,-0.213217,-0.248428,0.971965,-0.329520,0.456979,-0.024088,-0.825645,-0.330000,-0.075975,0.960057,-0.545111,0.417011,-0.272281,-0.852527,-0.158627,0.000000,0.000000,0.000000,1.192343,4.171109,-93.234444,-2.780673,-0.198650,1806.196655,-124.786057,8.866882,731.201172,2.960508,5.082655,2291.270508,3.920459,-9.866714,-1939.084717,3.899273,3.152943,1325.647583,10.046076,-7.865906,-2327.389160,2.995141,1.248741,579.041382,-5.871943,-13.612842,-2877.105957,6.414543,-4.690075,-332.611938,1.471976,1.200509,524.050415,-1.926587,5.536270,-16.688156,12.110684,3.363037,-308.087646,-0.431911,2.146786,-121.239952,1.557041,-3.546119,1615.693848,52.374916,0.461578,933.414062,74.604622,0.135803,526.970764,-6.461420,-1.933479,-177.608063,10.448912,-2.114677,-429.229736,53.603996,7.152557,2791.002197,-71.723228,-11.935425,-2381.150879,-13.337219,5.902481,-86.936951,7.613242,-7.237244,-1802.861938,-0.074618,3.009650,1366.343750,0.107228,7.775211,1606.747803,0.916856,6.977689,1608.366211,-0.764200,2.897501,1343.240967,-0.617885,7.915521,1649.768555,0.952296,6.903076,1601.414673,-0.716751,2.690876,1298.217773,-1.349653,8.047628,1691.491455,0.954318,6.863868,1611.017212,2.036235,-0.445747,-653.846558,-6.000000,0.000000,695.270935,2.050588,0.510311,853.870239,-5.957799,6.758118,1941.757202,-5.077415,-0.747395,-684.935242,-0.652115,2.006173,337.578186,3.889536,-9.615803,-598.554565,-2.257874,0.042963,919.325195,7.289042,8.162498,1009.994141,6.127032,0.015354,2097.498535,1,1
356,3698,-0.086634,0.939802,-0.370729,0.463728,-0.016884,-0.885576,-0.020620,-0.086634,0.939802,-0.370729,0.463728,-0.016884,-0.885576,-0.020620,-0.088288,0.859320,-0.276832,0.476122,-0.029321,-0.875569,-0.076338,-0.000313,0.857654,-0.403852,0.493808,-0.058015,-0.867143,-0.029166,-0.139082,0.459508,-0.322125,0.451294,0.025845,-0.891862,0.015729,-0.054884,0.456015,-0.400444,0.517625,-0.017661,-0.854000,0.049356,-0.109604,0.052623,-0.313189,0.410612,0.037913,-0.910932,0.012782,-0.040453,0.051055,-0.352453,0.584693,0.009751,-0.811189,0.003220,-0.000000,1.015931,-0.311725,0.464814,-0.012611,-0.885212,-0.013729,0.004252,1.199856,-0.309291,0.449696,0.006101,-0.893149,-0.004630,0.003444,1.319842,-0.307640,0.449696,0.006101,-0.893149,-0.004630,0.002434,1.469824,-0.305577,0.449696,0.006101,-0.893149,-0.004630,0.003552,1.303844,-0.307861,0.483136,0.200981,-0.847411,-0.089894,0.003552,1.303844,-0.307861,0.394073,-0.178697,-0.895924,0.100464,-0.098138,1.390100,-0.154210,0.415845,-0.074460,-0.906308,0.011582,0.115399,1.387592,-0.450578,0.433464,0.073899,-0.896822,-0.048553,-0.163949,1.112708,-0.159239,0.406518,0.039413,-0.803003,-0.434023,0.104937,1.109770,-0.516042,0.404000,-0.355086,-0.815282,-0.214507,-0.247456,0.971843,-0.329730,0.456659,-0.023997,-0.825651,-0.330434,-0.075675,0.960201,-0.545917,0.417669,-0.271470,-0.852190,-0.160087,0.000000,0.000000,0.000000,1.196827,0.560582,-451.315948,-2.810190,-3.689706,-436.381989,-124.752121,4.241943,-578.117371,2.909923,-6.323159,-1425.726685,3.928720,1.032561,1362.409424,3.855906,-5.420864,-1071.725830,10.021357,-3.089905,597.000122,2.987541,-0.949889,-274.828827,-5.966264,-11.790037,227.850555,6.345872,-8.583903,-486.728546,1.544415,9.054899,981.798767,-1.956607,-3.752559,-1161.103760,12.109374,-0.163794,-440.853821,-0.467297,-4.423190,-821.247070,1.278360,-34.835098,-3911.122314,52.458111,10.399342,1242.220459,74.766319,20.212173,2509.546387,-6.488618,-3.399730,-183.281296,10.449702,0.098825,276.687744,53.623562,2.445698,-588.357422,-71.793480,-8.781433,394.248962,-13.315100,2.764940,-392.192596,7.534200,-9.880245,-330.375183,-0.063133,1.435557,-196.761581,0.126752,2.440531,-666.835083,0.927540,1.335531,-705.269714,-0.753009,1.398876,-187.328079,-0.598044,2.480052,-679.433533,0.962843,1.318365,-698.088867,-0.706004,1.343377,-168.437332,-1.329507,2.518251,-691.172119,0.964871,1.319051,-693.102112,2.021744,-1.811266,-170.689819,-6.000000,0.000000,0.000000,2.074411,2.977818,308.438385,-5.962389,-0.573695,-916.476562,-5.090810,-1.674414,-115.877388,-0.696092,-5.497158,-937.916321,3.833354,-7.022798,324.125580,-2.238892,2.372801,291.229797,7.320026,3.872931,-536.195923,6.076573,-6.307423,-790.347168,1,1
357,3704,-0.086359,0.939840,-0.371046,0.463702,-0.017157,-0.885580,-0.020853,-0.086359,0.939840,-0.371046,0.463702,-0.017157,-0.885580,-0.020853,-0.088073,0.859344,-0.277161,0.476298,-0.029099,-0.875478,-0.076359,-0.000093,0.857637,-0.404178,0.493612,-0.058235,-0.867244,-0.029069,-0.138729,0.459525,-0.322545,0.451437,0.026109,-0.891782,0.015731,-0.054780,0.456015,-0.400626,0.517460,-0.017881,-0.854087,0.049495,-0.109055,0.052652,-0.313710,0.412154,0.038972,-0.910191,0.012775,-0.040454,0.051073,-0.352442,0.584587,0.009509,-0.811269,0.003334,0.000326,1.015900,-0.312025,0.465045,-0.013025,-0.885074,-0.014417,0.004902,1.199814,-0.309367,0.450436,0.005397,-0.892771,-0.006244,0.004421,1.319798,-0.307446,0.450436,0.005397,-0.892771,-0.006244,0.003819,1.469777,-0.305044,0.450436,0.005397,-0.892771,-0.006244,0.004485,1.303800,-0.307702,0.483599,0.200365,-0.847103,-0.091663,0.004485,1.303800,-0.307702,0.395167,-0.179399,-0.895456,0.099089,-0.096804,1.389976,-0.153733,0.415991,-0.074710,-0.906228,0.011026,0.116374,1.387588,-0.450382,0.433631,0.073841,-0.896724,-0.048956,-0.162882,1.112605,-0.158979,0.406686,0.039454,-0.802968,-0.433926,0.105743,1.109752,-0.516020,0.404385,-0.355013,-0.815323,-0.213743,-0.246392,0.971698,-0.329434,0.456889,-0.023999,-0.825653,-0.330110,-0.074762,0.959988,-0.545555,0.417969,-0.271256,-0.852206,-0.159587,0.000000,0.000000,0.000000,1.206123,1.549363,164.796906,-2.850287,-6.682793,-498.847809,-124.755638,-0.586192,-804.689209,2.873373,-6.091634,38.587414,3.939846,1.854300,136.956573,3.833013,-3.815492,267.561951,10.026293,0.822703,652.101318,2.990125,0.430663,230.092148,-5.965746,0.086308,1979.390747,6.298801,-7.845163,123.123329,1.581070,6.109158,-490.956879,-1.985735,-4.854580,-183.670090,12.114938,0.927289,181.847122,-0.507632,-6.722570,-383.229980,1.364967,14.434517,8211.602539,52.359612,-16.416550,-4469.314941,74.764061,-0.376383,-3431.426025,-6.514075,-4.242817,-140.514603,10.428106,-3.599326,-616.358398,53.544296,-13.210933,-2609.438477,-71.780693,2.131144,1818.762817,-13.334397,-3.216267,-996.867859,7.552937,3.122886,2167.188477,-0.071833,-1.449904,-480.910248,0.160911,5.693252,542.120178,0.873951,-8.931458,-1711.164917,-0.762374,-1.560877,-493.292145,-0.564729,5.552471,512.069702,0.908719,-9.020537,-1723.150391,-0.715359,-1.559148,-483.754150,-1.297005,5.417109,483.142853,0.910143,-9.121269,-1740.053345,2.024497,0.458717,378.330566,-5.999464,0.089407,14.901161,2.080737,1.054446,-320.562073,-5.976240,-2.308448,-289.125580,-5.090834,-0.004053,278.393433,-0.710421,-2.388229,518.154724,3.667812,-27.590315,-3427.919189,-2.242290,-0.566284,-489.847534,7.378146,9.686629,968.949707,5.966512,-18.343449,-2006.004395,1,1
358,3713,-0.087218,0.939752,-0.370707,0.463855,-0.017079,-0.885506,-0.020648,-0.087218,0.939752,-0.370707,0.463855,-0.017079,-0.885506,-0.020648,-0.088874,0.859282,-0.276800,0.475987,-0.029084,-0.875672,-0.076094,-0.000937,0.857568,-0.403846,0.494788,-0.057562,-0.866629,-0.028750,-0.139395,0.459432,-0.322015,0.451227,0.025851,-0.891898,0.015629,-0.055011,0.455871,-0.400262,0.518415,-0.017392,-0.853536,0.049200,-0.109950,0.052543,-0.313152,0.412121,0.038619,-0.910237,0.011504,-0.040409,0.050888,-0.352510,0.584915,0.009654,-0.811031,0.003043,-0.000539,1.015857,-0.311738,0.465148,-0.013041,-0.885022,-0.014255,0.004036,1.199772,-0.309138,0.450445,0.005199,-0.892768,-0.006161,0.003588,1.319757,-0.307255,0.450445,0.005199,-0.892768,-0.006161,0.003029,1.469737,-0.304903,0.450445,0.005199,-0.892768,-0.006161,0.003648,1.303759,-0.307506,0.483749,0.200238,-0.847055,-0.091590,0.003648,1.303759,-0.307506,0.395161,-0.179530,-0.895425,0.099150,-0.097622,1.389986,-0.153556,0.415866,-0.074540,-0.906291,0.011605,0.115578,1.387522,-0.450187,0.433426,0.074039,-0.896826,-0.048615,-0.163495,1.112526,-0.158538,0.407392,0.039634,-0.803131,-0.432946,0.105131,1.109707,-0.515678,0.404978,-0.354679,-0.815028,-0.214301,-0.246898,0.971201,-0.328699,0.457211,-0.023964,-0.825402,-0.330295,-0.075373,0.959970,-0.545352,0.418579,-0.271183,-0.851824,-0.160149,0.000000,0.000000,0.000000,1.188949,-1.717413,-326.677551,-2.831719,1.856780,853.957336,-124.735550,2.008820,259.501160,2.826960,-4.641271,145.036362,3.889549,-5.029678,-688.397888,3.970689,13.767576,1758.306885,9.952993,-7.329941,-815.264404,3.005604,1.547813,111.714989,-5.931046,3.470039,338.373199,6.294853,-0.394773,745.038940,1.578025,-0.304484,-641.364258,-1.923653,6.208193,1106.277222,12.062679,-5.225849,-615.313843,-0.383298,12.433401,1915.597046,1.411890,4.692233,-974.228516,52.403107,4.349518,2076.606934,74.883286,11.922455,1229.883911,-6.476945,3.712940,795.575806,10.419617,-0.848961,275.036499,53.485641,-5.865479,734.545410,-71.739525,4.116821,198.567703,-13.275298,5.909920,912.618652,7.411704,-14.123344,-1724.623047,-0.064751,0.708202,215.810577,0.154448,-0.646311,-633.956360,0.864690,-0.926131,800.532715,-0.755215,0.715941,227.681808,-0.571204,-0.647420,-619.989014,0.899616,-0.910372,811.016541,-0.708002,0.735664,229.481277,-1.303473,-0.646818,-606.392639,0.901290,-0.885361,823.590698,2.016876,-0.762105,-122.082237,-6.000000,-0.053644,-14.305115,2.088166,0.742912,-31.153357,-5.993674,-1.743412,56.503609,-5.098992,-0.815773,-81.171989,-0.720166,-0.974435,141.379456,3.621245,-4.656649,2293.366699,-2.239419,0.287080,85.336372,7.397688,1.954269,-773.235962,5.907557,-5.895472,1244.797729,1,1
359,3724,-0.087872,0.939798,-0.366353,0.463273,-0.017004,-0.885810,-0.020742,-0.087872,0.939798,-0.366353,0.463273,-0.017004,-0.885810,-0.020742,-0.089648,0.859309,-0.272464,0.480404,-0.028209,-0.873319,-0.075691,-0.001544,0.857624,-0.399394,0.486715,-0.056606,-0.871272,-0.028083,-0.139609,0.459392,-0.317452,0.456137,0.025891,-0.889427,0.013715,-0.054675,0.455830,-0.396229,0.509763,-0.018426,-0.858796,0.047660,-0.110759,0.052429,-0.310182,0.417128,0.038635,-0.907956,0.011281,-0.041984,0.050732,-0.348918,0.572561,0.009627,-0.819799,0.003343,-0.001273,1.015894,-0.307254,0.464845,-0.013044,-0.885179,-0.014410,0.003349,1.199807,-0.304598,0.450703,0.005051,-0.892637,-0.006444,0.002964,1.319791,-0.302671,0.450703,0.005051,-0.892637,-0.006444,0.002483,1.469771,-0.300263,0.450703,0.005051,-0.892637,-0.006444,0.003015,1.303793,-0.302928,0.483977,0.200134,-0.846912,-0.091939,0.003015,1.303793,-0.302928,0.395476,-0.179719,-0.895268,0.098969,-0.098017,1.390003,-0.148810,0.416971,-0.074328,-0.905794,0.012132,0.114928,1.387520,-0.445640,0.433538,0.073984,-0.896791,-0.048347,-0.163699,1.112517,-0.153446,0.408472,0.039149,-0.802569,-0.433013,0.104454,1.109661,-0.510929,0.406148,-0.354399,-0.814735,-0.213664,-0.247527,0.971199,-0.323404,0.457894,-0.022989,-0.825248,-0.329804,-0.075933,0.959699,-0.540177,0.419205,-0.270464,-0.851628,-0.160767,0.000000,0.000000,0.000000,1.204311,1.396472,283.080414,-2.828307,0.310204,-140.597794,-124.811150,-6.872697,-807.410706,2.740471,-7.862698,-292.857056,3.788602,-9.176948,-377.024445,2.983755,-89.721222,-9408.072266,9.626134,-29.714497,-2034.959717,2.808746,-17.896175,-1767.635254,-5.831919,9.011486,503.767883,6.209400,-7.768501,-670.338867,1.578139,0.010350,28.621265,-2.572149,-58.954220,-5923.855957,11.792153,-24.593267,-1760.674316,-0.563168,-16.351849,-2616.840820,1.335513,-6.943356,-1057.780762,52.332783,-6.393086,-976.600342,75.028542,13.205094,116.603592,-6.583268,-9.665707,-1216.240601,10.309401,-10.019650,-833.698975,53.539879,4.930670,981.468018,-71.731079,0.767795,-304.456970,-13.156947,10.759180,440.841827,7.542071,11.851571,2361.355713,-0.059423,0.484353,-20.349857,0.190636,3.289778,357.826294,0.854492,-0.927096,-0.087733,-0.750458,0.432410,-25.775560,-0.535056,3.286112,357.593811,0.889062,-0.959396,-4.456797,-0.703705,0.390638,-31.366034,-1.267365,3.282558,357.215942,0.890464,-0.984143,-8.980155,2.024997,0.738296,136.400040,-6.000000,0.000000,4.876744,2.093998,0.530135,-19.343431,-6.000000,-0.575109,106.209358,-5.092125,0.624267,130.912704,-0.722616,-0.222797,68.330719,3.556902,-5.849405,-108.432381,-2.237062,0.214317,-6.614836,7.354564,-3.920425,-534.063171,5.806235,-9.211150,-301.425323,1,1
360,3733,-0.087873,0.939798,-0.363591,0.462138,-0.017042,-0.886407,-0.020533,-0.087873,0.939798,-0.363591,0.462138,-0.017042,-0.886407,-0.020533,-0.089881,0.859352,-0.269669,0.483763,-0.028275,-0.871509,-0.075141,-0.001453,0.857616,-0.396373,0.479122,-0.056417,-0.875501,-0.027532,-0.139848,0.459376,-0.314043,0.459699,0.025788,-0.887599,0.013450,-0.054237,0.455799,-0.393363,0.501846,-0.019727,-0.863465,0.046802,-0.111115,0.052400,-0.307061,0.422392,0.038680,-0.905521,0.010935,-0.043308,0.050660,-0.345954,0.562204,0.009107,-0.826943,0.003016,-0.001432,1.015930,-0.304306,0.464096,-0.013057,-0.885573,-0.014328,0.003184,1.199843,-0.301649,0.450720,0.005105,-0.892626,-0.006635,0.002808,1.319827,-0.299675,0.450720,0.005105,-0.892626,-0.006635,0.002338,1.469806,-0.297208,0.450720,0.005105,-0.892626,-0.006635,0.002858,1.303829,-0.299938,0.483725,0.200169,-0.847022,-0.092179,0.002858,1.303829,-0.299938,0.395870,-0.179692,-0.895129,0.098706,-0.098201,1.389989,-0.145808,0.416939,-0.074299,-0.905813,0.011986,0.114627,1.387610,-0.442731,0.434359,0.073876,-0.896371,-0.048935,-0.163904,1.112512,-0.150521,0.408506,0.039062,-0.802481,-0.433152,0.103877,1.109780,-0.508259,0.406763,-0.354447,-0.814485,-0.213364,-0.247799,0.971250,-0.320493,0.457984,-0.023120,-0.825156,-0.329900,-0.076514,0.959773,-0.537250,0.419971,-0.270339,-0.851407,-0.160149,0.000000,0.000000,0.000000,1.184669,-2.455205,-481.459564,-2.819527,1.097441,98.404556,-124.957619,-18.308640,-1429.492676,2.721012,-2.432346,678.793945,3.743237,-5.670726,438.277649,2.136749,-105.875732,-2019.313843,9.408504,-27.203678,313.852295,2.752701,-7.005602,1361.321655,-5.819414,1.563191,-931.036804,6.181691,-3.463566,538.116821,1.503750,-9.298622,-1163.621460,-3.152005,-72.481987,-1690.970947,11.710860,-10.161638,1803.953613,-0.562928,0.030108,2047.744507,1.357947,2.804294,1218.456299,52.277351,-6.928921,-66.979347,74.996941,-3.950119,-2144.401611,-6.576773,0.811875,1309.697632,10.357414,6.001711,2002.670044,53.540321,0.055313,-609.419556,-71.727600,0.434875,-41.614883,-13.166189,-1.155257,-1489.304688,7.543215,0.142992,-1463.572510,-0.068206,-1.097925,-197.784805,0.240895,6.282354,374.071960,0.843021,-1.433857,-63.345074,-0.760060,-1.200154,-204.070557,-0.485093,6.245457,369.918060,0.876847,-1.526944,-70.943504,-0.713998,-1.286663,-209.662628,-1.217712,6.206602,365.505554,0.877412,-1.631461,-80.914742,2.022543,-0.306726,-130.627625,-5.957149,5.356431,669.553894,2.093853,-0.018060,-68.524345,-5.969282,3.839731,551.855042,-5.095581,-0.431955,-132.027679,-0.691819,3.849708,509.063080,3.587836,3.866762,1214.520752,-2.237855,-0.099152,-39.183617,7.346255,-1.038611,360.226776,5.786805,-2.428770,847.797485,1,1
361,3750,-0.087998,0.939811,-0.360040,0.462276,-0.017315,-0.886321,-0.020883,-0.087998,0.939811,-0.360040,0.462276,-0.017315,-0.886321,-0.020883,-0.090041,0.859332,-0.266148,0.487210,-0.028912,-0.869527,-0.075579,-0.001655,0.857573,-0.392881,0.472609,-0.055977,-0.879079,-0.026978,-0.140822,0.459434,-0.310384,0.463050,0.025957,-0.885849,0.013517,-0.053900,0.455713,-0.390042,0.494827,-0.020901,-0.867555,0.045361,-0.111890,0.052469,-0.303545,0.425712,0.039010,-0.903949,0.011103,-0.044821,0.050481,-0.343043,0.551763,0.009551,-0.833939,0.003539,-0.001477,1.015852,-0.300754,0.464228,-0.013249,-0.885496,-0.014622,0.003233,1.199762,-0.298038,0.450833,0.005064,-0.892568,-0.006816,0.002886,1.319745,-0.296030,0.450833,0.005064,-0.892568,-0.006816,0.002452,1.469723,-0.293520,0.450833,0.005064,-0.892568,-0.006816,0.002932,1.303747,-0.296297,0.483813,0.200152,-0.846953,-0.092387,0.002932,1.303747,-0.296297,0.396264,-0.179750,-0.894965,0.098504,-0.098101,1.389882,-0.142133,0.416826,-0.074131,-0.905876,0.012241,0.114609,1.387536,-0.439153,0.434820,0.073560,-0.896137,-0.049594,-0.163655,1.112382,-0.146763,0.408485,0.039079,-0.802555,-0.433034,0.103484,1.109690,-0.504924,0.407011,-0.354390,-0.814597,-0.212559,-0.247515,0.971072,-0.316712,0.457956,-0.023082,-0.825251,-0.329703,-0.076792,0.959483,-0.533589,0.420114,-0.270163,-0.851485,-0.159656,0.000000,0.000000,0.000000,1.205357,1.216973,216.010422,-2.866004,-2.733932,-225.374863,-124.940033,1.034456,1137.829102,2.625022,-5.646439,-189.064285,3.673801,-4.084419,93.312202,1.269574,-51.010284,3227.379395,9.124523,-16.704784,617.581970,2.501885,-14.753888,-455.781525,-5.791340,1.651399,5.188696,6.211711,1.765868,307.613800,1.435099,-4.038257,309.433258,-3.586692,-25.569832,2759.538574,11.807540,5.687040,932.275208,-0.588014,-1.475699,-88.576859,1.367177,0.542914,-133.022339,52.139614,-8.102193,-69.016006,74.959106,-2.225539,101.445869,-6.604258,-1.616758,-142.860779,10.328437,-1.704553,-453.309631,53.555756,0.907898,50.152050,-71.736160,-0.503540,-55.200912,-13.167477,-0.075733,63.501431,7.553285,0.592344,26.432493,-0.073165,-0.291660,47.427399,0.239790,-0.064952,-373.370880,0.853024,0.588414,118.957077,-0.764963,-0.288455,53.629383,-0.486137,-0.061454,-370.994781,0.886804,0.585731,124.275047,-0.718975,-0.292725,58.466919,-1.218710,-0.058714,-368.548004,0.887257,0.579112,130.033691,2.021949,-0.034977,15.985183,-5.926214,1.819695,-208.043320,2.096736,0.169558,11.036347,-5.972067,-0.163808,-235.502274,-5.095497,0.004937,25.699503,-0.686326,0.323117,-207.446518,3.635363,2.795724,-63.002205,-2.239079,-0.072030,1.595404,7.365788,1.149009,128.683533,5.736152,-2.979559,-32.399345,1,1
362,3768,-0.088702,0.939804,-0.356982,0.462217,-0.017156,-0.886356,-0.020808,-0.088702,0.939804,-0.356982,0.462217,-0.017156,-0.886356,-0.020808,-0.090730,0.859324,-0.263091,0.490707,-0.028583,-0.867585,-0.075406,-0.002326,0.857596,-0.389812,0.466538,-0.055209,-0.882388,-0.026206,-0.141398,0.459389,-0.307131,0.466546,0.026642,-0.883993,0.013454,-0.053715,0.455654,-0.387074,0.488193,-0.021703,-0.871352,0.044070,-0.111943,0.052454,-0.300734,0.429494,0.038978,-0.902163,0.010833,-0.046129,0.050335,-0.340561,0.542672,0.009389,-0.839884,0.003664,-0.002216,1.015874,-0.297684,0.464168,-0.013141,-0.885531,-0.014508,0.002444,1.199786,-0.294998,0.450774,0.005074,-0.892599,-0.006621,0.002074,1.319770,-0.293030,0.450774,0.005074,-0.892599,-0.006621,0.001610,1.469749,-0.290571,0.450774,0.005074,-0.892599,-0.006621,0.002123,1.303772,-0.293293,0.483734,0.200169,-0.847013,-0.092206,0.002123,1.303772,-0.293293,0.396196,-0.179728,-0.894981,0.098668,-0.098952,1.389925,-0.139169,0.416805,-0.074089,-0.905887,0.012343,0.113807,1.387539,-0.436154,0.434693,0.073511,-0.896203,-0.049589,-0.164459,1.112422,-0.143756,0.408481,0.039041,-0.802535,-0.433079,0.102661,1.109687,-0.501908,0.407096,-0.354335,-0.814594,-0.212499,-0.248341,0.971131,-0.313709,0.457945,-0.023070,-0.825248,-0.329728,-0.077594,0.959448,-0.530546,0.420132,-0.270296,-0.851397,-0.159852,0.000000,0.000000,0.000000,1.206321,0.053558,-64.634132,-2.845794,1.122793,214.262466,-124.947647,-0.423008,-80.970207,2.550819,-4.122416,84.667946,3.609574,-3.568172,28.680351,0.488912,-43.370152,424.451813,8.835331,-16.066233,35.475094,2.359356,-7.918265,379.756805,-5.720868,3.915098,125.761024,6.196608,-0.839048,-144.717560,1.410505,-1.366337,148.440002,-4.051266,-25.809645,-13.322936,11.807487,-0.002967,-316.111511,-0.533472,3.030125,250.323547,1.300373,-3.711323,-236.346512,52.121269,-1.019160,393.501831,74.985588,1.471202,205.374481,-6.595731,0.473738,116.138672,10.291111,-2.073659,-20.505905,53.573540,0.988007,4.450480,-71.735695,0.025855,29.410845,-13.163484,0.221835,16.531567,7.558437,0.286261,-17.004595,-0.066001,0.397974,38.313000,0.239491,-0.016640,2.683995,0.854292,0.070443,-28.776161,-0.757800,0.397950,38.133625,-0.486315,-0.009841,2.867375,0.888125,0.073377,-28.464151,-0.711830,0.396934,38.314404,-1.218761,-0.002854,3.103316,0.888720,0.081271,-27.657820,2.020184,-0.098043,-3.503645,-5.922160,0.225226,-88.581596,2.099114,0.132137,-2.078934,-5.963736,0.462823,34.812836,-5.096406,-0.050518,-3.080829,-0.695161,-0.490841,-45.219872,3.655865,1.138978,-92.041435,-2.236221,0.158787,12.823179,7.358939,-0.380490,-84.972153,5.737978,0.101434,171.166260,1,1
363,3772,-0.089516,0.939798,-0.354617,0.461395,-0.017175,-0.886793,-0.020458,-0.089516,0.939798,-0.354617,0.461395,-0.017175,-0.886793,-0.020458,-0.091696,0.859382,-0.260675,0.493110,-0.029201,-0.866279,-0.074505,-0.003057,0.857592,-0.387231,0.461009,-0.054606,-0.885339,-0.025774,-0.142559,0.459370,-0.303687,0.469234,0.025821,-0.882593,0.013502,-0.053850,0.455589,-0.384736,0.482340,-0.022173,-0.874631,0.043334,-0.113635,0.052401,-0.297045,0.433314,0.038341,-0.900363,0.010737,-0.047246,0.050225,-0.338476,0.535046,0.009357,-0.844765,0.003329,-0.003161,1.015932,-0.295211,0.463616,-0.013124,-0.885825,-0.014222,0.001443,1.199847,-0.292597,0.450763,0.005180,-0.892605,-0.006476,0.001034,1.319830,-0.290649,0.450763,0.005180,-0.892605,-0.006476,0.000523,1.469810,-0.288214,0.450763,0.005180,-0.892605,-0.006476,0.001089,1.303833,-0.290909,0.483825,0.200263,-0.846958,-0.092035,0.001089,1.303833,-0.290909,0.396256,-0.179550,-0.894983,0.098737,-0.099938,1.389991,-0.136753,0.417321,-0.073962,-0.905655,0.012692,0.112714,1.387667,-0.433791,0.434817,0.073752,-0.896113,-0.049760,-0.165311,1.112469,-0.141145,0.408812,0.038860,-0.802416,-0.433003,0.101630,1.109863,-0.499674,0.407539,-0.354064,-0.814396,-0.212862,-0.249316,0.971139,-0.311005,0.458245,-0.023187,-0.825088,-0.329701,-0.078611,0.959624,-0.528402,0.420581,-0.270059,-0.851193,-0.160158,0.000000,0.000000,0.000000,1.172313,-8.502066,-2138.906006,-2.828107,4.421711,824.729553,-125.053360,-26.428223,-6501.303711,2.528489,-5.582392,-364.994049,3.523344,-21.557570,-4497.349121,-0.117422,-151.583405,-27053.314453,8.662919,-43.102982,-6759.187012,2.328765,-7.647812,67.613243,-5.708147,3.180265,-183.708130,6.171702,-6.226540,-1346.872925,1.283522,-31.745852,-7594.878906,-4.462542,-102.819084,-19252.359375,11.710722,-24.191141,-6047.043457,-0.526262,1.802608,-306.879059,1.329063,7.172465,2720.947021,52.133495,3.056526,1018.921509,75.018875,8.321762,1712.640137,-6.583375,3.089070,653.833130,10.299052,1.985312,1014.742615,53.597363,5.955696,1241.922363,-71.755234,-4.884720,-1227.643677,-13.155666,1.954317,433.120453,7.551981,-1.614094,-475.088745,-0.072805,-1.701036,-524.752747,0.274711,8.804914,2205.388428,0.849781,-1.127839,-299.570465,-0.765153,-1.838043,-558.998474,-0.451264,8.762590,2193.107910,0.883093,-1.257896,-332.818268,-0.719687,-1.964137,-590.267700,-1.183895,8.716702,2179.889160,0.883095,-1.406252,-371.880829,2.009523,-2.665102,-641.764893,-5.909942,3.054380,707.288574,2.097671,-0.360906,-123.260750,-5.973337,-2.400160,-715.745789,-5.106727,-2.580166,-632.411926,-0.694238,0.230759,180.400070,3.676022,5.039215,975.059143,-2.237214,-0.248134,-101.730225,7.330095,-7.211089,-1707.649902,5.717443,-5.133629,-1308.765625,1,1
364,3778,-0.089988,0.939819,-0.351864,0.461522,-0.017315,-0.886718,-0.020703,-0.089988,0.939819,-0.351864,0.461522,-0.017315,-0.886718,-0.020703,-0.092178,0.859374,-0.257946,0.495695,-0.029701,-0.864797,-0.074371,-0.003577,0.857582,-0.384529,0.456146,-0.054054,-0.887902,-0.025298,-0.143473,0.459369,-0.300509,0.471891,0.025603,-0.881181,0.013502,-0.053782,0.455529,-0.382176,0.477017,-0.022837,-0.877587,0.042128,-0.114666,0.052392,-0.293886,0.435731,0.038932,-0.899173,0.010531,-0.048445,0.050085,-0.336445,0.527321,0.009363,-0.849606,0.003653,-0.003579,1.015894,-0.292459,0.464085,-0.013492,-0.885566,-0.014688,0.001289,1.199801,-0.289738,0.451923,0.004364,-0.892015,-0.007397,0.001157,1.319783,-0.287682,0.451923,0.004364,-0.892015,-0.007397,0.000992,1.469761,-0.285110,0.451923,0.004364,-0.892015,-0.007397,0.001175,1.303785,-0.287956,0.484853,0.199558,-0.846402,-0.093261,0.001175,1.303785,-0.287956,0.396892,-0.180469,-0.894550,0.098429,-0.099352,1.389959,-0.133490,0.417838,-0.073986,-0.905413,0.012812,0.112828,1.387318,-0.430957,0.435169,0.072996,-0.896068,-0.048588,-0.164704,1.112442,-0.137804,0.408542,0.038983,-0.802522,-0.433050,0.101604,1.109359,-0.496029,0.408008,-0.354061,-0.814328,-0.212226,-0.248615,0.971137,-0.307732,0.457928,-0.022929,-0.825276,-0.329690,-0.078571,0.958979,-0.524427,0.420865,-0.269959,-0.851102,-0.160064,0.000000,0.000000,0.000000,1.189468,2.859076,1893.523560,-2.855519,-4.568577,-1498.381348,-125.037209,2.691905,4853.354492,2.442112,-14.396152,-1468.959839,3.460106,-10.539611,1836.326538,-0.761152,-107.288422,7382.497559,8.431061,-38.643040,743.323669,2.165410,-27.225771,-3262.993164,-5.644561,10.597627,1236.226929,6.151113,-3.431559,465.830170,1.201522,-13.666591,3013.210205,-4.781765,-53.203739,8269.223633,11.713997,0.545820,4122.826660,-0.557128,-5.144348,-1157.826050,1.421755,15.448669,1379.367310,52.089005,-7.415136,-1745.276978,75.158630,23.292542,2495.129883,-6.618670,-5.882502,-1495.262085,10.246334,-8.786361,-1795.278687,53.613815,2.742131,-535.594116,-71.811073,-9.306590,-736.978333,-13.142124,2.257029,50.452030,7.570594,3.102144,786.039551,-0.059764,2.173503,645.756531,0.318991,7.380123,-237.465073,0.815619,-5.693545,-760.950928,-0.752965,2.031227,644.878357,-0.407266,7.333090,-238.250107,0.848393,-5.783489,-754.265381,-0.707938,1.958112,653.708130,-1.140158,7.289449,-237.875549,0.848046,-5.841504,-739.208557,2.048864,6.556749,1536.975220,-6.000000,-15.009641,-3010.670166,2.116014,3.057202,569.684631,-5.990988,-2.941847,-90.281166,-5.071545,5.863667,1407.305298,-0.686298,1.323293,182.088867,3.489734,-31.047979,-6014.532715,-2.229549,1.277407,254.256851,7.392009,10.319074,2921.693604,5.596735,-20.118078,-2497.408203,1,1
365,3784,-0.090623,0.939803,-0.349498,0.461727,-0.017409,-0.886602,-0.021036,-0.090623,0.939803,-0.349498,0.461727,-0.017409,-0.886602,-0.021036,-0.092808,0.859311,-0.255621,0.498474,-0.030671,-0.863077,-0.075375,-0.004266,0.857543,-0.382245,0.451825,-0.053413,-0.890165,-0.024650,-0.145344,0.459467,-0.298335,0.474495,0.025633,-0.879782,0.013437,-0.053754,0.455424,-0.379903,0.472200,-0.023377,-0.880226,0.041014,-0.116501,0.052489,-0.291872,0.438149,0.039146,-0.897987,0.010570,-0.049522,0.049907,-0.334704,0.520585,0.009423,-0.853749,0.003995,-0.004151,1.015807,-0.290094,0.464164,-0.013597,-0.885517,-0.015075,0.000825,1.199709,-0.287257,0.451743,0.004224,-0.892103,-0.007886,0.000776,1.319690,-0.285110,0.451743,0.004224,-0.892103,-0.007886,0.000714,1.469666,-0.282427,0.451743,0.004224,-0.892103,-0.007886,0.000782,1.303692,-0.285397,0.484619,0.199506,-0.846498,-0.093712,0.000782,1.303692,-0.285397,0.396824,-0.180704,-0.894585,0.097948,-0.099736,1.389812,-0.130891,0.417778,-0.073809,-0.905453,0.013002,0.112561,1.387239,-0.428296,0.434899,0.073207,-0.896205,-0.048169,-0.164951,1.112282,-0.135153,0.408498,0.038963,-0.802512,-0.433112,0.101580,1.109221,-0.493233,0.407864,-0.352642,-0.815028,-0.212180,-0.248872,0.971003,-0.305097,0.457972,-0.023167,-0.825203,-0.329796,-0.078137,0.958360,-0.521981,0.420854,-0.269934,-0.851129,-0.159988,0.000000,0.000000,0.000000,1.217778,4.718443,309.894531,-2.882938,-4.569849,-0.211954,-125.011230,4.329681,272.962769,2.324641,-19.578577,-863.737549,3.409961,-8.357486,363.687500,-1.344193,-97.173401,1685.836792,8.192601,-39.743267,-183.371216,2.011165,-25.707443,253.054626,-5.587267,9.549062,-174.760818,6.265162,19.008240,3739.966553,1.114942,-14.429986,-127.232552,-5.124983,-57.203136,-666.566223,11.864552,25.092443,4091.103760,-0.583564,-4.406015,123.055458,1.433860,2.017538,-2238.521973,51.973450,-19.259134,-1973.999634,75.238724,13.348897,-1657.274048,-6.457077,26.932081,5469.097168,10.172263,-12.345155,-593.132324,53.644337,5.086899,390.794556,-71.820145,-1.511892,1299.116333,-13.163977,-3.642082,-983.185303,7.553259,-2.889156,-998.549988,-0.061694,-0.321629,-415.855316,0.302760,-2.705187,-1680.884888,0.809428,-1.031856,776.948242,-0.754709,-0.290593,-386.969879,-0.423608,-2.723743,-1676.138794,0.842398,-0.999073,797.402588,-0.709407,-0.244866,-367.162933,-1.156602,-2.740661,-1671.685059,0.842221,-0.970900,811.767273,2.055791,1.154542,-900.367920,-5.998494,0.251055,2543.449219,2.120852,0.806411,-375.131744,-5.997119,-1.021942,319.984222,-5.067266,0.713189,-858.412842,-0.680905,0.898917,-70.729187,3.380186,-18.258017,2131.660400,-2.229798,-0.041525,-219.821945,7.394310,0.383377,-1655.949341,5.512022,-14.118752,999.887756,1,1
366,3795,-0.091245,0.939800,-0.347780,0.461102,-0.017287,-0.886934,-0.020854,-0.091245,0.939800,-0.347780,0.461102,-0.017287,-0.886934,-0.020854,-0.093532,0.859330,-0.253886,0.500188,-0.030668,-0.862115,-0.075026,-0.004811,0.857563,-0.380385,0.447689,-0.053018,-0.892285,-0.024304,-0.146011,0.459445,-0.296250,0.476307,0.025622,-0.878804,0.013379,-0.053883,0.455406,-0.378168,0.467802,-0.023765,-0.882589,0.040418,-0.117171,0.052466,-0.289894,0.440927,0.039093,-0.896632,0.010352,-0.050417,0.049856,-0.333203,0.514833,0.009281,-0.857232,0.003732,-0.004885,1.015850,-0.288273,0.463757,-0.013527,-0.885732,-0.015003,0.000075,1.199752,-0.285429,0.451769,0.004201,-0.892089,-0.008043,0.000047,1.319733,-0.283251,0.451769,0.004201,-0.892089,-0.008043,0.000013,1.469708,-0.280530,0.451769,0.004201,-0.892089,-0.008043,0.000051,1.303735,-0.283542,0.484611,0.199490,-0.846489,-0.093873,0.000051,1.303735,-0.283542,0.397225,-0.180756,-0.894421,0.097726,-0.100449,1.389835,-0.129012,0.417773,-0.073799,-0.905457,0.012958,0.111686,1.387303,-0.426542,0.435784,0.073022,-0.895762,-0.048684,-0.165668,1.112307,-0.133299,0.408480,0.038991,-0.802497,-0.433153,0.100404,1.109304,-0.491659,0.408483,-0.352665,-0.814781,-0.211896,-0.249583,0.971045,-0.303261,0.457956,-0.023127,-0.825202,-0.329823,-0.079311,0.958394,-0.520162,0.421629,-0.269807,-0.850901,-0.159375,0.000000,0.000000,0.000000,1.207649,-1.012921,-573.136414,-2.860046,2.289176,685.902466,-125.091827,-8.059692,-1238.937378,2.306638,-1.800323,1777.825562,3.372025,-3.793621,456.386475,-1.793632,-44.943882,5222.952148,8.058198,-13.440323,2630.294434,1.988800,-2.236533,2347.090820,-5.571701,1.556587,-799.247437,6.255533,-0.962925,-1997.116455,1.066635,-4.830790,959.919617,-5.427744,-30.276108,2692.702881,11.824777,-3.977489,-2906.993408,-0.564695,1.886916,629.293091,1.438821,0.496089,-152.144836,51.914516,-5.893326,1336.580811,75.214157,-2.456665,-1580.556274,-6.447371,0.970602,-2596.147949,10.220179,4.791546,1713.669922,53.644825,0.048828,-503.807068,-71.819679,0.046539,155.843109,-13.163751,0.022602,366.468445,7.555722,0.246334,313.549042,-0.061957,-0.026301,29.532785,0.331131,2.837044,554.223022,0.795529,-1.389945,-35.808884,-0.755450,-0.074178,21.641453,-0.395428,2.818045,554.178833,0.828125,-1.427305,-42.823154,-0.710462,-0.105518,13.934772,-1.128610,2.799225,553.988647,0.827585,-1.463532,-49.263237,2.054244,-0.154710,-130.925186,-5.955019,4.347515,409.646057,2.120986,0.013375,-79.303581,-5.997067,0.005198,102.713905,-5.070042,-0.277662,-99.085167,-0.646591,3.431368,253.245041,3.407002,2.681637,2093.965332,-2.230595,-0.079679,-3.815492,7.397749,0.343990,-3.938675,5.499421,-1.260138,1285.861450,1,1
367,3805,-0.091669,0.939788,-0.345961,0.461238,-0.017220,-0.886864,-0.020867,-0.091669,0.939788,-0.345961,0.461238,-0.017220,-0.886864,-0.020867,-0.093919,0.859309,-0.252074,0.502011,-0.030981,-0.861024,-0.075249,-0.005236,0.857564,-0.378599,0.444192,-0.052652,-0.894067,-0.023795,-0.146807,0.459463,-0.294357,0.478054,0.025806,-0.877847,0.013505,-0.053845,0.455370,-0.376336,0.463915,-0.024316,-0.884664,0.039515,-0.117761,0.052498,-0.288050,0.442842,0.039142,-0.895686,0.010265,-0.051347,0.049768,-0.331775,0.509159,0.009234,-0.860614,0.003961,-0.005300,1.015842,-0.286472,0.464232,-0.013144,-0.885490,-0.014933,-0.000540,1.199749,-0.283573,0.452920,0.005214,-0.891501,-0.007845,-0.000803,1.319727,-0.281327,0.452920,0.005214,-0.891501,-0.007845,-0.001131,1.469701,-0.278521,0.452920,0.005214,-0.891501,-0.007845,-0.000768,1.303730,-0.281627,0.485437,0.200061,-0.845884,-0.093843,-0.000768,1.303730,-0.281627,0.398425,-0.179867,-0.894013,0.098216,-0.101200,1.389725,-0.126946,0.417812,-0.073589,-0.905450,0.013382,0.110423,1.387395,-0.424844,0.436291,0.072617,-0.895518,-0.049231,-0.166192,1.112189,-0.131091,0.407905,0.038752,-0.802833,-0.433095,0.098792,1.109417,-0.490156,0.408127,-0.352508,-0.814955,-0.212175,-0.250059,0.970909,-0.301061,0.457374,-0.023730,-0.825289,-0.330368,-0.080895,0.958514,-0.518874,0.421450,-0.269754,-0.851048,-0.159155,0.000000,0.000000,0.000000,1.212126,0.406991,129.082977,-2.854064,0.543833,-158.667572,-125.074333,1.590382,877.279480,2.254223,-4.764969,-269.513306,3.348508,-2.137899,150.520157,-2.259364,-42.339291,236.781021,7.869048,-17.195442,-341.374481,1.866838,-11.087504,-804.633789,-5.532105,3.599644,185.732407,6.296585,3.732031,426.814178,1.019834,-4.254634,52.377785,-5.650783,-20.276199,909.082581,11.888407,5.784555,887.458618,-0.538533,2.378350,44.675808,1.434332,-0.408043,-82.193817,51.850822,-5.790364,9.360184,75.146378,-6.161777,-336.828339,-6.411604,3.251553,207.359131,10.267050,4.261017,-48.229916,53.683983,3.559806,319.179810,-71.913963,-8.571278,-783.437927,-13.161619,0.193769,15.560654,7.479419,-6.936637,-652.997437,-0.087971,-2.364899,-212.599792,0.375507,4.034197,108.832077,0.820840,2.301032,335.543335,-0.781909,-2.405318,-211.921860,-0.351072,4.032295,110.386330,0.852685,2.232687,332.726532,-0.737706,-2.476736,-215.565231,-1.084330,4.025459,111.475853,0.851071,2.135033,327.142303,2.085781,2.867005,274.701355,-5.939269,1.431812,-265.063934,2.087784,-3.018379,-275.614044,-5.952425,4.058404,368.473358,-5.032849,3.381166,332.620728,-0.706978,-5.489729,-811.008789,3.527761,10.978092,754.223206,-2.265246,-3.150116,-279.130615,7.444521,4.251957,355.269684,5.518176,1.704953,269.553680,1,1
368,3813,-0.091737,0.939785,-0.344094,0.461939,-0.018017,-0.886466,-0.021564,-0.091737,0.939785,-0.344094,0.461939,-0.018017,-0.886466,-0.021564,-0.093999,0.859259,-0.250247,0.503767,-0.031448,-0.859945,-0.075657,-0.005525,0.857401,-0.376917,0.441027,-0.052393,-0.895655,-0.023493,-0.147479,0.459481,-0.292522,0.479686,0.025989,-0.876949,0.013688,-0.053827,0.455185,-0.374698,0.460439,-0.024811,-0.886501,0.038685,-0.118206,0.052531,-0.286220,0.444730,0.039270,-0.894745,0.010235,-0.052200,0.049537,-0.330521,0.504119,0.009333,-0.863573,0.004245,-0.005116,1.015630,-0.284705,0.464625,-0.013760,-0.885267,-0.015352,-0.000142,1.199530,-0.281812,0.452695,0.004936,-0.891619,-0.007684,-0.000363,1.319510,-0.279631,0.452695,0.004936,-0.891619,-0.007684,-0.000640,1.469485,-0.276905,0.452695,0.004936,-0.891619,-0.007684,-0.000334,1.303513,-0.279922,0.485234,0.199872,-0.846063,-0.093686,-0.000334,1.303513,-0.279922,0.398271,-0.180097,-0.894028,0.098280,-0.100804,1.389570,-0.125317,0.417731,-0.073740,-0.905478,0.013191,0.110921,1.387112,-0.423141,0.436218,0.072471,-0.895560,-0.049340,-0.165921,1.112043,-0.129524,0.408017,0.038794,-0.802794,-0.433058,0.099191,1.109133,-0.488473,0.408163,-0.352316,-0.815003,-0.212241,-0.249790,0.970746,-0.299479,0.457489,-0.023704,-0.825246,-0.330319,-0.080446,0.958183,-0.517252,0.421615,-0.269730,-0.851014,-0.158937,0.000000,0.000000,0.000000,1.238488,3.295213,361.027710,-2.973012,-14.868527,-1926.545044,-124.983963,11.296272,1213.236328,2.116243,-17.247559,-1560.323730,3.270278,-9.778828,-955.116028,-2.753898,-61.816723,-2434.678955,7.716681,-19.045889,-231.305832,1.740359,-15.809819,-590.289368,-5.506929,3.146946,-56.587158,6.248292,-6.036639,-1221.083740,1.028004,1.021355,659.498718,-5.798633,-18.481255,224.368103,11.984632,12.028098,780.442871,-0.516289,2.780452,50.262779,1.438073,0.467628,109.458847,51.810780,-5.005360,98.125519,75.173828,3.431320,1199.137085,-6.375441,4.520357,158.600510,10.289556,2.813220,-180.974609,53.658180,-3.225327,-848.141541,-71.885910,3.506660,1509.742310,-13.164723,-0.388026,-72.724442,7.477974,-0.180602,844.504395,-0.092030,-0.507412,232.185959,0.334705,-5.100168,-1141.795654,0.858702,4.732765,303.966644,-0.785125,-0.402011,250.413422,-0.391397,-5.040564,-1134.107300,0.891089,4.800558,320.983887,-0.740547,-0.355102,265.204193,-1.124196,-4.983306,-1126.095703,0.889940,4.858621,340.448456,2.076095,-1.210809,-509.726776,-5.926913,1.544476,14.082953,2.096827,1.130313,518.586487,-5.949913,0.314057,-468.043457,-5.042284,-1.179278,-570.055420,-0.704770,0.275977,720.713257,3.546348,2.323300,-1081.849121,-2.254267,1.372427,565.317871,7.432885,-1.454532,-713.311157,5.541326,2.893746,148.599121,1,1
369,3824,-0.093966,0.939785,-0.341189,0.461943,-0.017821,-0.886466,-0.021658,-0.093966,0.939785,-0.341189,0.461943,-0.017821,-0.886466,-0.021658,-0.096208,0.859226,-0.247370,0.504922,-0.031473,-0.859288,-0.075420,-0.007733,0.857436,-0.374040,0.437794,-0.050405,-0.897368,-0.022947,-0.149668,0.459420,-0.289398,0.480873,0.026046,-0.876295,0.013784,-0.054374,0.455047,-0.372300,0.456540,-0.023950,-0.888600,0.037252,-0.120299,0.052477,-0.283097,0.446426,0.039090,-0.893910,0.010035,-0.052884,0.049256,-0.329449,0.499839,0.009041,-0.866062,0.004041,-0.007365,1.015632,-0.281773,0.464661,-0.013451,-0.885241,-0.016041,-0.002337,1.199524,-0.278480,0.452766,0.005454,-0.891561,-0.009594,-0.002461,1.319495,-0.275834,0.452766,0.005454,-0.891561,-0.009594,-0.002617,1.469459,-0.272527,0.452766,0.005454,-0.891561,-0.009594,-0.002445,1.303499,-0.276187,0.485192,0.200165,-0.845834,-0.095333,-0.002445,1.303499,-0.276187,0.398395,-0.180031,-0.894160,0.096691,-0.102763,1.389302,-0.121266,0.417798,-0.073848,-0.905441,0.012950,0.108926,1.387295,-0.419135,0.436218,0.072359,-0.895554,-0.049622,-0.167992,1.111786,-0.125574,0.407966,0.038775,-0.802861,-0.432984,0.097069,1.109321,-0.484587,0.408079,-0.352278,-0.815093,-0.212119,-0.251842,0.970459,-0.295513,0.457426,-0.023705,-0.825319,-0.330224,-0.082535,0.958329,-0.513351,0.421542,-0.269745,-0.851070,-0.158809,0.000000,0.000000,0.000000,1.258539,1.822818,-133.854050,-2.958048,1.360373,1475.354614,-124.983940,0.002081,-1026.744629,1.965333,-13.719082,320.770630,3.107278,-14.818149,-458.120087,-3.163684,-37.253292,2233.039307,7.455759,-23.720221,-424.939240,1.697783,-3.870520,1085.390869,-5.309149,17.980055,1348.464478,6.225827,-2.042250,363.126282,0.976976,-4.638927,-514.571106,-5.945114,-13.316501,469.523071,11.975993,-0.785307,-1164.855103,-0.473271,3.910791,102.758057,1.429002,-0.824657,-117.480515,51.766945,-3.984972,92.762558,75.156334,-1.590382,-456.518372,-6.369987,0.495781,-365.870575,10.286398,-0.287056,-281.843262,53.619164,-3.546975,-29.240759,-71.898933,-1.183943,-426.418488,-13.162901,0.165679,50.336857,7.482238,0.387625,51.657028,-0.134898,-3.897052,-308.149139,0.341335,0.602668,518.439636,0.804004,-4.972582,-882.304260,-0.828411,-3.935044,-321.184845,-0.386181,0.474158,501.338287,0.836033,-5.005083,-891.421936,-0.783536,-3.908103,-323.000122,-1.120376,0.347300,484.600555,0.834011,-5.084444,-903.914978,2.128710,4.783218,544.911560,-5.967037,-3.647631,-472.009674,2.054708,-3.828937,-450.840912,-5.985328,-3.219561,-321.238007,-4.993652,4.421061,509.121674,-0.673290,2.861847,235.079086,3.428609,-10.703521,-1184.256348,-2.303954,-4.516970,-535.399658,7.459550,2.424153,352.607788,5.432108,-9.928877,-1165.692871,1,1
370,3834,-0.094310,0.939772,-0.340640,0.461806,-0.018179,-0.886531,-0.021613,-0.094310,0.939772,-0.340640,0.461806,-0.018179,-0.886531,-0.021613,-0.096627,0.859254,-0.246788,0.506101,-0.031597,-0.858584,-0.075478,-0.008117,0.857358,-0.373432,0.434626,-0.050349,-0.898924,-0.022356,-0.150259,0.459460,-0.288731,0.482044,0.026127,-0.875649,0.013771,-0.054505,0.454950,-0.371446,0.453195,-0.024441,-0.890301,0.037162,-0.120820,0.052521,-0.282517,0.447996,0.039196,-0.893121,0.009973,-0.053592,0.049172,-0.328455,0.495799,0.009235,-0.868378,0.004231,-0.007682,1.015592,-0.281231,0.464881,-0.014138,-0.885120,-0.015762,-0.002438,1.199484,-0.278223,0.453727,0.004134,-0.891087,-0.008833,-0.002361,1.319461,-0.275884,0.453727,0.004134,-0.891087,-0.008833,-0.002263,1.469432,-0.272960,0.453727,0.004134,-0.891087,-0.008833,-0.002371,1.303464,-0.276195,0.486021,0.199169,-0.845617,-0.095111,-0.002371,1.303464,-0.276195,0.398984,-0.180791,-0.893650,0.097551,-0.102411,1.389508,-0.121306,0.417853,-0.073839,-0.905414,0.013113,0.108904,1.386984,-0.419459,0.436561,0.072329,-0.895417,-0.049102,-0.167598,1.111989,-0.125528,0.407981,0.038844,-0.802824,-0.433033,0.097107,1.108895,-0.484615,0.408394,-0.352583,-0.815201,-0.210589,-0.251436,0.970683,-0.295491,0.457418,-0.023650,-0.825257,-0.330395,-0.082398,0.957658,-0.512698,0.421392,-0.269946,-0.851108,-0.158660,0.000000,0.000000,0.000000,1.235412,-2.312696,-413.551422,-2.991827,-3.377938,-473.831116,-125.001015,-1.707458,-170.953934,1.900874,-6.445849,727.323303,3.079189,-2.808905,1200.924438,-3.548522,-38.483810,-123.051834,7.360679,-9.507990,1421.223022,1.652058,-4.572499,-70.197891,-5.351457,-4.230833,-2221.088867,6.224080,-0.174761,186.748932,0.990055,1.307833,594.675964,-6.123651,-17.853642,-453.714050,11.993050,1.705647,249.095383,-0.470658,0.261295,-364.949615,1.434309,0.530720,135.537720,51.719566,-4.737854,-75.288254,75.143784,-1.255035,33.534660,-6.455168,-8.518028,-901.380981,10.139143,-14.725494,-1443.843872,53.645210,2.604675,615.165039,-71.891190,0.774384,195.832672,-13.157418,0.548267,38.258812,7.468289,-1.394892,-178.251694,-0.087533,4.736494,863.354614,0.385431,4.409573,380.690460,0.810865,0.686073,565.865601,-0.781650,4.676008,861.105286,-0.341329,4.485208,401.104980,0.842586,0.655234,566.031677,-0.737502,4.603440,851.154297,-1.074760,4.561532,421.423157,0.840863,0.685191,576.963501,2.081388,-4.732156,-951.537415,-6.000000,-3.296328,35.130333,2.111878,5.716944,954.588074,-5.957776,2.755165,597.472595,-5.040457,-4.680490,-910.155090,-0.698483,-2.519357,-538.120361,3.396428,-3.218055,748.546570,-2.250588,5.336547,985.351685,7.508267,4.871702,244.754883,5.418098,-1.400948,852.792969,1,1
371,3856,-0.093122,0.939774,-0.339566,0.461850,-0.018269,-0.886503,-0.021760,-0.093122,0.939774,-0.339566,0.461850,-0.018269,-0.886503,-0.021760,-0.095452,0.859239,-0.245728,0.507262,-0.031713,-0.857894,-0.075485,-0.006955,0.857340,-0.372382,0.432350,-0.050809,-0.900001,-0.022134,-0.149230,0.459451,-0.287557,0.483188,0.026233,-0.875014,0.013836,-0.053577,0.454980,-0.370184,0.450525,-0.025733,-0.891675,0.035791,-0.119673,0.052520,-0.281384,0.449385,0.039146,-0.892424,0.009966,-0.054258,0.049149,-0.327696,0.492196,0.009016,-0.870419,0.005688,-0.006464,1.015558,-0.280152,0.464868,-0.014104,-0.885122,-0.016035,-0.001196,1.199447,-0.277014,0.453588,0.004408,-0.891151,-0.009367,-0.001119,1.319421,-0.274530,0.453588,0.004408,-0.891151,-0.009367,-0.001023,1.469389,-0.271426,0.453588,0.004408,-0.891151,-0.009367,-0.001129,1.303424,-0.274861,0.485814,0.199305,-0.845660,-0.095508,-0.001129,1.303424,-0.274861,0.399041,-0.180635,-0.893716,0.097003,-0.101110,1.389394,-0.119870,0.418361,-0.074245,-0.905157,0.012367,0.110210,1.387074,-0.417988,0.436178,0.072471,-0.895573,-0.049446,-0.166657,1.111948,-0.124409,0.406998,0.038275,-0.803451,-0.432845,0.098398,1.109001,-0.483344,0.408704,-0.352595,-0.815147,-0.210173,-0.250456,0.970572,-0.294333,0.457293,-0.025698,-0.825736,-0.329216,-0.081069,0.957677,-0.511207,0.422036,-0.269751,-0.851079,-0.157428,0.000000,0.000000,0.000000,1.245404,0.454177,125.766922,-3.008852,-0.773853,118.367523,-124.995476,0.251770,89.055840,1.894950,-0.269267,280.753754,3.122976,1.990318,218.146500,-3.845804,-13.512806,1135.045654,7.158440,-9.192661,14.333118,1.316369,-15.258588,-485.731323,-5.280917,3.206383,338.055267,6.210904,-0.598886,-19.278408,0.967837,-1.009906,-105.351776,-6.271096,-6.702076,506.889343,12.013591,0.933690,-35.088913,-0.455625,0.683294,19.181786,1.421588,-0.578225,-50.406567,51.671993,-2.162413,117.065498,75.171051,1.239430,113.384789,-6.427912,1.238888,443.496185,10.240450,4.604860,878.652527,53.521709,-5.613674,-373.561340,-72.069443,-8.102417,-403.490936,-13.374288,-9.857697,-472.998413,7.498530,1.374570,125.884621,-0.107114,-0.890045,-255.751755,0.378765,-0.302974,-214.206696,0.804458,-0.291196,-44.421322,-0.801190,-0.888153,-252.916397,-0.348349,-0.319100,-218.377640,0.836173,-0.291461,-43.031597,-0.756909,-0.882154,-249.345169,-1.082139,-0.335412,-222.588318,0.834197,-0.302981,-44.916927,2.089470,0.367349,231.795654,-5.988521,0.521790,173.550797,2.089653,-1.010201,-305.779327,-5.960373,-0.118039,-130.600189,-5.031936,0.387300,230.354111,-0.714964,-0.749127,80.464996,3.376879,-0.888586,105.884956,-2.267247,-0.757239,-276.990265,7.465721,-1.933921,-309.346527,5.472960,2.493707,177.029739,1,1
372,3860,-0.093721,0.939710,-0.338668,0.461624,-0.018091,-0.886627,-0.021674,-0.093721,0.939710,-0.338668,0.461624,-0.018091,-0.886627,-0.021674,-0.096070,0.859175,-0.244831,0.508580,-0.031352,-0.857126,-0.075491,-0.007506,0.857310,-0.371438,0.430119,-0.050498,-0.901094,-0.021828,-0.149661,0.459374,-0.286724,0.484600,0.026423,-0.874236,0.013289,-0.053790,0.454919,-0.369241,0.448112,-0.025850,-0.892899,0.035489,-0.120164,0.052432,-0.281072,0.451271,0.039148,-0.891483,0.008883,-0.054800,0.049071,-0.326918,0.489019,0.008984,-0.872209,0.005616,-0.007125,1.015528,-0.279209,0.464683,-0.014037,-0.885222,-0.015957,-0.001871,1.199417,-0.276092,0.453489,0.004258,-0.891203,-0.009302,-0.001769,1.319392,-0.273639,0.453489,0.004258,-0.891203,-0.009302,-0.001642,1.469361,-0.270573,0.453489,0.004258,-0.891203,-0.009302,-0.001783,1.303396,-0.273966,0.485557,0.199174,-0.845841,-0.095483,-0.001783,1.303396,-0.273966,0.398953,-0.180764,-0.893726,0.097034,-0.101842,1.389397,-0.119052,0.417978,-0.074449,-0.905322,0.011998,0.109587,1.387008,-0.417098,0.436191,0.072437,-0.895573,-0.049386,-0.167571,1.111987,-0.123763,0.406720,0.038326,-0.803473,-0.433061,0.097771,1.108930,-0.482414,0.408714,-0.352589,-0.815144,-0.210177,-0.251333,0.970705,-0.293783,0.457054,-0.025740,-0.825746,-0.329517,-0.081695,0.957605,-0.510277,0.422006,-0.269706,-0.851093,-0.157512,0.000000,0.000000,0.000000,1.246861,0.364244,-22.483141,-2.985901,5.737662,1627.878662,-125.024872,-7.349014,-1900.196045,1.872555,-5.598754,-1332.371826,3.111957,-2.754748,-1186.266602,-4.100094,-63.572525,-12514.929688,7.075585,-20.713806,-2880.286133,1.301533,-3.708988,2887.399902,-5.269044,2.968192,-59.547722,6.213338,0.608563,301.862305,0.974040,1.550883,640.197266,-6.475784,-51.172020,-11117.486328,11.953096,-15.123606,-4014.324219,-0.394287,15.334472,3662.794434,1.432469,2.720028,824.563232,51.672367,0.093460,563.968323,75.177803,1.688004,112.143425,-6.436885,-2.243280,-870.542053,10.233722,-1.682043,-1571.725708,53.511822,-2.471924,785.437439,-72.046524,5.729675,3458.022949,-13.379084,-1.199007,2164.672607,7.488093,-2.609253,-995.955688,-0.096278,2.708897,899.735657,0.383972,1.301795,401.192413,0.797745,-1.678407,-346.802856,-0.790468,2.680451,892.150818,-0.343088,1.315221,408.580353,0.829456,-1.679435,-346.993500,-0.746220,2.672359,888.628357,-1.076814,1.331329,416.685211,0.827616,-1.645178,-335.549072,2.085632,-0.959516,-331.716125,-5.985819,0.675321,38.382679,2.093226,0.893176,475.844208,-5.936680,5.923152,1510.297607,-5.036202,-1.066446,-363.436615,-0.708784,1.545057,573.546082,3.372277,-1.150668,-65.520409,-2.262064,1.295924,513.290833,7.471267,1.386404,830.081360,5.507497,8.634210,1535.125732,1,1
373,3874,-0.093861,0.939647,-0.337662,0.461726,-0.018067,-0.886576,-0.021605,-0.093861,0.939647,-0.337662,0.461726,-0.018067,-0.886576,-0.021605,-0.096179,0.859120,-0.243817,0.509487,-0.030855,-0.856575,-0.075826,-0.007644,0.857253,-0.370444,0.428339,-0.050261,-0.901967,-0.021342,-0.149603,0.459344,-0.286082,0.485599,0.026653,-0.873688,0.012379,-0.053570,0.454837,-0.368060,0.445979,-0.026264,-0.893984,0.034732,-0.120288,0.052378,-0.281210,0.451961,0.038822,-0.891154,0.008292,-0.055275,0.048951,-0.326129,0.485616,0.007685,-0.874122,0.005331,-0.007259,1.015480,-0.278230,0.465159,-0.014403,-0.884972,-0.015631,-0.001893,1.199371,-0.275370,0.454752,0.003138,-0.890573,-0.008456,-0.001641,1.319351,-0.273220,0.454752,0.003138,-0.890573,-0.008456,-0.001326,1.469327,-0.270533,0.454752,0.003138,-0.890573,-0.008456,-0.001675,1.303354,-0.273507,0.486318,0.198191,-0.845658,-0.095279,-0.001675,1.303354,-0.273507,0.400045,-0.180969,-0.893113,0.097791,-0.101511,1.389607,-0.118655,0.417673,-0.074804,-0.905438,0.011658,0.109349,1.386997,-0.417040,0.437291,0.073516,-0.894937,-0.049598,-0.167506,1.112215,-0.123472,0.406857,0.038534,-0.803466,-0.432926,0.097934,1.108983,-0.482685,0.409732,-0.351950,-0.814949,-0.210022,-0.251195,0.970877,-0.293482,0.457170,-0.025613,-0.825705,-0.329472,-0.081357,0.957426,-0.510413,0.422779,-0.269320,-0.850731,-0.158053,0.000000,0.000000,0.000000,1.240767,-0.435284,-57.109158,-2.979897,0.428847,-379.201111,-125.011566,0.950405,592.815552,1.827205,-3.239300,168.532455,3.103970,-0.570536,156.015152,-4.339065,-17.069340,3321.656006,6.916633,-11.353731,668.576782,1.304375,0.202988,279.426880,-5.141834,9.086405,437.015198,6.233640,1.450096,60.109463,1.034421,4.312941,197.289871,-6.589967,-8.155890,3072.580566,11.884383,-4.908085,729.680054,-0.397986,-0.264172,-1114.188843,1.360834,-5.116735,-559.768799,51.703918,2.253669,154.300613,75.127693,-3.579276,-376.234283,-6.434152,0.195265,174.181793,10.149377,-6.024633,-310.184998,53.460205,-3.686905,-86.784363,-71.979874,4.760742,-69.209511,-13.382288,-0.228882,69.294655,7.471730,-1.168762,102.892212,-0.041307,3.926485,86.970558,0.430711,3.338495,145.478531,0.803700,0.425352,150.268478,-0.736111,3.882664,85.872360,-0.295500,3.399140,148.851318,0.835041,0.398968,148.457382,-0.692589,3.830790,82.745056,-1.028367,3.460543,152.086716,0.833540,0.423087,147.733154,1.992292,-6.667137,-407.687256,-5.994548,-0.623499,-92.772812,2.136921,3.121069,159.135269,-5.857085,5.685398,-16.982454,-5.129424,-6.658724,-399.448425,-0.717413,-0.616350,-154.386215,3.365320,-0.496881,46.699024,-2.218960,3.078835,127.350784,7.533593,4.451854,218.960693,5.563848,4.025084,-329.223206,1,1
374,3878,-0.094220,0.939651,-0.336933,0.461465,-0.018040,-0.886713,-0.021552,-0.094220,0.939651,-0.336933,0.461465,-0.018040,-0.886713,-0.021552,-0.096586,0.859132,-0.243083,0.510263,-0.030872,-0.856125,-0.075687,-0.007977,0.857262,-0.369658,0.426551,-0.050084,-0.902827,-0.021190,-0.150003,0.459341,-0.285195,0.486422,0.026626,-0.873231,0.012332,-0.053719,0.454831,-0.367316,0.444071,-0.026390,-0.894939,0.034475,-0.120715,0.052372,-0.280379,0.453164,0.038788,-0.890545,0.008268,-0.055714,0.048932,-0.325520,0.483085,0.007652,-0.875524,0.005289,-0.007660,1.015496,-0.277457,0.464945,-0.014359,-0.885086,-0.015599,-0.002316,1.199388,-0.274593,0.454626,0.003218,-0.890636,-0.008466,-0.002080,1.319368,-0.272433,0.454626,0.003218,-0.890636,-0.008466,-0.001785,1.469344,-0.269732,0.454626,0.003218,-0.890636,-0.008466,-0.002112,1.303371,-0.272721,0.486215,0.198263,-0.845704,-0.095244,-0.002112,1.303371,-0.272721,0.399951,-0.180917,-0.893170,0.097749,-0.101985,1.389612,-0.117884,0.417640,-0.074796,-0.905454,0.011647,0.108926,1.387037,-0.416229,0.437264,0.073569,-0.894946,-0.049604,-0.167980,1.112219,-0.122708,0.406882,0.038492,-0.803469,-0.432901,0.097538,1.109022,-0.481890,0.409716,-0.351977,-0.814963,-0.209950,-0.251684,0.970870,-0.292701,0.457204,-0.025698,-0.825681,-0.329476,-0.081751,0.957458,-0.509590,0.422788,-0.269382,-0.850726,-0.157952,0.000000,0.000000,0.000000,1.237679,-0.771880,-84.148987,-2.974022,1.468778,259.982697,-125.045181,-8.403778,-2338.545654,1.814320,-3.221273,4.506528,3.087103,-4.216731,-911.548706,-4.531892,-48.206806,-7784.366699,6.860482,-14.037728,-670.999268,1.287672,-4.175872,-1094.714844,-5.133318,2.128959,-1739.361572,6.227296,-1.585841,-758.984253,1.013272,-5.287319,-2400.064941,-6.724984,-33.754349,-6399.614258,11.865952,-4.607677,75.101852,-0.399860,-0.468671,-51.124817,1.359775,-0.264853,1212.970459,51.706081,0.540733,-428.233795,75.120476,-1.804352,443.731018,-6.428650,1.375318,295.013184,10.150654,0.319242,1585.968872,53.455296,-1.227379,614.881531,-71.979454,0.104904,-1163.959473,-13.385280,-0.747919,-129.759308,7.465555,-1.543880,-93.779388,-0.044164,-0.714271,-1160.189087,0.436720,1.502246,-459.062225,0.802545,-0.288740,-178.522827,-0.739061,-0.737563,-1155.056641,-0.289548,1.488216,-477.730927,0.833795,-0.311479,-177.611740,-0.695619,-0.757650,-1147.109985,-1.022473,1.473457,-496.771698,0.832169,-0.342667,-191.438400,1.993323,0.257790,1731.231812,-5.990518,1.007676,407.793701,2.134172,-0.687242,-952.077759,-5.859371,-0.571609,-1564.251587,-5.128614,0.202537,1715.315186,-0.712929,1.120895,434.311371,3.365909,0.147045,160.981506,-2.221210,-0.562429,-910.316162,7.528201,-1.347899,-1449.938354,5.567342,0.873446,-787.909485,1,1
375,3885,-0.093097,0.939653,-0.336829,0.461502,-0.018350,-0.886683,-0.021749,-0.093097,0.939653,-0.336829,0.461502,-0.018350,-0.886683,-0.021749,-0.095512,0.859129,-0.242984,0.511057,-0.031015,-0.855632,-0.075849,-0.006917,0.857203,-0.369568,0.424989,-0.050923,-0.903517,-0.021184,-0.149139,0.459364,-0.285100,0.487180,0.026709,-0.872806,0.012332,-0.053268,0.454846,-0.367012,0.442496,-0.027438,-0.895697,0.034220,-0.119783,0.052399,-0.280347,0.453894,0.038858,-0.890169,0.008339,-0.056207,0.048974,-0.325019,0.481038,0.008992,-0.876634,0.005858,-0.006475,1.015431,-0.277356,0.464957,-0.014528,-0.885074,-0.015769,-0.001075,1.199320,-0.274458,0.454581,0.003325,-0.890658,-0.008582,-0.000850,1.319300,-0.272261,0.454581,0.003325,-0.890658,-0.008582,-0.000568,1.469275,-0.269515,0.454581,0.003325,-0.890658,-0.008582,-0.000880,1.303303,-0.272554,0.486122,0.198343,-0.845729,-0.095335,-0.000880,1.303303,-0.272554,0.400215,-0.180502,-0.893178,0.097368,-0.100782,1.389509,-0.117711,0.417563,-0.074807,-0.905490,0.011510,0.109970,1.387296,-0.416098,0.438219,0.074862,-0.894340,-0.050164,-0.166814,1.112116,-0.122608,0.406899,0.038506,-0.803485,-0.432853,0.098997,1.109337,-0.482322,0.410594,-0.351721,-0.814920,-0.208830,-0.250507,0.970747,-0.292590,0.457197,-0.025704,-0.825665,-0.329525,-0.080097,0.957445,-0.509488,0.423736,-0.269119,-0.850543,-0.156840,0.000000,0.000000,0.000000,1.241202,0.587225,226.517517,-3.016096,-7.012328,-1413.517578,-125.040375,0.801086,1534.144043,1.832044,2.953907,1029.196777,3.140832,8.954883,2195.268799,-4.736514,-34.103634,2350.528564,6.825675,-5.801201,1372.754517,1.093957,-32.285831,-4684.993164,-5.321407,-31.348150,-5579.518066,6.214778,-2.086401,-83.426636,1.018807,0.922422,1034.956787,-6.828802,-17.302990,2741.893311,11.895577,4.937490,1590.861328,-0.407625,-1.294017,-137.557587,1.354205,-0.928303,-110.574890,51.702888,-0.532150,-178.813919,74.986969,-22.251129,-3407.796143,-6.417274,1.896143,86.804230,10.152794,0.356674,6.238619,53.433723,-3.595352,-394.662231,-71.976120,0.555674,75.128349,-13.381257,0.670433,236.392029,7.453969,-1.930952,-64.512093,-0.057076,-2.151961,-239.614883,0.433493,-0.537892,-340.022980,0.812831,1.714428,333.861359,-0.751834,-2.128889,-231.887711,-0.292820,-0.545457,-338.945557,0.844070,1.712441,337.320099,-0.708382,-2.127131,-228.246872,-1.025805,-0.555436,-338.148773,0.842265,1.682679,337.557648,1.945975,-7.891417,-1358.201050,-5.958115,5.400419,732.123840,2.130197,-0.662525,4.119347,-5.855412,0.659863,205.245300,-5.179389,-8.462508,-1444.174194,-0.659607,8.887042,1294.357788,3.342276,-3.938834,-680.979736,-2.224828,-0.602961,-6.755193,7.528370,0.028133,229.338806,5.573529,1.031160,26.285650,1,1
376,3893,-0.092968,0.939655,-0.336338,0.461337,-0.018339,-0.886772,-0.021629,-0.092968,0.939655,-0.336338,0.461337,-0.018339,-0.886772,-0.021629,-0.095408,0.859151,-0.242476,0.511809,-0.030965,-0.855198,-0.075686,-0.006765,0.857209,-0.369027,0.423378,-0.051006,-0.904274,-0.020939,-0.148971,0.459363,-0.284453,0.487964,0.026766,-0.872366,0.012337,-0.053088,0.454857,-0.366345,0.440733,-0.027874,-0.896565,0.033885,-0.119562,0.052402,-0.279750,0.455026,0.038923,-0.889589,0.008288,-0.056563,0.048980,-0.324437,0.478528,0.008060,-0.878018,0.005539,-0.006378,1.015457,-0.276849,0.464913,-0.014585,-0.885098,-0.015637,-0.000971,1.199347,-0.274012,0.454784,0.003138,-0.890557,-0.008427,-0.000722,1.319327,-0.271868,0.454784,0.003138,-0.890557,-0.008427,-0.000411,1.469303,-0.269189,0.454784,0.003138,-0.890557,-0.008427,-0.000755,1.303330,-0.272154,0.486327,0.198127,-0.845672,-0.095241,-0.000755,1.303330,-0.272154,0.400234,-0.180752,-0.893086,0.097666,-0.100508,1.389613,-0.117266,0.418234,-0.075175,-0.905155,0.011164,0.110078,1.387162,-0.415787,0.438425,0.074573,-0.894305,-0.049408,-0.166830,1.112290,-0.122181,0.407258,0.037894,-0.803095,-0.433294,0.099135,1.109116,-0.481551,0.410563,-0.351907,-0.814944,-0.208487,-0.250914,0.971094,-0.292114,0.457553,-0.025942,-0.825343,-0.329819,-0.079968,0.957208,-0.508560,0.423654,-0.269193,-0.850595,-0.156653,0.000000,0.000000,0.000000,1.230188,-1.223829,-201.228210,-3.008400,0.855154,874.164734,-125.061516,-2.349006,-350.010223,1.830782,-0.140190,-343.788574,3.150240,1.045359,-878.835876,-4.919198,-20.298269,1533.929321,6.749815,-8.428891,-291.965607,1.123654,3.299647,3953.942383,-5.263826,6.397883,4194.003418,6.208609,-0.685427,155.663773,1.010509,-0.921912,-204.925919,-6.949574,-13.419045,431.549408,11.881033,-1.616054,-728.171570,-0.402790,0.537194,203.467819,1.358279,0.452704,153.445160,51.721802,2.101474,292.624939,75.015198,3.136529,2820.850586,-6.439204,-2.436744,-481.431854,10.140878,-1.324018,-186.743561,53.439281,0.617557,468.101013,-71.970955,0.573900,2.025081,-13.356153,2.789285,235.428040,7.485914,3.549417,608.929871,-0.049123,0.883731,337.299072,0.448873,1.708925,249.646317,0.810560,-0.252393,-218.535645,-0.744114,0.857764,331.850311,-0.277361,1.717733,251.465515,0.841640,-0.269983,-220.269348,-0.700876,0.834028,329.017639,-1.010265,1.726680,253.568466,0.839783,-0.275777,-217.606262,1.961621,1.738416,1069.981323,-5.976360,-2.027194,-825.290344,2.129698,-0.055393,67.459213,-5.852335,0.341839,-35.335991,-5.165325,1.562701,1113.912109,-0.648270,1.259731,-847.479004,3.293318,-5.439758,-166.769363,-2.220279,0.505421,123.153496,7.493448,-3.880236,-434.263275,5.630838,6.367683,592.947021,1,1
377,3905,-0.093582,0.939672,-0.335035,0.461179,-0.018197,-0.886855,-0.021686,-0.093582,0.939672,-0.335035,0.461179,-0.018197,-0.886855,-0.021686,-0.096041,0.859147,-0.241193,0.512594,-0.031093,-0.854736,-0.075538,-0.007352,0.857251,-0.367712,0.421821,-0.050500,-0.905028,-0.020994,-0.149670,0.459348,-0.282963,0.488800,0.026652,-0.871902,0.012331,-0.053320,0.454863,-0.365322,0.439009,-0.027683,-0.897437,0.033332,-0.120334,0.052382,-0.278253,0.456565,0.038661,-0.888810,0.008427,-0.056947,0.048939,-0.323884,0.476297,0.008073,-0.879232,0.005217,-0.007029,1.015478,-0.275498,0.464794,-0.014442,-0.885158,-0.015925,-0.001598,1.199365,-0.272499,0.454734,0.003282,-0.890574,-0.009188,-0.001296,1.319342,-0.270177,0.454734,0.003282,-0.890574,-0.009188,-0.000920,1.469314,-0.267274,0.454734,0.003282,-0.890574,-0.009188,-0.001336,1.303345,-0.270486,0.486200,0.198190,-0.845656,-0.095893,-0.001336,1.303345,-0.270486,0.400223,-0.180807,-0.893150,0.097021,-0.101027,1.389536,-0.115482,0.418352,-0.075368,-0.905089,0.010768,0.109568,1.387229,-0.414006,0.438413,0.074443,-0.894316,-0.049504,-0.167547,1.112247,-0.120544,0.407288,0.037785,-0.803003,-0.433446,0.098536,1.109195,-0.479785,0.410569,-0.351989,-0.814859,-0.208667,-0.251706,0.971112,-0.290490,0.457579,-0.025842,-0.825352,-0.329769,-0.080618,0.957354,-0.506836,0.423646,-0.269224,-0.850554,-0.156843,0.000000,0.000000,0.000000,1.244050,1.155188,198.251404,-2.996732,0.972350,9.766330,-125.082214,-1.724879,52.010563,1.814285,-1.374751,-102.880104,3.106886,-3.612836,-388.182953,-5.095250,-14.671008,468.938446,6.682991,-5.568624,238.355591,1.119221,-0.369410,-305.754730,-5.227988,2.986511,-284.281036,6.201107,-0.625173,5.021140,0.961758,-4.062647,-261.727966,-7.069743,-10.014136,283.742432,11.866879,-1.179457,36.383114,-0.406364,-0.297842,-69.586288,1.337105,-1.764556,-184.771652,51.724442,0.219981,-156.791122,75.022873,0.639598,-208.077621,-6.445809,-0.550389,157.196213,10.143250,0.197728,126.812195,53.410507,-2.397855,-251.284348,-71.966492,0.371933,-16.830584,-13.347054,0.758251,-169.252914,7.519149,2.769589,-64.985611,-0.061522,-1.033247,-159.748215,0.454855,0.498516,-100.867409,0.787018,-1.961847,-142.454559,-0.756774,-1.054943,-159.392197,-0.271865,0.457962,-104.980873,0.817960,-1.973356,-141.947769,-0.713492,-1.051366,-157.116196,-1.005246,0.418236,-109.037025,0.815817,-1.997153,-143.447952,1.983772,1.845916,8.958360,-5.989928,-1.130700,74.707802,2.113453,-1.353761,-108.197327,-5.861662,-0.777205,-93.253670,-5.144951,1.697818,11.259754,-0.632332,1.328106,5.697916,3.246149,-3.930728,125.752556,-2.236979,-1.391669,-158.090836,7.489565,-0.323574,296.388519,5.617384,-1.121163,-624.070557,1,1
378,3914,-0.093781,0.939660,-0.335680,0.461017,-0.018250,-0.886941,-0.021581,-0.093781,0.939660,-0.335680,0.461017,-0.018250,-0.886941,-0.021581,-0.096274,0.859158,-0.241819,0.512941,-0.031095,-0.854526,-0.075561,-0.007539,0.857230,-0.368306,0.420642,-0.050699,-0.905578,-0.020427,-0.149931,0.459363,-0.283581,0.489157,0.026667,-0.871702,0.012260,-0.053462,0.454841,-0.365493,0.437823,-0.028005,-0.897988,0.033820,-0.120608,0.052395,-0.278941,0.457276,0.038664,-0.888445,0.008357,-0.057214,0.048967,-0.323583,0.474753,0.007651,-0.880067,0.005767,-0.007249,1.015480,-0.276130,0.464677,-0.014440,-0.885219,-0.015943,-0.001814,1.199366,-0.273096,0.454700,0.003395,-0.890588,-0.009457,-0.001508,1.319342,-0.270704,0.454700,0.003395,-0.890588,-0.009457,-0.001124,1.469312,-0.267714,0.454700,0.003395,-0.890588,-0.009457,-0.001548,1.303345,-0.271023,0.486167,0.198270,-0.845632,-0.096108,-0.001548,1.303345,-0.271023,0.400160,-0.180784,-0.893206,0.096808,-0.101223,1.389491,-0.115973,0.418414,-0.075374,-0.905060,0.010700,0.109379,1.387257,-0.414497,0.438437,0.074499,-0.894309,-0.049338,-0.167765,1.112200,-0.121062,0.407367,0.037807,-0.802978,-0.433415,0.098416,1.109210,-0.480205,0.410603,-0.351903,-0.814889,-0.208628,-0.251928,0.971052,-0.290996,0.457625,-0.025688,-0.825382,-0.329643,-0.080708,0.957333,-0.507255,0.423662,-0.269095,-0.850592,-0.156817,0.000000,0.000000,0.000000,1.231083,-1.440816,-288.444885,-2.996385,0.038518,-103.759178,-125.102882,-2.296448,-63.507648,1.780994,-3.698998,-258.249603,3.143046,4.017777,847.845947,-5.223964,-14.301512,41.055149,6.670129,-1.429081,459.949219,1.121360,0.237730,67.459946,-5.213427,1.617961,-152.061005,6.211859,1.194689,202.206924,0.966771,0.557045,513.299133,-7.138470,-7.636335,264.200104,11.863677,-0.355826,91.514465,-0.405122,0.137998,48.426662,1.336719,-0.042902,191.294861,51.729225,0.531514,34.614841,75.032700,1.091851,50.250389,-6.450985,-0.575119,-2.747701,10.143742,0.054571,-15.906345,53.397923,-1.398299,111.061836,-71.964134,0.261943,-12.221161,-13.338643,0.934601,19.594477,7.535955,1.867400,-100.243240,-0.073610,-1.343203,-34.439510,0.461146,0.698990,22.274939,0.777506,-1.056823,100.558189,-0.769025,-1.361205,-34.029114,-0.265868,0.666317,23.150515,0.808311,-1.072102,100.139305,-0.725783,-1.365595,-34.914333,-0.999545,0.633458,23.913605,0.805883,-1.103805,99.260872,1.994408,1.181828,-73.787613,-6.000000,-1.119084,1.290692,2.106753,-0.744449,67.701317,-5.868500,-0.759761,1.938250,-5.135697,1.028167,-74.405724,-0.619951,1.375735,5.292111,3.210023,-4.013962,-9.248283,-2.244122,-0.793642,66.447411,7.487712,-0.205888,13.076228,5.606875,-1.167615,-5.161325,1,1
379,3927,-0.093662,0.939680,-0.334318,0.462102,-0.018971,-0.886338,-0.022528,-0.093662,0.939680,-0.334318,0.462102,-0.018971,-0.886338,-0.022528,-0.096093,0.859082,-0.240537,0.513428,-0.031500,-0.854163,-0.076192,-0.007676,0.857102,-0.367246,0.420271,-0.050514,-0.905758,-0.020576,-0.150328,0.459379,-0.282542,0.489488,0.026812,-0.871510,0.012339,-0.053507,0.454707,-0.364622,0.437305,-0.028039,-0.898263,0.033185,-0.120866,0.052420,-0.277918,0.457848,0.038660,-0.888148,0.008612,-0.057539,0.048789,-0.323162,0.472955,0.007674,-0.881034,0.005785,-0.006821,1.015252,-0.274901,0.465410,-0.014912,-0.884808,-0.016886,-0.001114,1.199125,-0.271622,0.454713,0.003380,-0.890571,-0.010385,-0.000703,1.319096,-0.269033,0.454713,0.003380,-0.890571,-0.010385,-0.000189,1.469060,-0.265798,0.454713,0.003380,-0.890571,-0.010385,-0.000758,1.303100,-0.269379,0.486141,0.198186,-0.845573,-0.096926,-0.000758,1.303100,-0.269379,0.400354,-0.181099,-0.893137,0.096053,-0.100321,1.389184,-0.114191,0.418465,-0.075598,-0.905020,0.010557,0.110248,1.386989,-0.412772,0.438523,0.074357,-0.894309,-0.048774,-0.167011,1.111920,-0.119299,0.407327,0.037652,-0.803013,-0.433402,0.099354,1.108900,-0.478157,0.410577,-0.351926,-0.814866,-0.208730,-0.251219,0.970765,-0.289204,0.457482,-0.025495,-0.825521,-0.329507,-0.079790,0.957053,-0.505243,0.423594,-0.269040,-0.850614,-0.156975,0.000000,0.000000,0.000000,1.285563,4.190803,433.201477,-3.121255,-9.605408,-741.840454,-124.963432,10.726929,1001.798218,1.660838,-9.242782,-426.444885,3.082684,-4.643220,-666.230530,-5.411870,-14.454291,-11.752275,6.609189,-4.687749,-250.666809,1.053205,-5.242705,-421.571960,-5.175948,2.882994,97.310211,6.161269,-3.891578,-391.251343,0.990305,1.810322,96.405876,-7.069108,5.335551,997.837463,11.965288,7.816241,628.620605,-0.413447,-0.640413,-59.877762,1.312147,-1.890082,-142.090729,51.764290,2.697284,166.597687,75.067322,2.663246,120.876503,-6.463727,-0.980194,-31.159630,10.141765,-0.152074,-15.895824,53.377995,-1.532921,-10.355610,-71.965637,-0.115615,-29.042864,-13.306997,2.434290,115.360733,7.570712,2.673553,62.011711,-0.098746,-1.933530,-45.409763,0.415867,-3.483050,-321.695374,0.790836,1.025360,160.167984,-0.793434,-1.877629,-39.724949,-0.311305,-3.495125,-320.110901,0.822138,1.063590,164.283997,-0.749609,-1.832815,-35.939995,-1.045148,-3.507921,-318.567688,0.819870,1.075937,167.672501,2.028982,2.659550,113.670944,-5.998996,0.077211,92.022675,2.090228,-1.271138,-40.514542,-5.887854,-1.488759,-56.076797,-5.105222,2.344242,101.236519,-0.599042,1.608363,17.894451,3.063153,-11.297739,-560.290527,-2.264212,-1.545448,-57.831161,7.499443,0.902359,85.249771,5.552355,-4.193893,-232.790588,1,1
380,3933,-0.093825,0.939705,-0.333250,0.462159,-0.018796,-0.886311,-0.022557,-0.093825,0.939705,-0.333250,0.462159,-0.018796,-0.886311,-0.022557,-0.096222,0.859086,-0.239487,0.514189,-0.031048,-0.853739,-0.075998,-0.007820,0.857159,-0.366205,0.419578,-0.050256,-0.906088,-0.020828,-0.150101,0.459338,-0.281497,0.490249,0.027244,-0.871069,0.012324,-0.053544,0.454754,-0.363888,0.436520,-0.027939,-0.898668,0.032655,-0.120329,0.052400,-0.277087,0.458782,0.038946,-0.887654,0.008529,-0.057735,0.048795,-0.322851,0.471785,0.007729,-0.881664,0.005347,-0.006999,1.015289,-0.273827,0.465438,-0.014797,-0.884796,-0.016888,-0.001319,1.199163,-0.270538,0.454685,0.003375,-0.890586,-0.010332,-0.000913,1.319134,-0.267962,0.454685,0.003375,-0.890586,-0.010332,-0.000406,1.469099,-0.264741,0.454685,0.003375,-0.890586,-0.010332,-0.000967,1.303138,-0.268305,0.486079,0.198129,-0.845630,-0.096860,-0.000967,1.303138,-0.268305,0.400316,-0.181096,-0.893150,0.096094,-0.100556,1.389265,-0.113150,0.418342,-0.075771,-0.905062,0.010578,0.110036,1.387026,-0.411705,0.438560,0.074416,-0.894292,-0.048678,-0.167316,1.112040,-0.118225,0.406893,0.037327,-0.803155,-0.433574,0.099192,1.108929,-0.477053,0.410627,-0.351903,-0.814869,-0.208658,-0.251585,0.970960,-0.288163,0.457086,-0.026006,-0.825536,-0.329978,-0.079937,0.957059,-0.504108,0.423662,-0.269030,-0.850602,-0.156874,0.000000,0.000000,0.000000,1.297523,1.993299,-366.250702,-3.105117,2.689719,2049.187744,-124.956367,1.177470,-1591.576538,1.680541,3.283878,2087.776611,3.057636,-4.174630,78.098381,-5.506627,-15.792847,-223.092545,6.572444,-6.124099,-239.391647,1.051168,-0.339448,817.209473,-5.162531,2.236048,-107.824287,6.126290,-5.829731,-323.025543,1.002285,1.996716,31.065722,-7.161329,-15.370130,-3450.947021,11.945337,-3.325145,-1856.897583,-0.400213,2.205794,474.367828,1.300251,-1.982768,-15.447815,51.769226,0.822703,-312.430206,75.069939,0.436147,-371.183105,-6.459722,0.667651,274.640869,10.144316,0.425180,96.209023,53.402378,4.063924,932.807617,-71.997536,-5.316416,-866.800232,-13.307256,-0.043074,-412.894135,7.534904,-5.968014,-1440.261230,-0.091351,1.232469,527.666504,0.411994,-0.645424,472.937714,0.790285,-0.091841,-186.200195,-0.785991,1.240512,519.690125,-0.315085,-0.630071,477.509033,0.821681,-0.076155,-189.957443,-0.742111,1.249740,513.759277,-1.048830,-0.613630,482.381958,0.819600,-0.045101,-186.839661,2.027848,-0.189106,-474.775970,-5.999034,-0.006278,-13.914883,2.084305,-0.987172,47.327618,-5.880693,1.193444,447.033813,-5.106737,-0.252485,-432.787811,-0.594528,0.752330,-142.672134,3.056267,-1.147548,1691.698364,-2.269642,-0.904918,106.754974,7.500745,0.217040,-114.219826,5.562235,1.646678,973.428406,1,1
381,3944,-0.093989,0.939695,-0.332888,0.462096,-0.018824,-0.886344,-0.022521,-0.093989,0.939695,-0.332888,0.462096,-0.018824,-0.886344,-0.022521,-0.096401,0.859085,-0.239118,0.514602,-0.030970,-0.853503,-0.075876,-0.007981,0.857145,-0.365824,0.418753,-0.050189,-0.906474,-0.020790,-0.150195,0.459319,-0.281048,0.490701,0.027260,-0.870815,0.012265,-0.053643,0.454734,-0.363544,0.435652,-0.027990,-0.899091,0.032542,-0.120429,0.052380,-0.276704,0.459293,0.038789,-0.887398,0.008425,-0.057958,0.048769,-0.322572,0.470540,0.007657,-0.882328,0.005433,-0.007170,1.015283,-0.273460,0.465381,-0.014819,-0.884826,-0.016855,-0.001491,1.199157,-0.270185,0.454641,0.003369,-0.890609,-0.010301,-0.001087,1.319129,-0.267615,0.454641,0.003369,-0.890609,-0.010301,-0.000582,1.469094,-0.264404,0.454641,0.003369,-0.890609,-0.010301,-0.001141,1.303133,-0.267958,0.486083,0.198156,-0.845626,-0.096822,-0.001141,1.303133,-0.267958,0.400281,-0.181102,-0.893163,0.096109,-0.100738,1.389251,-0.112807,0.418345,-0.075668,-0.905068,0.010667,0.109871,1.387016,-0.411353,0.438530,0.074406,-0.894307,-0.048689,-0.167423,1.112014,-0.117865,0.406856,0.037346,-0.803203,-0.433519,0.099022,1.108927,-0.476705,0.410615,-0.351938,-0.814833,-0.208763,-0.251665,0.970912,-0.287797,0.457038,-0.026076,-0.825524,-0.330070,-0.080132,0.957092,-0.503792,0.423655,-0.269090,-0.850568,-0.156972,0.000000,0.000000,0.000000,1.292638,-0.444109,-221.582474,-3.106023,-0.082384,-252.009415,-124.964439,-0.733809,-173.752625,1.677968,-0.233921,-319.799927,3.044341,-1.208717,269.628387,-5.602103,-8.679693,646.650330,6.551537,-1.900630,383.951782,1.035864,-1.391324,-95.625069,-5.147172,1.396266,-76.343872,6.112161,-1.284469,413.205658,1.003810,0.138586,-168.920883,-7.224419,-5.735484,875.876892,11.924467,-1.897292,129.804810,-0.386006,1.291503,-83.117409,1.285131,-1.374548,55.292759,51.778942,0.883276,5.506613,75.072075,0.194203,-21.994936,-6.456809,0.264775,-36.625164,10.144294,-0.001994,-38.833988,53.405411,0.275699,-344.384155,-72.011330,-1.253995,369.311035,-13.307302,-0.004161,3.537528,7.514767,-1.830578,376.130585,-0.092195,-0.076683,-119.013771,0.412844,0.077272,65.699631,0.790507,0.020195,10.185087,-0.786844,-0.077600,-119.828339,-0.314244,0.076475,64.231476,0.821887,0.018738,8.626581,-0.742978,-0.078803,-120.776657,-1.047999,0.075579,62.655319,0.819779,0.016321,5.583789,2.027129,-0.065305,11.254605,-5.997121,0.173916,16.381262,2.087560,0.295877,116.640869,-5.886352,-0.514464,-155.264359,-5.107351,-0.055833,17.877453,-0.594949,-0.038310,-71.876305,3.060310,0.367490,137.730728,-2.266953,0.244422,104.485474,7.500979,0.021328,-17.792067,5.552335,-0.899965,-231.512985,1,1
382,3954,-0.094111,0.939690,-0.332375,0.462182,-0.018948,-0.886296,-0.022547,-0.094111,0.939690,-0.332375,0.462182,-0.018948,-0.886296,-0.022547,-0.096523,0.859086,-0.238599,0.515078,-0.030852,-0.853228,-0.075789,-0.008129,0.857116,-0.365323,0.418015,-0.050100,-0.906819,-0.020798,-0.150224,0.459304,-0.280489,0.491186,0.027385,-0.870538,0.012255,-0.053727,0.454700,-0.363116,0.434851,-0.028035,-0.899485,0.032326,-0.120367,0.052371,-0.276222,0.459664,0.038683,-0.887210,0.008385,-0.058195,0.048724,-0.322285,0.469253,0.007619,-0.883013,0.005571,-0.007261,1.015260,-0.272969,0.465486,-0.015002,-0.884767,-0.016912,-0.001499,1.199132,-0.269707,0.454785,0.003067,-0.890535,-0.010419,-0.001017,1.319104,-0.267146,0.454785,0.003067,-0.890535,-0.010419,-0.000415,1.469068,-0.263944,0.454785,0.003067,-0.890535,-0.010419,-0.001081,1.303108,-0.267487,0.486268,0.197840,-0.845578,-0.096959,-0.001081,1.303108,-0.267487,0.400479,-0.181331,-0.893040,0.096002,-0.100477,1.389305,-0.112254,0.419112,-0.076139,-0.904678,0.010283,0.109945,1.386959,-0.410906,0.438535,0.074394,-0.894304,-0.048718,-0.167507,1.112113,-0.117354,0.406968,0.037578,-0.803058,-0.433663,0.099086,1.108873,-0.476273,0.410562,-0.351913,-0.814854,-0.208829,-0.251717,0.971071,-0.287353,0.456520,-0.024659,-0.825567,-0.330788,-0.080067,0.957045,-0.503401,0.423610,-0.269038,-0.850605,-0.156985,0.000000,0.000000,0.000000,1.288411,-0.422716,2.139264,-3.120056,-1.403260,-132.087570,-124.953125,1.131439,186.524811,1.668095,-0.987279,-75.335823,3.019202,-2.513838,-130.512054,-5.705842,-10.373831,-169.413757,6.523751,-2.778625,-87.799599,1.002646,-3.321743,-193.041885,-5.125528,2.164459,76.819336,6.088487,-2.367449,-108.297958,1.019587,1.577735,143.914871,-7.277886,-5.346680,38.880444,11.916038,-0.842953,105.433899,-0.370913,1.509321,21.781815,1.262365,-2.276540,-90.199173,51.778248,-0.069427,-95.270332,75.067726,-0.434875,-62.907825,-6.457583,-0.077391,-34.216534,10.151044,0.675011,67.700478,53.374504,-3.090668,-336.636658,-72.003448,0.788116,204.211151,-13.141221,16.608047,1661.220947,7.524487,0.971985,280.256287,-0.087632,0.456259,53.294140,0.415068,0.222373,14.510101,0.784183,-0.632364,-65.255867,-0.782357,0.448740,52.633934,-0.312048,0.219664,14.318851,0.815554,-0.633305,-65.204285,-0.738486,0.449163,52.796551,-1.045822,0.217676,14.209747,0.813497,-0.628179,-64.450012,2.019440,-0.768900,-70.359489,-5.994467,0.265408,9.149204,2.084806,-0.275350,-57.122704,-5.895573,-0.922108,-40.764374,-5.115238,-0.788689,-73.285538,-0.601913,-0.696397,-65.808731,3.033805,-2.650499,-301.798920,-2.265476,0.147700,-9.672209,7.463532,-3.744698,-376.602539,5.590989,3.865385,476.535065,1,1
383,3971,-0.094356,0.939708,-0.332750,0.461943,-0.019081,-0.886425,-0.022270,-0.094356,0.939708,-0.332750,0.461943,-0.019081,-0.886425,-0.022270,-0.096817,0.859163,-0.238924,0.515176,-0.031167,-0.853215,-0.075142,-0.008356,0.857115,-0.365601,0.417007,-0.050157,-0.907289,-0.020414,-0.150469,0.459316,-0.280230,0.491359,0.027004,-0.870445,0.012767,-0.053868,0.454692,-0.363144,0.433822,-0.028204,-0.899966,0.032617,-0.120675,0.052383,-0.275454,0.459931,0.038368,-0.887082,0.008768,-0.058411,0.048743,-0.322040,0.468078,0.007506,-0.883636,0.005841,-0.007539,1.015317,-0.273346,0.465280,-0.015107,-0.884876,-0.016764,-0.001762,1.199189,-0.270122,0.454640,0.003024,-0.890608,-0.010532,-0.001259,1.319160,-0.267541,0.454640,0.003024,-0.890608,-0.010532,-0.000630,1.469124,-0.264314,0.454640,0.003024,-0.890608,-0.010532,-0.001326,1.303164,-0.267885,0.485920,0.197727,-0.845794,-0.097055,-0.001326,1.303164,-0.267885,0.400391,-0.181376,-0.893087,0.095845,-0.100805,1.389394,-0.112716,0.418718,-0.076553,-0.904831,0.009799,0.109726,1.387040,-0.411277,0.438615,0.074499,-0.894254,-0.048745,-0.168145,1.112284,-0.118000,0.406462,0.037111,-0.803156,-0.433996,0.098902,1.108958,-0.476677,0.410716,-0.351838,-0.814829,-0.208747,-0.252483,0.971385,-0.288053,0.456078,-0.025121,-0.825655,-0.331144,-0.080222,0.957088,-0.503759,0.423782,-0.268948,-0.850570,-0.156863,0.000000,0.000000,0.000000,1.253989,-2.024791,-94.239685,-3.118578,0.086911,87.657104,-124.983391,-1.780342,-171.281219,1.656780,-0.665602,18.922226,3.015303,-0.229387,134.379471,-5.800853,-5.588896,281.466766,6.509503,-0.838083,114.149536,1.006610,0.233173,209.112732,-5.131917,-0.375860,-149.430542,6.056534,-1.879552,28.699818,0.979838,-2.338209,-230.349670,-7.317091,-2.306181,178.852875,11.897040,-1.117482,-16.148777,-0.359720,0.658426,-50.052620,1.274921,0.738544,177.357834,51.773594,-0.273761,-12.019596,75.070251,0.148549,34.319073,-6.454995,0.152251,13.508351,10.156889,0.343828,-19.481356,53.362522,-0.704821,140.343903,-72.011986,-0.502194,-75.900597,-13.138309,0.171269,-966.869385,7.530251,0.339031,-37.232567,-0.097553,-0.583569,-61.166351,0.419717,0.273456,3.004858,0.772642,-0.678907,-2.737873,-0.792421,-0.592014,-61.220810,-0.307691,0.256282,2.154028,0.803897,-0.685674,-3.080529,-0.748545,-0.591706,-61.227562,-1.041755,0.239232,1.267991,0.801606,-0.699492,-4.194866,2.016421,-0.177580,34.783539,-5.990587,0.228209,-2.188171,2.075988,-0.518729,-14.316419,-5.868922,1.567700,146.459305,-5.119345,-0.241560,32.184032,-0.587233,0.863570,91.762733,3.018666,-0.890535,103.527283,-2.271850,-0.374934,-30.743210,7.464497,0.056716,223.612534,5.635609,2.624708,-72.980995,1,1
384,3975,-0.094410,0.939706,-0.332426,0.461853,-0.019056,-0.886470,-0.022336,-0.094410,0.939706,-0.332426,0.461853,-0.019056,-0.886470,-0.022336,-0.096892,0.859149,-0.238612,0.515297,-0.031131,-0.853145,-0.075123,-0.008405,0.857116,-0.365271,0.416508,-0.050106,-0.907519,-0.020461,-0.150516,0.459298,-0.279911,0.491495,0.027007,-0.870369,0.012712,-0.053895,0.454692,-0.362891,0.433298,-0.028220,-0.900223,0.032484,-0.120741,0.052364,-0.275180,0.460119,0.038418,-0.886983,0.008633,-0.058525,0.048735,-0.321879,0.467432,0.007527,-0.883979,0.005709,-0.007604,1.015306,-0.272994,0.465207,-0.015066,-0.884912,-0.016940,-0.001802,1.199175,-0.269684,0.454595,0.003094,-0.890626,-0.010930,-0.001271,1.319144,-0.267010,0.454595,0.003094,-0.890626,-0.010930,-0.000607,1.469106,-0.263668,0.454595,0.003094,-0.890626,-0.010930,-0.001342,1.303149,-0.267367,0.485820,0.197767,-0.845802,-0.097401,-0.001342,1.303149,-0.267367,0.400389,-0.181401,-0.893120,0.095492,-0.100806,1.389324,-0.112147,0.418698,-0.076622,-0.904837,0.009577,0.109756,1.387057,-0.410690,0.438540,0.074400,-0.894289,-0.048928,-0.168236,1.112227,-0.117525,0.406508,0.037018,-0.803120,-0.434026,0.098844,1.108991,-0.476161,0.410640,-0.351937,-0.814793,-0.208873,-0.252624,0.971339,-0.287563,0.456134,-0.025161,-0.825643,-0.331092,-0.080326,0.957181,-0.503281,0.423720,-0.269063,-0.850546,-0.156963,0.000000,0.000000,0.000000,1.262416,2.106577,1032.841919,-3.119403,-0.206172,-73.270760,-124.995117,-2.931595,-287.813293,1.654442,-0.584453,20.287052,3.011471,-0.957906,-182.129883,-5.852396,-12.885690,-1824.198486,6.497564,-2.984762,-536.669739,1.008000,0.347376,28.550625,-5.134270,-0.588179,-53.079685,6.047569,-2.241373,-90.455292,0.973771,-1.516595,205.403473,-7.343786,-6.673813,-1091.907959,11.888061,-2.244949,-281.866852,-0.354818,1.225479,141.763168,1.284207,2.321482,395.734528,51.770767,-0.706673,-108.228012,75.063927,-1.581192,-432.435211,-6.452731,0.565886,103.408798,10.159065,0.544071,50.060890,53.339649,-5.718231,-1253.352417,-72.008194,0.947952,362.536499,-13.138144,0.041246,-32.505569,7.541304,2.763271,606.060059,-0.104926,-1.843128,-314.889740,0.422311,0.648536,93.770050,0.762350,-2.573013,-473.526489,-0.799902,-1.870260,-319.561310,-0.305339,0.587963,82.920029,0.793531,-2.591565,-476.472717,-0.756001,-1.864076,-318.092468,-1.039642,0.528187,72.238640,0.791077,-2.632335,-483.210693,2.026094,2.418280,648.964905,-5.994873,-1.071334,-324.885651,2.069068,-1.729906,-302.794220,-5.871956,-0.758410,-581.527466,-5.110038,2.326608,642.041931,-0.584418,0.703767,-39.950668,3.007196,-2.867520,-494.246094,-2.279292,-1.860380,-371.361481,7.465907,0.352502,73.946571,5.627025,-2.146125,-1192.708252,1,1
385,3985,-0.094545,0.939681,-0.331993,0.461804,-0.018953,-0.886492,-0.022553,-0.094545,0.939681,-0.331993,0.461804,-0.018953,-0.886492,-0.022553,-0.097039,0.859079,-0.238217,0.515692,-0.030807,-0.852878,-0.075581,-0.008537,0.857105,-0.364866,0.415726,-0.050036,-0.907881,-0.020483,-0.150650,0.459271,-0.279941,0.491868,0.027329,-0.870155,0.012179,-0.053983,0.454676,-0.362566,0.432486,-0.028242,-0.900617,0.032367,-0.120854,0.052333,-0.275732,0.460608,0.038744,-0.886721,0.008070,-0.058715,0.048713,-0.321632,0.466384,0.007539,-0.884532,0.005649,-0.007744,1.015250,-0.272514,0.465176,-0.014942,-0.884924,-0.017225,-0.001931,1.199118,-0.269075,0.454594,0.003255,-0.890621,-0.011359,-0.001388,1.319084,-0.266291,0.454594,0.003255,-0.890621,-0.011359,-0.000708,1.469042,-0.262812,0.454594,0.003255,-0.890621,-0.011359,-0.001460,1.303089,-0.266663,0.485730,0.197854,-0.845790,-0.097773,-0.001460,1.303089,-0.266663,0.400428,-0.181364,-0.893148,0.095133,-0.100923,1.389201,-0.111388,0.418592,-0.076698,-0.904881,0.009406,0.109654,1.387043,-0.409928,0.438576,0.074365,-0.894272,-0.048973,-0.168432,1.112113,-0.116843,0.406521,0.036914,-0.803164,-0.433942,0.098709,1.108974,-0.475412,0.410637,-0.351992,-0.814794,-0.208781,-0.252845,0.971188,-0.286838,0.456128,-0.025175,-0.825715,-0.330921,-0.080465,0.957162,-0.502487,0.423742,-0.269117,-0.850542,-0.156834,0.000000,0.000000,0.000000,1.290032,2.761674,65.509674,-3.120376,-0.097275,10.889769,-125.002022,-0.690460,224.113480,1.638857,-1.558471,-97.401741,3.021246,0.977492,193.539856,-5.946022,-9.362602,352.308746,6.483395,-1.416922,156.784058,1.004883,-0.311697,-65.907242,-5.132734,0.153637,74.181557,6.064318,1.674891,391.626373,1.001789,2.801740,431.833557,-7.406196,-6.240988,43.282509,11.882823,-0.523758,172.119141,-0.354480,0.033727,-119.175156,1.287763,0.355649,-196.583282,51.763874,-0.689316,1.735687,75.055969,-0.795746,78.544617,-6.450693,0.203848,-36.203861,10.163174,0.410843,-13.322830,53.308311,-3.133774,258.445740,-72.007187,0.100708,-84.724426,-13.132858,0.528622,48.737526,7.555760,1.445675,-131.759644,-0.110672,-0.574607,126.852158,0.425038,0.272721,-37.581474,0.756401,-0.594932,197.808136,-0.805727,-0.582510,128.774933,-0.302772,0.256652,-33.131092,0.787514,-0.601709,198.985626,-0.761829,-0.582743,128.133301,-1.037236,0.240636,-28.755070,0.784922,-0.615448,201.688690,2.040231,1.413703,-100.457664,-6.000000,-0.512743,55.859089,2.057516,-1.155233,57.467224,-5.870932,0.102425,86.083412,-5.096893,1.314545,-101.206306,-0.575636,0.878197,17.442995,2.980108,-2.708817,15.870333,-2.291872,-1.258016,60.236458,7.473732,0.782537,43.003559,5.615433,-1.159191,98.693375,1,1
386,3993,-0.094216,0.939700,-0.331759,0.462712,-0.019755,-0.885984,-0.023247,-0.094216,0.939700,-0.331759,0.462712,-0.019755,-0.885984,-0.023247,-0.096679,0.859051,-0.238022,0.516255,-0.031141,-0.852483,-0.076050,-0.008446,0.856967,-0.364857,0.415170,-0.050195,-0.908129,-0.020379,-0.150753,0.459313,-0.279899,0.492312,0.027450,-0.869900,0.012256,-0.053974,0.454549,-0.362455,0.431919,-0.028471,-0.900881,0.032390,-0.120837,0.052384,-0.275703,0.460783,0.038711,-0.886628,0.008471,-0.058896,0.048597,-0.321423,0.465452,0.007620,-0.885022,0.005755,-0.007138,1.015059,-0.272421,0.465920,-0.015399,-0.884511,-0.017948,-0.001108,1.198915,-0.268790,0.454994,0.003454,-0.890405,-0.012146,-0.000520,1.318877,-0.265818,0.454994,0.003454,-0.890405,-0.012146,0.000215,1.468829,-0.262102,0.454994,0.003454,-0.890405,-0.012146,-0.000598,1.302882,-0.266214,0.485831,0.197943,-0.845614,-0.098606,-0.000598,1.302882,-0.266214,0.400975,-0.181372,-0.892962,0.094562,-0.099991,1.388857,-0.110796,0.418338,-0.076698,-0.905002,0.009042,0.110476,1.386882,-0.409450,0.438620,0.074276,-0.894267,-0.048805,-0.167585,1.111779,-0.116450,0.406530,0.036629,-0.803238,-0.433821,0.099576,1.108832,-0.474866,0.409792,-0.352037,-0.814978,-0.209647,-0.252080,0.970801,-0.286360,0.455940,-0.025039,-0.825832,-0.330896,-0.079693,0.957219,-0.502427,0.422712,-0.269435,-0.850724,-0.158077,0.000000,0.000000,0.000000,1.314898,3.108233,43.319912,-3.239950,-14.946789,-1856.189209,-124.884819,14.650345,1917.600586,1.534152,-13.088197,-1441.215698,2.988630,-4.076987,-631.809937,-6.134056,-23.504316,-1767.714233,6.472390,-1.375675,5.155802,0.983937,-2.618276,-288.322388,-5.157837,-3.137946,-411.447876,6.015080,-6.154716,-978.700806,1.042432,5.080372,284.828949,-7.371554,4.330218,1321.400635,11.962967,10.017991,1317.718628,-0.378990,-3.063738,-387.183197,1.253602,-4.270166,-578.226929,51.841301,9.678364,1295.959961,74.988785,-8.398056,-950.288757,-6.452734,-0.255167,-57.376923,10.103925,-7.406116,-977.119812,53.248795,-7.439613,-538.229919,-72.019463,-1.534462,-204.396240,-13.078959,6.737351,776.091248,7.571538,1.972258,65.822899,-0.146713,-4.505183,-491.322021,0.404391,-2.580840,-356.695160,0.771759,1.919813,314.343140,-0.841388,-4.457571,-484.382538,-0.323668,-2.612006,-358.582184,0.802971,1.932159,316.733490,-0.797289,-4.432507,-481.220551,-1.058409,-2.646625,-360.907623,0.800010,1.885943,312.673859,2.068995,3.595501,272.724792,-6.000000,0.000000,64.092873,2.046077,-1.429826,-34.324081,-5.854506,2.053201,243.847076,-5.069350,3.442824,266.034912,-0.587619,-1.497865,-297.007721,2.889892,-11.276931,-1071.014282,-2.307151,-1.909912,-81.487000,7.512882,4.893780,513.905273,5.584914,-3.814816,-331.953156,1,1
387,4008,-0.094484,0.939666,-0.330535,0.462942,-0.019841,-0.885858,-0.023384,-0.094484,0.939666,-0.330535,0.462942,-0.019841,-0.885858,-0.023384,-0.096920,0.859001,-0.236812,0.516257,-0.031135,-0.852511,-0.075719,-0.008754,0.856915,-0.363693,0.415228,-0.049802,-0.908112,-0.020921,-0.150848,0.459224,-0.278460,0.492388,0.027279,-0.869861,0.012325,-0.054176,0.454482,-0.361819,0.431962,-0.028057,-0.900891,0.031878,-0.121024,0.052288,-0.274150,0.460733,0.037124,-0.886719,0.008687,-0.058972,0.048477,-0.321309,0.465043,0.007743,-0.885237,0.005559,-0.007353,1.014991,-0.271229,0.465888,-0.015526,-0.884523,-0.018053,-0.001261,1.198845,-0.267597,0.454437,0.003235,-0.890690,-0.012165,-0.000626,1.318807,-0.264644,0.454437,0.003235,-0.890690,-0.012165,0.000168,1.468759,-0.260952,0.454437,0.003235,-0.890690,-0.012165,-0.000710,1.302812,-0.265038,0.485478,0.197898,-0.845839,-0.098511,-0.000710,1.302812,-0.265038,0.400404,-0.181883,-0.893113,0.094572,-0.100182,1.388791,-0.109689,0.418264,-0.076587,-0.905046,0.009054,0.110659,1.386568,-0.408139,0.437612,0.073420,-0.894859,-0.048305,-0.167721,1.111700,-0.115358,0.406701,0.036558,-0.803181,-0.433773,0.099507,1.108462,-0.473096,0.409687,-0.352262,-0.814837,-0.210020,-0.252270,0.970699,-0.285222,0.456028,-0.024990,-0.825751,-0.330982,-0.079879,0.957007,-0.500760,0.422769,-0.269432,-0.850721,-0.157947,0.000000,0.000000,0.000000,1.323484,0.572387,-169.056381,-3.256341,-1.092688,923.606689,-124.855202,1.974487,-845.057190,1.547488,0.889071,931.817810,2.915356,-4.884911,-53.861557,-6.154791,-1.382351,1474.797607,6.475292,0.193469,104.609596,0.965916,-1.201379,94.459755,-5.108783,3.270276,427.214813,5.961051,-3.601933,170.185562,1.033308,-0.608261,-379.242218,-7.338698,2.190431,-142.652451,11.926535,-2.428818,-829.787231,-0.307924,4.737775,520.100891,1.100968,-10.175617,-393.696716,51.821255,-1.336416,-734.318604,75.160995,11.480713,1325.251343,-6.452002,0.048828,20.266375,10.171951,4.535103,796.081238,53.243347,-0.363159,471.763611,-72.010887,0.571696,140.410538,-13.058273,1.379077,-357.218323,7.561999,-0.635942,-173.879990,-0.141706,0.333797,322.598633,0.370277,-2.274259,20.438751,0.772755,0.066380,-123.562248,-0.835907,0.365392,321.530853,-0.357692,-2.268215,22.919401,0.804508,0.102433,-121.981766,-0.791332,0.397090,321.973145,-1.092325,-2.261106,25.701269,0.802138,0.141895,-116.269890,2.100106,2.074035,-101.431084,-6.000000,0.000000,0.000000,2.057750,0.778198,147.201614,-5.880145,-1.709270,-250.831451,-5.037108,2.149455,-86.224602,-0.615642,-1.868236,-24.691423,2.871453,-1.229286,669.842957,-2.295483,0.777896,179.187195,7.495277,-1.173655,-404.495636,5.567267,-1.176453,175.890915,1,1
388,4014,-0.094417,0.939533,-0.330678,0.462903,-0.019894,-0.885876,-0.023436,-0.094417,0.939533,-0.330678,0.462903,-0.019894,-0.885876,-0.023436,-0.096873,0.858865,-0.236958,0.516218,-0.030869,-0.852514,-0.076061,-0.008696,0.856771,-0.363832,0.414761,-0.049928,-0.908322,-0.020777,-0.150755,0.459120,-0.278953,0.492367,0.027404,-0.869876,0.011798,-0.054163,0.454345,-0.361833,0.431492,-0.028233,-0.901108,0.031979,-0.121054,0.052172,-0.275066,0.460182,0.037265,-0.887013,0.007193,-0.059078,0.048354,-0.321187,0.464407,0.007508,-0.885572,0.005740,-0.007281,1.014843,-0.271362,0.465918,-0.015564,-0.884506,-0.018093,-0.001173,1.198696,-0.267724,0.454606,0.003231,-0.890603,-0.012185,-0.000534,1.318658,-0.264767,0.454606,0.003231,-0.890603,-0.012185,0.000264,1.468611,-0.261070,0.454606,0.003231,-0.890603,-0.012185,-0.000619,1.302663,-0.265161,0.485633,0.197899,-0.845742,-0.098577,-0.000619,1.302663,-0.265161,0.400565,-0.182006,-0.893006,0.094668,-0.100048,1.388628,-0.109778,0.418332,-0.076495,-0.905021,0.009117,0.110731,1.386312,-0.408307,0.437632,0.072876,-0.894895,-0.048269,-0.167527,1.111521,-0.115431,0.406785,0.036611,-0.803180,-0.433690,0.099314,1.108204,-0.473107,0.409534,-0.353051,-0.814516,-0.210236,-0.252058,0.970485,-0.285274,0.456073,-0.024876,-0.825764,-0.330898,-0.080343,0.957056,-0.500696,0.422352,-0.269992,-0.850583,-0.158846,0.000000,0.000000,0.000000,1.326021,0.422796,-24.931961,-3.264458,-1.352867,-43.363052,-124.860283,-0.846863,-470.225006,1.534244,-2.207299,-516.061584,2.931266,2.651532,1256.073853,-6.209244,-9.075482,-1282.188599,6.468984,-1.051267,-207.455948,0.961854,-0.676960,87.403259,-5.097682,1.850128,-236.691360,5.976696,2.607505,1034.906250,1.079305,7.666231,1379.082031,-7.343839,-0.856797,-507.871307,11.901668,-4.144510,-285.948669,-0.217742,15.030282,1715.417847,1.154229,8.876960,3175.429688,51.872627,8.562088,1649.750488,75.155838,-0.859578,-2056.715088,-6.520049,-11.341174,-1898.333618,10.111400,-10.091941,-2437.840576,53.239372,-0.662486,-49.887768,-72.015373,-0.747681,-219.896118,-13.051435,1.139641,-39.905964,7.564722,0.453711,181.608719,-0.142433,-0.121166,-75.827209,0.379186,1.484767,626.504272,0.774850,0.349214,47.138996,-0.836740,-0.138849,-84.040222,-0.348765,1.487851,626.011047,0.806469,0.326842,37.401581,-0.792303,-0.161697,-93.131264,-1.083385,1.489997,625.183838,0.803958,0.303328,26.905539,2.118820,3.118952,174.152847,-6.000000,0.000000,0.000000,2.060372,0.436902,-56.882702,-5.880390,-0.040849,278.070221,-5.017364,3.290733,190.212967,-0.627185,-1.923829,-9.265562,2.889699,3.041029,711.719177,-2.293923,0.259876,-86.336662,7.502958,1.280069,408.954071,5.555898,-1.894871,-119.736450,1,1
389,4022,-0.095863,0.939504,-0.330534,0.462942,-0.019824,-0.885859,-0.023343,-0.095863,0.939504,-0.330534,0.462942,-0.019824,-0.885859,-0.023343,-0.098294,0.858845,-0.236806,0.516539,-0.031020,-0.852332,-0.075869,-0.010127,0.856757,-0.363687,0.414295,-0.049260,-0.908575,-0.020607,-0.152216,0.459083,-0.278584,0.492723,0.027255,-0.869678,0.011920,-0.055054,0.454265,-0.361815,0.431085,-0.027465,-0.901307,0.032507,-0.122567,0.052132,-0.274565,0.460403,0.037014,-0.886910,0.006984,-0.059241,0.048279,-0.321051,0.463798,0.007995,-0.885884,0.006026,-0.008738,1.014838,-0.271232,0.465960,-0.015499,-0.884486,-0.018030,-0.002658,1.198692,-0.267598,0.454652,0.003288,-0.890580,-0.012186,-0.002031,1.318654,-0.264635,0.454652,0.003288,-0.890580,-0.012186,-0.001247,1.468606,-0.260931,0.454652,0.003288,-0.890580,-0.012186,-0.002114,1.302659,-0.265030,0.485648,0.197918,-0.845728,-0.098580,-0.002114,1.302659,-0.265030,0.400610,-0.181958,-0.892994,0.094681,-0.101542,1.388624,-0.109642,0.418332,-0.076541,-0.905018,0.009095,0.109216,1.386319,-0.408183,0.437662,0.072934,-0.894880,-0.048189,-0.169049,1.111527,-0.115296,0.406746,0.036511,-0.803185,-0.433727,0.097843,1.108203,-0.472953,0.409573,-0.353158,-0.814496,-0.210062,-0.253615,0.970506,-0.285134,0.456036,-0.024967,-0.825759,-0.330953,-0.081826,0.957051,-0.500447,0.422271,-0.269878,-0.850647,-0.158912,0.000000,0.000000,0.000000,1.320118,-0.737906,-145.087646,-3.252474,1.497924,356.348877,-124.855179,0.638008,185.608856,1.493611,-5.079091,-358.973938,2.874621,-7.080615,-1216.518433,-6.271298,-7.756770,164.839096,6.509843,5.107343,769.826294,1.004286,5.304016,747.622009,-5.084404,1.659870,-23.782253,5.976699,0.000358,-325.893372,1.049708,-3.699660,-1420.736328,-7.378805,-4.370809,-439.251465,11.894464,-0.900507,405.500366,-0.179454,4.785944,-1280.542236,1.160706,0.809595,-1008.420593,51.882820,1.274109,-910.997375,75.148186,-0.956535,-12.119614,-6.558620,-4.821479,814.961853,10.096296,-1.887918,1025.502930,53.240761,0.173569,104.506813,-72.019699,-0.540733,25.868416,-13.049315,0.265002,-109.329819,7.563794,-0.115931,-71.205200,-0.143549,-0.139480,-2.289268,0.379647,0.057600,-178.395782,0.771502,-0.418536,-95.968750,-0.837884,-0.142969,-0.515021,-0.348368,0.049617,-179.779251,0.803108,-0.420131,-93.371605,-0.793431,-0.141054,2.580384,-1.083050,0.041887,-181.013718,0.800572,-0.423312,-90.830025,2.120478,0.207335,-363.952148,-6.000000,0.000000,0.000000,2.056836,-0.441968,-109.858810,-5.876071,0.539899,72.593491,-5.015881,0.185430,-388.162811,-0.627544,-0.044852,234.872116,2.880644,-1.131862,-521.611450,-2.297107,-0.397891,-82.220879,7.503314,0.044584,-154.435638,5.562484,0.823200,339.758881,1,1
390,4033,-0.095339,0.939644,-0.329868,0.462872,-0.020115,-0.885877,-0.023811,-0.095339,0.939644,-0.329868,0.462872,-0.020115,-0.885877,-0.023811,-0.097860,0.858935,-0.236185,0.516490,-0.030871,-0.852344,-0.076122,-0.009677,0.856834,-0.363055,0.413329,-0.049656,-0.908966,-0.021763,-0.151799,0.459186,-0.278218,0.492347,0.028185,-0.869849,0.012790,-0.055309,0.454401,-0.361962,0.430571,-0.027318,-0.901545,0.032859,-0.121146,0.052311,-0.273941,0.460135,0.037622,-0.887012,0.008357,-0.059291,0.048433,-0.320991,0.463429,0.007692,-0.886079,0.006175,-0.008151,1.014862,-0.270512,0.465909,-0.015692,-0.884502,-0.018386,-0.001975,1.198712,-0.266807,0.454635,0.003278,-0.890586,-0.012313,-0.001332,1.318673,-0.263818,0.454635,0.003278,-0.890586,-0.012313,-0.000529,1.468624,-0.260081,0.454635,0.003278,-0.890586,-0.012313,-0.001418,1.302678,-0.264216,0.485607,0.197908,-0.845741,-0.098696,-0.001418,1.302678,-0.264216,0.400636,-0.181965,-0.892995,0.094544,-0.100848,1.388631,-0.108820,0.418254,-0.076557,-0.905053,0.009052,0.109932,1.386366,-0.407342,0.437583,0.073028,-0.894909,-0.048225,-0.168371,1.111535,-0.114500,0.406695,0.036527,-0.803225,-0.433699,0.098596,1.108257,-0.472150,0.409612,-0.353394,-0.814406,-0.209934,-0.252915,0.970503,-0.284340,0.455961,-0.024905,-0.825814,-0.330924,-0.081131,0.957155,-0.499534,0.422141,-0.269757,-0.850712,-0.159111,0.000000,0.000000,0.000000,1.352639,3.252148,399.005402,-3.306751,-5.427623,-692.554749,-124.864746,-0.956726,-159.473419,1.571102,7.749093,1282.818481,2.836625,-3.799606,328.100891,-6.383983,-11.268425,-351.165527,6.691671,18.182850,1307.550537,1.049137,4.485106,-81.890968,-5.051037,3.336668,167.679779,5.933452,-4.324722,-432.507996,1.080972,3.126442,682.610229,-7.383886,-0.508118,386.269104,12.050287,15.582370,1648.287476,-0.209822,-3.036751,-782.269470,1.096545,-6.416154,-722.574890,51.904892,2.207184,93.307495,75.135048,-1.313782,-35.724640,-6.617972,-5.935144,-111.366516,10.079264,-1.703262,18.465519,53.233063,-0.769806,-94.337463,-72.019875,-0.017548,52.318573,-13.043630,0.568581,30.357838,7.567663,0.386858,50.278904,-0.147098,-0.354895,-21.541454,0.381762,0.211555,15.395433,0.788111,1.660943,207.947952,-0.841347,-0.346345,-20.337551,-0.346056,0.231129,18.151180,0.819664,1.655650,207.578079,-0.797024,-0.359249,-21.819471,-1.080561,0.248981,20.709335,0.817025,1.645327,206.863892,2.118889,-0.158978,-36.631226,-5.998150,0.184965,18.496513,2.055747,-0.108910,33.305885,-5.876194,-0.012302,-55.220131,-5.017663,-0.178289,-36.371944,-0.630287,-0.274307,-22.945404,2.865174,-1.546979,-41.511654,-2.298877,-0.177097,22.079350,7.508183,0.486851,44.226646,5.554896,-0.758743,-158.194305,1,1
391,4043,-0.095011,0.939637,-0.329198,0.463656,-0.020717,-0.885406,-0.025491,-0.095011,0.939637,-0.329198,0.463656,-0.020717,-0.885406,-0.025491,-0.097576,0.858703,-0.235710,0.516146,-0.031403,-0.852504,-0.076450,-0.009625,0.856687,-0.362742,0.413070,-0.049768,-0.909069,-0.022148,-0.152007,0.459017,-0.277773,0.491924,0.027953,-0.870093,0.012980,-0.055477,0.454273,-0.361912,0.430467,-0.027235,-0.901591,0.033002,-0.121448,0.052138,-0.273249,0.460872,0.034595,-0.886744,0.009271,-0.059353,0.048311,-0.320865,0.462922,0.007436,-0.886348,0.005925,-0.007522,1.014481,-0.269812,0.466476,-0.016824,-0.884159,-0.019500,-0.000742,1.198310,-0.266100,0.454800,0.001073,-0.890509,-0.012230,0.000364,1.318274,-0.263369,0.454800,0.001073,-0.890509,-0.012230,0.001746,1.468229,-0.259955,0.454800,0.001073,-0.890509,-0.012230,0.000216,1.302279,-0.263733,0.485962,0.196392,-0.845857,-0.098985,0.000216,1.302279,-0.263733,0.400948,-0.183112,-0.892659,0.094186,-0.098883,1.388515,-0.108386,0.418320,-0.076648,-0.905014,0.009070,0.111769,1.385979,-0.406907,0.437292,0.073885,-0.894897,-0.049762,-0.166452,1.111421,-0.114028,0.406790,0.036572,-0.803195,-0.433662,0.100503,1.108020,-0.472724,0.409388,-0.353525,-0.814490,-0.209825,-0.250993,0.970373,-0.283856,0.456029,-0.024850,-0.825769,-0.330946,-0.079240,0.956933,-0.500090,0.421841,-0.271698,-0.850071,-0.160032,0.000000,0.000000,0.000000,1.488486,12.349735,827.053345,-3.458472,-13.792883,-760.478149,-124.765991,8.977716,903.131104,1.419905,-13.745221,-1954.028564,2.845503,0.807134,418.794464,-6.523712,-12.702682,-130.386963,6.755489,5.801591,-1125.568970,1.106435,5.208904,65.799751,-5.036495,1.321966,-183.154724,5.788573,-13.170762,-804.185486,1.030506,-4.587845,-701.298889,-7.229794,14.008435,1319.686646,12.117118,6.075512,-864.259705,-0.106798,9.365795,1127.504150,0.776148,-29.126930,-2064.616211,51.892628,-1.114932,-302.010529,74.965767,-15.389182,-1279.581909,-6.470724,13.386206,1756.486328,9.873925,-18.667133,-1542.170044,53.230331,-0.248302,47.409435,-72.005180,1.335838,123.035027,-13.039179,0.404618,-14.905694,7.560586,-0.643297,-93.650421,-0.063049,7.640828,726.883911,0.349917,-2.894984,-282.412628,0.817569,2.677961,92.456169,-0.756662,7.698704,731.368103,-0.376274,-2.747105,-270.748535,0.850074,2.764539,100.808105,-0.712088,7.721402,734.604675,-1.109112,-2.595576,-258.596069,0.849425,2.945499,118.197510,1.985000,-12.171670,-1092.062988,-5.991285,0.624093,39.920727,2.136241,7.317651,675.141907,-5.908695,-2.954613,-267.482788,-5.150003,-12.030905,-1077.510498,-0.659740,-2.677560,-218.477585,2.876892,1.065276,237.477722,-2.225548,6.666314,622.128296,7.540623,2.949108,223.841553,5.462130,-8.433342,-697.690796,1,1
392,4057,-0.095266,0.939487,-0.329068,0.463800,-0.020709,-0.885329,-0.025558,-0.095266,0.939487,-0.329068,0.463800,-0.020709,-0.885329,-0.025558,-0.097804,0.858540,-0.235591,0.516347,-0.031455,-0.852398,-0.076248,-0.009894,0.856538,-0.362651,0.412646,-0.049621,-0.909274,-0.021929,-0.152193,0.458835,-0.277475,0.492231,0.027675,-0.869930,0.012813,-0.055561,0.454105,-0.361730,0.429967,-0.027218,-0.901832,0.032975,-0.121894,0.051936,-0.272972,0.461343,0.034180,-0.886530,0.007631,-0.059461,0.048142,-0.320708,0.462322,0.007521,-0.886662,0.005711,-0.007754,1.014319,-0.269700,0.466568,-0.016734,-0.884111,-0.019564,-0.001007,1.198148,-0.265946,0.454785,0.001319,-0.890515,-0.012290,0.000052,1.318111,-0.263175,0.454785,0.001319,-0.890515,-0.012290,0.001377,1.468065,-0.259712,0.454785,0.001319,-0.890515,-0.012290,-0.000089,1.302116,-0.263545,0.485960,0.196584,-0.845811,-0.098999,-0.000089,1.302116,-0.263545,0.400948,-0.182985,-0.892686,0.094172,-0.099210,1.388303,-0.108174,0.418367,-0.076549,-0.905001,0.009120,0.111469,1.385817,-0.406687,0.437095,0.073650,-0.895006,-0.049869,-0.166717,1.111206,-0.113807,0.406792,0.036425,-0.803187,-0.433686,0.100098,1.107890,-0.472524,0.408884,-0.353619,-0.814508,-0.210582,-0.251317,0.970166,-0.283613,0.456067,-0.025050,-0.825732,-0.330972,-0.079755,0.957000,-0.500249,0.421435,-0.271699,-0.850207,-0.160375,0.000000,0.000000,0.000000,1.495160,0.476709,-848.073303,-3.461393,-0.208650,970.302307,-124.747559,1.316615,-547.221497,1.386100,-2.414601,809.330017,2.844877,-0.044755,-60.849155,-6.595976,-5.161728,538.639526,6.723983,-2.250433,-575.144592,1.125749,1.379575,-273.523499,-5.052474,-1.141344,-175.950699,5.763351,-1.801559,812.085938,1.011668,-1.345558,231.591949,-7.235061,-0.376259,-1027.478149,12.067677,-3.531456,-686.211975,0.046485,10.948809,113.072395,0.841602,4.675235,2414.440186,51.928036,2.529144,260.291168,74.950798,-1.069205,1022.855469,-6.465025,0.407049,-927.082642,9.922629,3.478868,1581.857300,53.237206,0.491006,52.807728,-72.023087,-1.279014,-186.775070,-13.045321,-0.438690,-60.236301,7.557115,-0.247955,28.238667,-0.071202,-0.582391,-587.372742,0.343504,-0.458079,174.064667,0.822173,0.328852,-167.793503,-0.764693,-0.573665,-590.883484,-0.382744,-0.462094,163.215088,0.854712,0.331274,-173.804657,-0.720051,-0.568799,-592.157227,-1.115644,-0.466594,152.070175,0.853991,0.326093,-187.100464,1.999633,1.045210,944.062866,-5.989427,0.132731,-35.097294,2.129266,-0.498244,-558.278198,-5.911479,-0.198841,196.840851,-5.133986,1.144069,941.069519,-0.674600,-1.061414,115.438988,2.903071,1.869917,57.474358,-2.232437,-0.492096,-511.314972,7.537816,-0.200510,-224.972702,5.460209,-0.137193,592.582092,1,1
393,4077,-0.095345,0.939590,-0.329137,0.463744,-0.020687,-0.885362,-0.025446,-0.095345,0.939590,-0.329137,0.463744,-0.020687,-0.885362,-0.025446,-0.097883,0.858660,-0.235645,0.516267,-0.031385,-0.852484,-0.075861,-0.009957,0.856646,-0.362694,0.412512,-0.049606,-0.909338,-0.021849,-0.152062,0.458898,-0.277302,0.492078,0.027919,-0.870000,0.013447,-0.055586,0.454210,-0.361725,0.429819,-0.027232,-0.901901,0.033010,-0.121338,0.052036,-0.272440,0.461168,0.034500,-0.886601,0.008518,-0.059492,0.048250,-0.320673,0.462159,0.007510,-0.886747,0.005739,-0.007851,1.014445,-0.269772,0.466514,-0.016717,-0.884141,-0.019480,-0.001121,1.198275,-0.266037,0.454736,0.001331,-0.890541,-0.012263,-0.000067,1.318238,-0.263270,0.454736,0.001331,-0.890541,-0.012263,0.001250,1.468193,-0.259812,0.454736,0.001331,-0.890541,-0.012263,-0.000208,1.302243,-0.263639,0.485897,0.196608,-0.845845,-0.098971,-0.000208,1.302243,-0.263639,0.400921,-0.182982,-0.892698,0.094182,-0.099359,1.388422,-0.108286,0.418274,-0.076519,-0.905047,0.009086,0.111348,1.385944,-0.406783,0.437135,0.073657,-0.894987,-0.049853,-0.166855,1.111324,-0.113955,0.406703,0.036506,-0.803214,-0.433714,0.099981,1.108016,-0.472611,0.408918,-0.353624,-0.814491,-0.210571,-0.251412,0.970298,-0.283794,0.455972,-0.024966,-0.825772,-0.331008,-0.079873,0.957125,-0.500324,0.421489,-0.271695,-0.850192,-0.160320,0.000000,0.000000,0.000000,1.485103,-0.502878,-48.979393,-3.453154,0.411952,31.030094,-124.754578,-0.350952,-83.378380,1.389923,0.191146,130.287369,2.844015,-0.043058,0.084809,-6.605255,-0.463915,234.890656,6.717907,-0.303793,97.332001,1.126990,0.062031,-65.877220,-5.053021,-0.026067,53.108418,5.732024,-1.491774,14.751673,1.004853,-0.324516,48.621040,-7.228535,0.310762,32.715248,12.101259,1.599130,244.313614,0.017668,-1.372257,-586.717407,0.833169,-0.401548,-241.751587,51.930061,0.096457,-115.842239,74.951340,0.025795,52.142845,-6.463098,0.091780,-15.012801,9.928232,0.266802,-152.955521,53.238537,0.063397,-20.362352,-72.023308,-0.010536,60.403698,-13.044040,0.060990,23.794283,7.557731,0.029314,13.203306,-0.072389,-0.056487,25.043039,0.343920,0.019816,22.756878,0.819093,-0.146667,-22.643751,-0.765903,-0.057641,24.572592,-0.382386,0.017024,22.815130,0.851619,-0.147292,-22.788843,-0.721246,-0.056903,24.376001,-1.115344,0.014316,22.900484,0.850871,-0.148569,-22.602932,1.999672,0.001868,-49.682972,-5.985871,0.169345,1.743537,2.130709,0.068710,26.997797,-5.908697,0.132470,15.776713,-5.134144,-0.007493,-54.836273,-0.670650,0.188098,59.500576,2.903563,0.023399,-87.929420,-2.230910,0.072752,26.897507,7.539213,0.066507,12.715117,5.463328,0.148546,13.606620,1,1
394,4085,-0.095219,0.939520,-0.328835,0.463966,-0.020737,-0.885231,-0.025908,-0.095219,0.939520,-0.328835,0.463966,-0.020737,-0.885231,-0.025908,-0.097752,0.858517,-0.235406,0.516442,-0.031490,-0.852350,-0.076129,-0.009891,0.856559,-0.362500,0.412314,-0.049617,-0.909426,-0.021894,-0.152125,0.458795,-0.277191,0.492257,0.027846,-0.869904,0.013197,-0.055541,0.454126,-0.361571,0.429598,-0.027290,-0.902009,0.032878,-0.121550,0.051920,-0.272484,0.461408,0.034265,-0.886493,0.007686,-0.059548,0.048159,-0.320595,0.461837,0.007501,-0.886915,0.005673,-0.007658,1.014283,-0.269454,0.466668,-0.016636,-0.884040,-0.020439,-0.000764,1.198098,-0.265289,0.454721,0.001645,-0.890518,-0.014239,0.000438,1.318049,-0.262066,0.454721,0.001645,-0.890518,-0.014239,0.001941,1.467987,-0.258038,0.454721,0.001645,-0.890518,-0.014239,0.000278,1.302055,-0.262496,0.485248,0.196664,-0.845989,-0.100798,0.000278,1.302055,-0.262496,0.401154,-0.183442,-0.892659,0.092655,-0.098813,1.387985,-0.106913,0.417990,-0.077361,-0.905124,0.007142,0.112118,1.385674,-0.405339,0.436244,0.072533,-0.895531,-0.049539,-0.167126,1.111140,-0.113490,0.404185,0.036469,-0.803424,-0.435677,0.100314,1.107685,-0.470742,0.408698,-0.353819,-0.814430,-0.210908,-0.251537,0.970971,-0.284110,0.454490,-0.026252,-0.826185,-0.331916,-0.079638,0.956933,-0.498577,0.421406,-0.271540,-0.850316,-0.160141,0.000000,0.000000,0.000000,1.528639,6.219558,960.348022,-3.483151,-4.285267,-671.031250,-124.726700,3.982544,619.070862,1.347995,-5.989739,-882.983582,2.859180,2.166407,315.637970,-6.661191,-7.990837,-1075.274658,6.706942,-1.566410,-180.373871,1.119004,-1.140884,-171.844940,-5.053399,-0.053883,-3.973643,5.715137,-2.412524,-131.535675,0.988799,-2.293519,-281.286072,-7.221982,0.936236,89.353447,12.105219,0.565665,-147.637863,0.084069,9.485919,1551.167847,0.848851,2.240241,377.398376,51.866257,-9.114946,-1315.914917,75.112312,22.996084,3281.469971,-6.477293,-2.027852,-302.804596,10.002531,10.614122,1478.188599,53.274021,5.069188,715.112976,-72.145821,-17.501831,-2498.756348,-13.245541,-28.785841,-4120.975586,7.630618,10.412489,1483.310669,-0.112091,-5.671847,-802.194397,0.337266,-0.950600,-138.630875,0.775359,-6.247665,-871.571228,-0.805753,-5.692797,-805.022400,-0.390190,-1.114773,-161.685318,0.807677,-6.277416,-875.732056,-0.760666,-5.631353,-796.350098,-1.124281,-1.276834,-184.450027,0.806235,-6.376488,-889.702698,2.092163,13.212988,1887.302979,-6.000000,-2.018452,-312.542450,2.090165,-5.791903,-837.230408,-5.874607,4.869938,676.781128,-5.043546,12.942587,1850.011475,-0.699478,-4.118366,-615.209106,2.741407,-23.165125,-3312.646240,-2.269025,-5.445106,-788.265259,7.544296,0.726155,94.235352,5.510003,6.667750,931.314880,1,1
395,4090,-0.095179,0.939444,-0.328987,0.463109,-0.021290,-0.885675,-0.025608,-0.095179,0.939444,-0.328987,0.463109,-0.021290,-0.885675,-0.025608,-0.097947,0.858546,-0.235473,0.516361,-0.031430,-0.852407,-0.076067,-0.009847,0.856384,-0.362399,0.411980,-0.049627,-0.909576,-0.021917,-0.152246,0.458815,-0.277245,0.492208,0.027796,-0.869935,0.013119,-0.055512,0.453954,-0.361500,0.429259,-0.027332,-0.902171,0.032830,-0.121739,0.051934,-0.272571,0.462516,0.032770,-0.885967,0.008184,-0.059585,0.047985,-0.320545,0.461658,0.007595,-0.887008,0.005599,-0.007675,1.014209,-0.269523,0.466027,-0.017179,-0.884374,-0.020154,-0.000658,1.198023,-0.265536,0.454512,0.001138,-0.890630,-0.013977,0.000624,1.317976,-0.262424,0.454512,0.001138,-0.890630,-0.013977,0.002225,1.467917,-0.258534,0.454512,0.001138,-0.890630,-0.013977,0.000453,1.301982,-0.262839,0.485214,0.196256,-0.846136,-0.100525,0.000453,1.301982,-0.262839,0.400925,-0.183868,-0.892655,0.092839,-0.098606,1.388077,-0.107338,0.418058,-0.077632,-0.905067,0.007409,0.112389,1.385460,-0.405709,0.436163,0.072352,-0.895597,-0.049321,-0.166992,1.111256,-0.113712,0.404060,0.036504,-0.803406,-0.435824,0.100551,1.107448,-0.470956,0.408713,-0.353815,-0.814416,-0.210939,-0.251392,0.971151,-0.284389,0.454441,-0.026445,-0.826090,-0.332203,-0.079404,0.956702,-0.498799,0.421423,-0.271686,-0.850244,-0.160233,0.000000,0.000000,0.000000,1.472163,-11.295223,-3502.956299,-3.521923,-7.754326,-693.811707,-124.836227,-21.905518,-5177.612305,1.346732,-0.252676,1147.412598,2.791225,-13.591098,-3151.501221,-6.588400,14.558124,4509.791992,6.702867,-0.815010,150.279999,1.117492,-0.302291,167.718628,-5.068766,-3.073502,-603.923767,5.708228,-1.381683,206.168045,1.049911,12.222362,2903.176270,-7.329996,-21.602917,-4507.830566,12.085123,-4.019165,-916.966003,0.118043,6.794764,-538.231018,0.674922,-34.785782,-7405.204590,51.862259,-0.799561,1663.077148,75.149498,7.437134,-3111.790039,-6.463201,2.818298,969.230103,9.988429,-2.820396,-2686.903809,53.326195,10.434723,1073.107056,-72.122673,4.629517,4426.269531,-13.262804,-3.452682,5066.631836,7.603607,-5.402184,-3162.934570,-0.113590,-0.299634,1074.442627,0.364730,5.492681,1288.656372,0.774684,-0.135005,1222.532104,-0.807628,-0.375056,1063.548096,-0.362761,5.485713,1320.097290,0.806600,-0.215352,1212.412842,-0.762922,-0.451195,1036.031494,-1.096898,5.476594,1350.685547,0.804748,-0.297523,1215.793091,2.080721,-2.288437,-3100.284912,-5.996982,0.603580,524.406433,2.098520,1.670933,1492.567139,-5.889728,-3.024101,-1578.807861,-5.055578,-2.406406,-3069.798584,-0.692706,1.354539,1094.581055,2.732274,-1.826525,4267.719727,-2.260516,1.701927,1429.406494,7.532748,-2.309608,-607.152649,5.501539,-1.692772,-1672.104492,1,1
396,4094,-0.095161,0.939454,-0.328737,0.463018,-0.021345,-0.885709,-0.026049,-0.095161,0.939454,-0.328737,0.463018,-0.021345,-0.885709,-0.026049,-0.097990,0.858491,-0.235283,0.516508,-0.031514,-0.852296,-0.076275,-0.009865,0.856376,-0.362192,0.411729,-0.049630,-0.909687,-0.022032,-0.152443,0.458789,-0.277153,0.492334,0.027800,-0.869865,0.013014,-0.055572,0.453949,-0.361390,0.429031,-0.027320,-0.902281,0.032797,-0.121973,0.051904,-0.272561,0.462642,0.032705,-0.885904,0.008140,-0.059660,0.047977,-0.320463,0.461269,0.007589,-0.887210,0.005684,-0.007631,1.014132,-0.269201,0.466015,-0.017237,-0.884369,-0.020598,-0.000518,1.197940,-0.265079,0.454655,0.001069,-0.890550,-0.014430,0.000828,1.317889,-0.261878,0.454655,0.001069,-0.890550,-0.014430,0.002511,1.467827,-0.257877,0.454655,0.001069,-0.890550,-0.014430,0.000649,1.301896,-0.262305,0.484979,0.196074,-0.846253,-0.101031,0.000649,1.301896,-0.262305,0.401142,-0.183941,-0.892584,0.092436,-0.098370,1.387973,-0.106763,0.417981,-0.078245,-0.905058,0.006316,0.112585,1.385430,-0.405149,0.436281,0.072505,-0.895523,-0.049390,-0.167317,1.111283,-0.113563,0.403562,0.036297,-0.803227,-0.436632,0.100797,1.107412,-0.470468,0.408781,-0.353574,-0.814549,-0.210698,-0.251842,0.971523,-0.284461,0.453732,-0.025869,-0.826161,-0.333040,-0.079053,0.956532,-0.498268,0.421504,-0.271380,-0.850362,-0.159913,0.000000,0.000000,0.000000,1.514389,8.445191,3948.082764,-3.550807,-5.776787,395.507812,-124.848930,-2.540588,3872.985840,1.310978,-7.150745,-1379.613892,2.801744,2.103949,3139.009277,-6.610110,-4.342079,-3780.040527,6.712026,1.831722,529.346497,1.107083,-2.081823,-355.906494,-5.059670,1.819229,978.546082,5.686420,-4.361629,-595.989197,1.029986,-3.984905,-3241.453125,-7.359616,-5.923939,3135.795410,12.100618,3.099060,1423.645020,0.115980,-0.412564,-1441.465576,0.664937,-1.996935,6557.769531,51.830215,-6.408691,-1121.826172,75.136543,-2.590942,-2005.615234,-6.464970,-0.353718,-634.403198,9.999221,2.158356,995.750366,53.304802,-4.278564,-2942.657471,-72.108879,2.758789,-374.145508,-13.176494,17.262077,4142.952148,7.655047,10.288048,3138.046387,-0.113033,0.111336,82.193909,0.375001,2.054203,-687.695679,0.774201,-0.096548,7.691383,-0.807211,0.083363,91.683861,-0.352491,2.053940,-686.354614,0.805974,-0.125301,18.010139,-0.762643,0.055659,101.370811,-1.086633,2.053070,-684.704773,0.803988,-0.151885,29.127598,2.081141,0.084066,474.500641,-6.000000,-0.603580,-241.432175,2.087383,-2.227449,-779.676392,-5.850903,7.765007,2157.821777,-5.056640,-0.212479,438.785553,-0.686463,1.248479,-21.212101,2.681879,-10.079098,-1650.514648,-2.267110,-1.318884,-604.162231,7.526376,-1.274300,207.061768,5.578325,15.357303,3410.015137,1,1
397,4105,-0.095192,0.939489,-0.328653,0.462802,-0.021454,-0.885805,-0.026519,-0.095192,0.939489,-0.328653,0.462802,-0.021454,-0.885805,-0.026519,-0.098117,0.858460,-0.235258,0.516671,-0.031562,-0.852194,-0.076286,-0.009932,0.856380,-0.362126,0.411607,-0.049609,-0.909744,-0.022021,-0.152618,0.458760,-0.277108,0.492467,0.027866,-0.869786,0.013129,-0.055620,0.453951,-0.361329,0.428905,-0.027312,-0.902341,0.032795,-0.122054,0.051883,-0.272466,0.462760,0.032691,-0.885842,0.008232,-0.059709,0.047979,-0.320406,0.460999,0.007560,-0.887350,0.005725,-0.007644,1.014068,-0.269021,0.465483,-0.017634,-0.884632,-0.020987,-0.000293,1.197866,-0.264880,0.453492,0.000089,-0.891141,-0.014612,0.001278,1.317815,-0.261745,0.453492,0.000089,-0.891141,-0.014612,0.003242,1.467751,-0.257827,0.453492,0.000089,-0.891141,-0.014612,0.001069,1.301822,-0.262163,0.483700,0.195337,-0.847148,-0.101082,0.001069,1.301822,-0.262163,0.400227,-0.184880,-0.892854,0.091924,-0.098194,1.388085,-0.106910,0.416950,-0.079150,-0.905461,0.005253,0.113358,1.385213,-0.404864,0.436195,0.072420,-0.895573,-0.049376,-0.167840,1.111513,-0.114110,0.403271,0.035857,-0.803411,-0.436598,0.101514,1.107220,-0.470127,0.409424,-0.353436,-0.814185,-0.211085,-0.252458,0.971739,-0.284951,0.453243,-0.025946,-0.826338,-0.333260,-0.078376,0.956392,-0.497948,0.421953,-0.270942,-0.850144,-0.160629,0.000000,0.000000,0.000000,1.557330,4.294062,-415.112976,-3.586407,-3.559994,221.679230,-124.877808,-2.887726,-34.713745,1.254148,-5.682969,146.777618,2.814995,1.325059,-77.888962,-6.599511,1.059914,540.199280,6.710110,-0.191593,-202.331543,1.104863,-0.222063,185.976028,-5.053055,0.661516,-115.771286,5.636620,-4.979992,-61.836243,1.006372,-2.361369,162.353546,-7.405952,-4.633665,129.027374,12.119685,1.906681,-119.237900,0.122933,0.695328,110.789162,0.657462,-0.747466,124.946854,51.832745,0.252914,666.160583,75.243446,10.690308,1328.125000,-6.510942,-4.597187,-424.346924,9.983678,-1.554298,-371.265411,53.183926,-12.087631,-780.906677,-72.034950,7.392883,463.409424,-13.117315,5.917835,-1134.424194,7.655257,0.020981,-1026.706787,-0.081071,3.196169,308.483337,0.332873,-4.212746,-626.694885,0.766933,-0.726855,-63.030720,-0.774738,3.247309,316.394562,-0.394289,-4.179764,-623.370422,0.799498,-0.647557,-52.225594,-0.729553,3.309041,325.338226,-1.128059,-4.142582,-619.565247,0.798697,-0.529116,-37.723183,2.056334,-2.480698,-256.476379,-5.976276,2.372408,297.598816,2.101787,1.440406,366.785522,-5.833289,1.761389,-600.361816,-5.086191,-2.955103,-274.262421,-0.621050,6.541360,529.288086,2.625402,-5.647612,443.148621,-2.248348,1.876187,319.507141,7.506906,-1.947021,-67.272186,5.640813,6.248808,-910.849487,1,1
398,4113,-0.095145,0.939525,-0.328599,0.462683,-0.021498,-0.885847,-0.027168,-0.095145,0.939525,-0.328599,0.462683,-0.021498,-0.885847,-0.027168,-0.098152,0.858395,-0.235294,0.515924,-0.031679,-0.852535,-0.077476,-0.009933,0.856395,-0.362140,0.411691,-0.049628,-0.909703,-0.022093,-0.153208,0.458841,-0.277975,0.491377,0.028520,-0.870379,0.013239,-0.055660,0.453969,-0.361386,0.429006,-0.027302,-0.902294,0.032781,-0.122149,0.052000,-0.273472,0.462307,0.031409,-0.886120,0.008799,-0.059741,0.047996,-0.320477,0.461451,0.008859,-0.887101,0.005984,-0.007562,1.013979,-0.268861,0.465509,-0.017568,-0.884606,-0.021566,-0.000160,1.197770,-0.264523,0.453801,0.000366,-0.890976,-0.015063,0.001402,1.317716,-0.261262,0.453801,0.000366,-0.890976,-0.015063,0.003355,1.467647,-0.257186,0.453801,0.000366,-0.890976,-0.015063,0.001194,1.301723,-0.261697,0.483846,0.195519,-0.846966,-0.101558,0.001194,1.301723,-0.261697,0.400721,-0.184370,-0.892793,0.091384,-0.098009,1.387869,-0.106324,0.416987,-0.079064,-0.905453,0.005033,0.113407,1.385432,-0.404309,0.435935,0.072989,-0.895570,-0.050868,-0.167663,1.111290,-0.113660,0.403277,0.035699,-0.803524,-0.436397,0.101498,1.107583,-0.470485,0.409309,-0.353327,-0.814246,-0.211257,-0.252302,0.971431,-0.284420,0.452980,-0.025765,-0.826399,-0.333482,-0.078376,0.956757,-0.498418,0.421915,-0.271010,-0.850140,-0.160633,0.000000,0.000000,0.000000,1.621487,8.019611,465.693726,-3.625136,-4.841208,-160.151749,-124.894653,-2.105713,97.751617,1.193126,-7.627830,-243.107620,2.843769,3.596693,283.954285,-6.576708,2.850413,223.812454,6.717575,0.933111,140.587982,1.016961,-10.987743,-1345.710083,-5.171289,-14.779270,-1930.098267,5.698769,7.768571,1593.570435,1.025352,2.372458,591.728455,-7.328093,9.732426,1795.761353,12.292603,21.614670,2463.498535,0.194683,8.968650,1034.165283,0.436326,-27.642027,-3361.820312,51.788715,-5.503654,-719.571106,75.129433,-14.251709,-3117.751953,-6.482549,3.549039,1018.278381,9.992345,1.083374,329.709045,53.128540,-6.923199,645.554077,-72.071999,-4.631042,-1502.990723,-13.051467,8.231044,289.151062,7.631474,-2.972901,-374.235199,-0.087699,-0.828447,-503.076904,0.351706,2.354071,820.852112,0.779863,1.616254,292.888641,-0.781542,-0.850491,-512.224976,-0.375378,2.363846,817.951172,0.812137,1.579866,278.427826,-0.736707,-0.894241,-525.410278,-1.109092,2.370849,814.178955,0.810963,1.533210,257.790833,2.024853,-3.935128,-181.803848,-5.967149,1.140833,-153.946869,2.092528,-1.157403,-324.726105,-5.825392,0.987113,-96.784531,-5.113695,-3.437996,-60.361626,-0.664921,-5.483925,-1503.160767,2.706136,10.091722,1967.416748,-2.259106,-1.344770,-402.619690,7.523236,2.041221,498.530273,5.629168,-1.455665,-963.059082,1,1
399,4122,-0.095354,0.939534,-0.328694,0.462620,-0.021454,-0.885882,-0.027104,-0.095354,0.939534,-0.328694,0.462620,-0.021454,-0.885882,-0.027104,-0.098363,0.858412,-0.235384,0.515975,-0.031592,-0.852507,-0.077479,-0.010125,0.856413,-0.362217,0.411428,-0.049568,-0.909829,-0.021933,-0.153363,0.458853,-0.278100,0.491417,0.028619,-0.870353,0.013240,-0.055755,0.453978,-0.361378,0.428721,-0.027291,-0.902426,0.032872,-0.122234,0.052017,-0.273638,0.462407,0.031470,-0.886067,0.008662,-0.059811,0.048011,-0.320407,0.461100,0.008860,-0.887283,0.006099,-0.007790,1.014005,-0.268949,0.465453,-0.017555,-0.884638,-0.021485,-0.000402,1.197797,-0.264641,0.453760,0.000319,-0.890998,-0.014946,0.001157,1.317744,-0.261410,0.453760,0.000319,-0.890998,-0.014946,0.003106,1.467677,-0.257372,0.453760,0.000319,-0.890998,-0.014946,0.000949,1.301751,-0.261841,0.483898,0.195503,-0.846955,-0.101431,0.000949,1.301751,-0.261841,0.400668,-0.184412,-0.892798,0.091488,-0.098239,1.387918,-0.106475,0.417127,-0.079015,-0.905392,0.005177,0.113188,1.385424,-0.404452,0.435765,0.072856,-0.895661,-0.050909,-0.167844,1.111320,-0.113730,0.403544,0.035640,-0.803485,-0.436228,0.101223,1.107591,-0.470626,0.409095,-0.353457,-0.814207,-0.211604,-0.252529,0.971385,-0.284405,0.453226,-0.025806,-0.826335,-0.333302,-0.078729,0.956884,-0.498699,0.421551,-0.271212,-0.850123,-0.161338,0.000000,0.000000,0.000000,1.617581,-0.434015,-939.291748,-3.617105,0.892427,637.070618,-124.902664,-0.890096,135.068542,1.183275,-1.094553,725.919617,2.847366,0.399669,-355.224945,-6.601622,-2.768252,-624.296082,6.708163,-1.045704,-219.868286,1.016235,-0.080652,1211.899048,-5.168764,0.280539,1673.312134,5.704054,0.587304,-797.918518,1.031786,0.714938,-184.168945,-7.343565,-1.719157,-1272.398071,12.293959,0.150681,-2384.887695,0.210228,1.727228,-804.602417,0.439915,0.398775,3115.644775,51.811028,2.479129,886.975952,75.129707,0.030518,1586.914062,-6.497846,-1.699607,-583.182861,9.949371,-4.774836,-650.912170,53.120808,-0.859155,673.782654,-72.066887,0.567966,577.667603,-13.050954,0.057009,-908.226135,7.629675,-0.199901,308.111145,-0.083659,0.448902,141.927597,0.352409,0.078158,-252.879181,0.779944,0.009020,-178.581589,-0.777511,0.447889,144.264481,-0.374619,0.084354,-253.276886,0.812234,0.010835,-174.336777,-0.732687,0.446618,148.984299,-1.108275,0.090811,-253.337570,0.811128,0.018345,-168.318359,2.024367,-0.054015,431.234802,-5.965585,0.173834,-107.444366,2.095506,0.330978,165.375656,-5.834602,-1.023345,-223.384216,-5.113167,0.058704,388.522186,-0.676113,-1.243525,471.155609,2.725674,2.170881,-880.093567,-2.255985,0.346767,187.948532,7.515788,-0.827577,-318.755341,5.624285,-0.542588,101.452995,1,1
400,4132,-0.095296,0.939523,-0.328643,0.462625,-0.021462,-0.885880,-0.027082,-0.095296,0.939523,-0.328643,0.462625,-0.021462,-0.885880,-0.027082,-0.098303,0.858405,-0.235329,0.516071,-0.031625,-0.852446,-0.077494,-0.010067,0.856401,-0.362162,0.411314,-0.049585,-0.909881,-0.021896,-0.153337,0.458849,-0.278035,0.491510,0.028617,-0.870301,0.013248,-0.055694,0.453967,-0.361296,0.428575,-0.027361,-0.902496,0.032792,-0.122205,0.052014,-0.273571,0.462551,0.031409,-0.885995,0.008563,-0.059838,0.047997,-0.320358,0.460903,0.008782,-0.887387,0.006014,-0.007732,1.013997,-0.268902,0.465464,-0.017560,-0.884633,-0.021416,-0.000359,1.197791,-0.264626,0.453785,0.000321,-0.890988,-0.014783,0.001182,1.317738,-0.261430,0.453785,0.000321,-0.890988,-0.014783,0.003109,1.467673,-0.257435,0.453785,0.000321,-0.890988,-0.014783,0.000977,1.301745,-0.261856,0.483861,0.195504,-0.846991,-0.101308,0.000977,1.301745,-0.261856,0.400697,-0.184394,-0.892773,0.091638,-0.098253,1.387924,-0.106528,0.416969,-0.079014,-0.905465,0.005129,0.113171,1.385403,-0.404514,0.435958,0.072901,-0.895573,-0.050754,-0.167860,1.111334,-0.113827,0.403332,0.035668,-0.803552,-0.436297,0.101249,1.107551,-0.470612,0.409223,-0.353466,-0.814198,-0.211377,-0.252503,0.971431,-0.284550,0.453000,-0.025789,-0.826397,-0.333457,-0.078681,0.956796,-0.498574,0.421595,-0.271220,-0.850094,-0.161361,0.000000,0.000000,0.000000,1.614844,-0.273645,16.036961,-3.616751,0.035310,-85.711746,-124.901970,0.069427,95.952347,1.182900,-0.037420,105.713341,2.848467,0.110173,-28.949579,-6.616669,-1.504707,126.354431,6.693681,-1.448250,-40.254593,1.017906,0.167084,24.773544,-5.167540,0.122452,-15.808741,5.708969,0.491428,-9.587604,1.030074,-0.171268,-88.620590,-7.356072,-1.250696,46.846069,12.297989,0.403023,25.234222,0.224496,1.426856,-30.037212,0.439704,-0.021154,-41.992867,51.812645,0.161743,-231.738617,75.127251,-0.245667,-27.618408,-6.510385,-1.253939,44.566788,9.922244,-2.712727,206.210892,53.126289,0.548172,140.732651,-72.074341,-0.745392,-131.335785,-13.045527,0.542736,48.572750,7.623249,-0.642586,-44.268501,-0.081460,0.219851,-22.905062,0.353005,0.059593,-1.856552,0.784820,0.487608,47.858753,-0.775291,0.221997,-22.589169,-0.373927,0.069216,-1.513793,0.817116,0.488168,47.733318,-0.730510,0.217777,-22.884012,-1.107490,0.078523,-1.228783,0.816041,0.491339,47.299397,2.023080,-0.128770,-7.475482,-5.960650,0.493479,31.964514,2.098037,0.253105,-7.787281,-5.822136,1.246548,226.989304,-5.114949,-0.178242,-23.694569,-0.668058,0.805444,204.896851,2.722444,-0.322986,-249.386627,-2.252886,0.309944,-3.682244,7.520463,0.467491,129.506851,5.639962,1.567745,211.033295,1,1
401,4143,-0.094451,0.939564,-0.327939,0.461829,-0.021860,-0.886260,-0.027920,-0.094451,0.939564,-0.327939,0.461829,-0.021860,-0.886260,-0.027920,-0.097747,0.858351,-0.234717,0.516143,-0.031770,-0.852374,-0.077756,-0.009289,0.856349,-0.361396,0.410400,-0.050005,-0.910245,-0.022920,-0.153001,0.458832,-0.277542,0.491481,0.028772,-0.870309,0.013407,-0.055581,0.453979,-0.361198,0.427940,-0.027484,-0.902799,0.032652,-0.121696,0.052010,-0.273026,0.462805,0.031452,-0.885860,0.008595,-0.059898,0.048006,-0.320320,0.460672,0.008874,-0.887504,0.006240,-0.006881,1.013842,-0.267964,0.464891,-0.017841,-0.884916,-0.021950,0.000621,1.197628,-0.263604,0.453653,0.000268,-0.891057,-0.014700,0.002164,1.317576,-0.260431,0.453653,0.000268,-0.891057,-0.014700,0.004093,1.467511,-0.256465,0.453653,0.000268,-0.891057,-0.014700,0.001958,1.301583,-0.260854,0.483760,0.195497,-0.847061,-0.101214,0.001958,1.301583,-0.260854,0.400603,-0.184437,-0.892803,0.091668,-0.097300,1.387767,-0.105556,0.416969,-0.079000,-0.905467,0.005048,0.114163,1.385232,-0.403515,0.436026,0.072946,-0.895539,-0.050700,-0.166922,1.111176,-0.112894,0.403423,0.035592,-0.803540,-0.436242,0.102272,1.107368,-0.469596,0.409209,-0.353502,-0.814237,-0.211195,-0.251601,0.971248,-0.283579,0.453055,-0.025817,-0.826364,-0.333462,-0.077644,0.956583,-0.497490,0.421335,-0.271295,-0.850112,-0.161821,0.000000,0.000000,0.000000,1.682410,6.142389,583.275818,-3.700215,-7.587606,-692.992371,-125.006409,-9.494434,-869.442017,1.200061,1.560092,145.228333,2.834196,-1.297366,-127.958076,-6.630625,-1.268734,21.452156,6.799507,9.620580,1006.257202,0.973085,-4.074633,-385.610626,-5.170321,-0.252854,-34.118687,5.638048,-6.447316,-630.794922,1.008671,-1.945691,-161.311142,-7.466563,-10.044618,-799.447449,12.356704,5.337715,448.608398,0.244129,1.784781,32.538631,0.435153,-0.413664,-35.682789,51.812244,-0.036413,-18.014198,75.112816,-1.312256,-96.962669,-6.542591,-2.927824,-152.171356,9.849252,-6.635666,-356.630829,53.108398,-1.626448,-197.692734,-72.075089,-0.067971,61.583714,-13.036768,0.796231,23.045025,7.618382,-0.442418,18.197052,-0.076277,0.471166,22.846813,0.380537,2.502859,222.115082,0.822132,3.392014,264.036896,-0.770248,0.458484,21.498804,-0.345820,2.555140,225.993118,0.854081,3.360477,261.119019,-0.726101,0.400825,16.640682,-1.078847,2.603867,229.576706,0.852720,3.334473,258.466766,2.019519,-0.323686,-17.719624,-5.953883,0.615163,11.062226,2.102410,0.397530,13.129574,-5.823616,-0.134468,-125.546883,-5.119093,-0.376745,-18.045727,-0.658218,0.894557,8.101252,2.719737,-0.246156,6.984482,-2.247488,0.490709,16.433149,7.512002,-0.769138,-112.420868,5.650577,0.964988,-54.796078,1,1
402,4160,-0.094700,0.939575,-0.327960,0.461683,-0.021930,-0.886334,-0.027915,-0.094700,0.939575,-0.327960,0.461683,-0.021930,-0.886334,-0.027915,-0.098036,0.858370,-0.234732,0.515946,-0.032084,-0.852495,-0.077605,-0.009536,0.856346,-0.361382,0.410485,-0.049863,-0.910216,-0.022874,-0.153431,0.458849,-0.277333,0.491350,0.028359,-0.870396,0.013462,-0.055709,0.453963,-0.361193,0.428017,-0.027334,-0.902765,0.032708,-0.122398,0.052009,-0.272607,0.462429,0.030302,-0.886095,0.008716,-0.059892,0.047987,-0.320327,0.460746,0.009004,-0.887465,0.006172,-0.007140,1.013847,-0.267963,0.464749,-0.017927,-0.884989,-0.021938,0.000390,1.197633,-0.263623,0.453521,0.000153,-0.891125,-0.014670,0.001954,1.317581,-0.260469,0.453521,0.000153,-0.891125,-0.014670,0.003909,1.467517,-0.256527,0.453521,0.000153,-0.891125,-0.014670,0.001745,1.301588,-0.260890,0.483703,0.195440,-0.847113,-0.101162,0.001745,1.301588,-0.260890,0.400303,-0.184699,-0.892870,0.091794,-0.097522,1.387790,-0.105613,0.416971,-0.078973,-0.905468,0.005114,0.114129,1.385069,-0.403470,0.435191,0.072245,-0.896009,-0.050568,-0.167116,1.111186,-0.112924,0.403499,0.035629,-0.803571,-0.436111,0.101994,1.107191,-0.469347,0.408487,-0.353806,-0.814303,-0.211828,-0.251773,0.971202,-0.283574,0.453101,-0.025751,-0.826396,-0.333326,-0.078070,0.956642,-0.497556,0.420720,-0.271561,-0.850281,-0.162083,0.000000,0.000000,0.000000,1.678785,-0.213265,-373.862030,-3.706815,-0.388202,423.494385,-125.025215,-1.106262,493.421875,1.182488,-1.033706,-152.576324,2.817025,-1.010095,16.898247,-6.600471,1.773778,178.971283,6.800630,0.066056,-562.030762,0.987208,0.830766,288.552917,-5.175327,-0.294489,-2.449134,5.633629,-0.259960,363.962067,0.975958,-1.924283,1.259250,-7.456410,0.597225,625.990723,12.340281,-0.966016,-370.807709,0.282693,2.268450,28.451078,0.356200,-4.644340,-248.863251,51.818024,0.339957,22.139404,75.166397,3.151838,262.593719,-6.535619,0.410108,196.348923,9.889299,2.355744,528.906433,53.099102,-0.546848,63.505890,-72.073158,0.113543,10.677313,-13.033456,0.194830,-35.376545,7.619668,0.075649,30.474531,-0.074417,0.109450,-21.277414,0.380985,0.026351,-145.676941,0.822061,-0.004197,-199.777084,-0.768394,0.109069,-20.553816,-0.345347,0.027870,-148.662918,0.854014,-0.003948,-197.907379,-0.724253,0.108698,-17.183950,-1.078346,0.029452,-151.436188,0.852681,-0.002311,-196.281403,2.039939,1.201195,89.698860,-5.973002,-1.124663,-102.342690,2.107171,0.280016,-6.912638,-5.832458,-0.520117,-22.685240,-5.095994,1.358762,102.088608,-0.697889,-2.333564,-189.889496,2.745602,1.521475,103.978333,-2.243015,0.263130,-13.386991,7.508044,-0.232837,31.547152,5.641456,-0.536526,-88.324371,1,1
403,4165,-0.094653,0.939418,-0.327954,0.461622,-0.021898,-0.886364,-0.028000,-0.094653,0.939418,-0.327954,0.461622,-0.021898,-0.886364,-0.028000,-0.098004,0.858197,-0.234741,0.516160,-0.031726,-0.852379,-0.077598,-0.009487,0.856193,-0.361378,0.410599,-0.049856,-0.910169,-0.022714,-0.153161,0.458657,-0.277475,0.491521,0.028756,-0.870287,0.013469,-0.055597,0.453805,-0.361067,0.428077,-0.027394,-0.902736,0.032678,-0.121842,0.051837,-0.272910,0.462373,0.029948,-0.886138,0.008604,-0.059832,0.047829,-0.320202,0.460744,0.009075,-0.887474,0.004666,-0.007100,1.013678,-0.267932,0.464813,-0.017876,-0.884954,-0.022052,0.000432,1.197462,-0.263539,0.453833,0.000243,-0.890963,-0.014853,0.001998,1.317409,-0.260336,0.453833,0.000243,-0.890963,-0.014853,0.003955,1.467343,-0.256333,0.453833,0.000243,-0.890963,-0.014853,0.001790,1.301416,-0.260763,0.483754,0.195999,-0.846895,-0.101661,0.001790,1.301416,-0.260763,0.401178,-0.184769,-0.892479,0.091641,-0.097510,1.387184,-0.105361,0.416912,-0.077491,-0.905629,0.003935,0.113922,1.384835,-0.403533,0.436270,0.071261,-0.895502,-0.051648,-0.166598,1.110524,-0.113662,0.402861,0.036369,-0.803318,-0.437105,0.100958,1.106999,-0.469704,0.408548,-0.353792,-0.814197,-0.212139,-0.251037,0.970974,-0.284775,0.453118,-0.025838,-0.826335,-0.333447,-0.079147,0.956517,-0.498012,0.420888,-0.271080,-0.850389,-0.161887,0.000000,0.000000,0.000000,1.689327,2.108502,464.353577,-3.707905,-0.218010,34.038319,-125.033333,-1.623535,-103.454590,1.158608,-4.776073,-748.473328,2.834420,3.479099,897.838989,-6.579158,4.262638,497.772034,6.777878,-4.550362,-923.283508,1.136179,29.794216,5792.689941,-5.266357,-18.206024,-3582.307129,5.609639,-4.798031,-907.614136,1.002115,5.231404,1431.137573,-7.493671,-7.452106,-1609.866089,12.343678,0.679398,329.082733,0.337098,10.881079,1722.525757,0.284643,-14.311391,-1933.410400,51.686325,-26.339722,-5335.935547,75.110863,-11.106873,-2851.741943,-6.560192,-4.914570,-1064.935547,9.969702,16.080475,2744.946289,53.092178,-1.384735,-167.577408,-72.204391,-26.246643,-5272.037109,-13.183440,-29.996872,-6038.340332,7.670280,10.122395,2009.348999,-0.077301,-0.576797,-137.249420,0.397296,3.262216,647.173035,0.820104,-0.391304,-77.421524,-0.771525,-0.626218,-147.057556,-0.329106,3.248179,644.061707,0.851817,-0.439465,-87.103416,-0.727613,-0.672007,-156.140900,-1.062182,3.232837,640.677063,0.850213,-0.493717,-98.281326,2.057791,3.570318,473.824707,-5.904202,13.759995,2976.931396,2.172487,13.063192,2556.635254,-5.814126,3.666401,837.303589,-5.076197,3.959560,520.159790,-0.688132,1.951313,856.975403,2.855739,22.027493,4101.203613,-2.178834,12.836169,2514.607910,7.531643,4.719830,990.533325,5.649562,1.621246,431.554443,1,1
404,4179,-0.093922,0.939419,-0.327420,0.461418,-0.022113,-0.886455,-0.028329,-0.093922,0.939419,-0.327420,0.461418,-0.022113,-0.886455,-0.028329,-0.097371,0.858166,-0.234238,0.516315,-0.031742,-0.852280,-0.077660,-0.008799,0.856148,-0.360837,0.410106,-0.050250,-0.910347,-0.023588,-0.152576,0.458632,-0.277000,0.491625,0.028892,-0.870222,0.013591,-0.055503,0.453819,-0.361071,0.427844,-0.027486,-0.902845,0.032631,-0.121110,0.051824,-0.272408,0.462565,0.030103,-0.886031,0.008794,-0.059834,0.047844,-0.320208,0.460753,0.009091,-0.887469,0.004726,-0.006344,1.013596,-0.267330,0.464283,-0.018344,-0.885216,-0.022300,0.001417,1.197372,-0.262973,0.452654,-0.000737,-0.891561,-0.014894,0.003193,1.317319,-0.259866,0.452654,-0.000737,-0.891561,-0.014894,0.005413,1.467252,-0.255982,0.452654,-0.000737,-0.891561,-0.014894,0.002956,1.301326,-0.260280,0.483053,0.195441,-0.847444,-0.101490,0.002956,1.301326,-0.260280,0.400027,-0.185881,-0.892788,0.091411,-0.096415,1.387244,-0.105046,0.416863,-0.077641,-0.905638,0.003980,0.115607,1.384413,-0.402833,0.435129,0.070300,-0.896138,-0.051555,-0.165571,1.110587,-0.113291,0.402919,0.036453,-0.803336,-0.437011,0.102271,1.106574,-0.468753,0.407981,-0.354011,-0.814132,-0.213113,-0.249974,0.970997,-0.284389,0.453129,-0.025657,-0.826391,-0.333307,-0.078008,0.956382,-0.497480,0.420632,-0.271363,-0.850404,-0.161999,0.000000,0.000000,0.000000,1.712400,1.648017,-32.891792,-3.746809,-2.778871,-182.918625,-125.060249,-1.922607,-21.362305,1.223464,4.632533,672.043274,2.816282,-1.295618,-341.051208,-6.614924,-2.554723,-486.954376,6.877938,7.147108,835.533569,1.121286,-1.063747,-2204.140137,-5.272119,-0.411545,1271.034180,5.572290,-2.667734,152.164078,1.002467,0.025102,-371.878723,-7.540470,-3.342765,293.524414,12.370741,1.933030,89.545158,0.329369,-0.552090,-816.654846,0.282610,-0.145220,1011.869263,51.673634,-0.906536,1816.656128,75.240685,9.272985,1455.703979,-6.511920,3.448009,597.327087,10.060634,6.495135,-684.667114,53.086975,-0.371661,72.362473,-72.179993,1.742772,1999.243896,-13.174970,0.605038,2185.850830,7.680101,0.701496,-672.921387,-0.049060,2.017194,185.285080,0.353915,-3.098624,-454.345703,0.814812,-0.378013,0.949417,-0.742708,2.058327,191.753250,-0.372150,-3.074601,-451.627197,0.847270,-0.324752,8.193814,-0.698139,2.105274,198.377213,-1.104852,-3.047832,-448.619232,0.846755,-0.246938,17.627102,2.059389,0.114134,-246.870270,-5.902876,0.094754,-976.088562,2.201797,2.093622,-783.540710,-5.874733,-4.329136,-571.109802,-5.074759,0.102656,-275.493164,-0.685607,0.180410,-126.493034,2.854405,-0.095265,-1580.197021,-2.149603,2.087968,-767.728638,7.490376,-2.947603,-547.673767,5.607434,-3.009149,-330.742523,1,1
405,4190,-0.094047,0.939424,-0.327412,0.461391,-0.022051,-0.886471,-0.028314,-0.094047,0.939424,-0.327412,0.461391,-0.022051,-0.886471,-0.028314,-0.097492,0.858168,-0.234232,0.516189,-0.031582,-0.852365,-0.077628,-0.008911,0.856164,-0.360826,0.410121,-0.050192,-0.910343,-0.023601,-0.152567,0.458620,-0.277049,0.491455,0.029102,-0.870308,0.013718,-0.055578,0.453830,-0.361088,0.427871,-0.027405,-0.902833,0.032677,-0.120904,0.051827,-0.272444,0.462388,0.030295,-0.886115,0.008884,-0.059832,0.047854,-0.320219,0.460806,0.009165,-0.887441,0.004756,-0.006482,1.013610,-0.267315,0.464262,-0.018324,-0.885228,-0.022270,0.001274,1.197386,-0.262970,0.452646,-0.000798,-0.891567,-0.014833,0.003056,1.317333,-0.259883,0.452646,-0.000798,-0.891567,-0.014833,0.005284,1.467267,-0.256024,0.452646,-0.000798,-0.891567,-0.014833,0.002818,1.301340,-0.260295,0.483063,0.195413,-0.847451,-0.101443,0.002818,1.301340,-0.260295,0.399914,-0.186025,-0.892795,0.091545,-0.096541,1.387264,-0.105063,0.416948,-0.077629,-0.905601,0.003921,0.115517,1.384327,-0.402849,0.434967,0.070008,-0.896258,-0.051223,-0.165707,1.110614,-0.113332,0.402949,0.036400,-0.803257,-0.437132,0.102137,1.106428,-0.468547,0.407524,-0.354232,-0.814348,-0.212796,-0.250159,0.971074,-0.284446,0.453172,-0.025708,-0.826305,-0.333458,-0.078147,0.956229,-0.497216,0.420252,-0.271645,-0.850585,-0.161561,0.000000,0.000000,0.000000,1.714203,0.163967,-134.913666,-3.739641,0.651598,311.860809,-125.063805,-0.323209,145.399857,1.225919,0.223225,-400.846191,2.815556,-0.065934,111.789459,-6.609530,0.490362,276.825928,6.885020,0.643817,-591.208252,1.123371,0.189521,113.933464,-5.272581,-0.041962,33.598442,5.566335,-0.541384,193.304550,1.013335,0.988061,87.541695,-7.527174,1.208652,413.765167,12.383106,1.124122,-73.537079,0.333611,0.385710,85.254539,0.281768,-0.076530,6.244606,51.664391,-0.840274,6.023797,75.225685,-1.363581,-966.960510,-6.503311,0.782620,-242.308151,10.067233,0.599948,-535.926147,53.094460,0.680403,95.642166,-72.181534,-0.140103,-171.170471,-13.174302,0.060688,-49.486351,7.676370,-0.339248,-94.613045,-0.044032,0.457139,-141.823212,0.354488,0.052132,286.432404,0.814102,-0.064525,28.498901,-0.737693,0.455965,-145.669327,-0.371514,0.057814,284.765015,0.846585,-0.062276,23.861422,-0.693129,0.455477,-149.981583,-1.104150,0.063831,282.878510,0.846159,-0.054219,17.519930,2.072243,1.168598,95.860306,-5.913645,-0.978990,-97.613129,2.205996,0.381730,-155.626526,-5.875772,-0.094457,384.970825,-5.061875,1.171286,97.148117,-0.690485,-0.443518,-56.720787,2.842878,-1.047936,-86.606453,-2.144693,0.446320,-149.240738,7.484622,-0.523177,220.402344,5.614844,0.673598,334.795135,1,1
406,4196,-0.094100,0.939444,-0.327570,0.461342,-0.021976,-0.886501,-0.028227,-0.094100,0.939444,-0.327570,0.461342,-0.021976,-0.886501,-0.028227,-0.097539,0.858195,-0.234384,0.515860,-0.031336,-0.852599,-0.077336,-0.008943,0.856199,-0.360967,0.410197,-0.050208,-0.910308,-0.023590,-0.152306,0.458597,-0.277126,0.491090,0.029339,-0.870501,0.014055,-0.055620,0.453864,-0.361212,0.427979,-0.027373,-0.902778,0.032800,-0.120345,0.051829,-0.272362,0.462091,0.030428,-0.886264,0.009109,-0.059802,0.047896,-0.320265,0.460977,0.009147,-0.887352,0.004827,-0.006558,1.013654,-0.267470,0.464225,-0.018254,-0.885250,-0.022248,0.001178,1.197430,-0.263108,0.452632,-0.000734,-0.891572,-0.014945,0.002958,1.317377,-0.259990,0.452632,-0.000734,-0.891572,-0.014945,0.005184,1.467310,-0.256093,0.452632,-0.000734,-0.891572,-0.014945,0.002721,1.301384,-0.260406,0.483071,0.195431,-0.847434,-0.101513,0.002721,1.301384,-0.260406,0.399814,-0.185909,-0.892876,0.091425,-0.096613,1.387306,-0.105147,0.417085,-0.077722,-0.905530,0.003915,0.115476,1.384444,-0.402883,0.434585,0.070253,-0.896417,-0.051345,-0.165832,1.110672,-0.113383,0.402989,0.036187,-0.803222,-0.437178,0.102238,1.106572,-0.468735,0.407084,-0.353733,-0.814673,-0.213222,-0.250380,0.971150,-0.284464,0.453240,-0.025935,-0.826242,-0.333504,-0.077925,0.956300,-0.497771,0.419645,-0.270985,-0.850995,-0.162088,0.000000,0.000000,0.000000,1.709504,-0.783284,-157.875244,-3.727348,2.048850,232.875351,-125.070038,-1.038869,-119.276726,1.237967,2.007921,297.449432,2.821635,1.013160,179.848892,-6.593597,2.655506,360.857391,6.898981,2.326886,280.511505,1.130528,1.192907,167.231064,-5.271167,0.235558,46.253204,5.537024,-4.885276,-723.982117,1.025715,2.063175,179.185715,-7.487751,6.570578,893.654297,12.386746,0.606696,-86.237679,0.350978,2.894392,418.113678,0.275762,-1.000911,-154.063553,51.653500,-1.815160,-162.481064,75.214188,-1.916250,-92.111473,-6.533715,-5.067348,-974.994690,10.059505,-1.288096,-314.673981,53.096794,0.389099,-48.550694,-72.188675,-1.190186,-175.013672,-13.176790,-0.414689,-79.229630,7.674992,-0.229677,18.261902,-0.047117,-0.514291,-161.904907,0.356378,0.314911,43.796467,0.807261,-1.140217,-179.282028,-0.740846,-0.525574,-163.589767,-0.369758,0.292629,39.135868,0.839700,-1.147578,-180.883682,-0.696262,-0.522196,-162.945541,-1.102524,0.270883,34.508678,0.839194,-1.160910,-184.448547,2.065670,-1.095653,-377.375031,-5.928174,-2.421618,-240.437912,2.198826,-1.194994,-262.787262,-5.881099,-0.887791,-132.222366,-5.067675,-0.966549,-356.305756,-0.706639,-2.692242,-374.787354,2.840641,-0.372767,112.528145,-2.151404,-1.118422,-260.790192,7.477251,-1.228491,-117.552391,5.615178,0.055631,-102.994423,1,1
407,4203,-0.093759,0.939455,-0.327273,0.460727,-0.022451,-0.886785,-0.028956,-0.093759,0.939455,-0.327273,0.460727,-0.022451,-0.886785,-0.028956,-0.097449,0.858136,-0.234158,0.514962,-0.032087,-0.853189,-0.076500,-0.008684,0.856106,-0.360622,0.410100,-0.050412,-0.910321,-0.024333,-0.152350,0.458460,-0.276079,0.490095,0.028973,-0.871048,0.015616,-0.055773,0.453809,-0.361360,0.428157,-0.027208,-0.902692,0.032994,-0.120039,0.051737,-0.270016,0.462409,0.029962,-0.886115,0.008977,-0.059756,0.047848,-0.320327,0.461286,0.009303,-0.887189,0.004812,-0.006184,1.013481,-0.266994,0.463938,-0.018398,-0.885369,-0.023359,0.001764,1.197238,-0.262190,0.452961,-0.000236,-0.891371,-0.016855,0.003647,1.317170,-0.258610,0.452961,-0.000236,-0.891371,-0.016855,0.006001,1.467084,-0.254135,0.452961,-0.000236,-0.891371,-0.016855,0.003396,1.301179,-0.259087,0.483232,0.195702,-0.847070,-0.103241,0.003396,1.301179,-0.259087,0.400322,-0.185951,-0.892792,0.089929,-0.095752,1.386832,-0.103487,0.417046,-0.077692,-0.905550,0.003862,0.116132,1.384345,-0.401426,0.435239,0.069713,-0.896128,-0.051595,-0.164944,1.110207,-0.111802,0.402274,0.036109,-0.803667,-0.437026,0.102522,1.106451,-0.467267,0.406979,-0.353938,-0.814699,-0.212984,-0.249336,0.970629,-0.282915,0.452526,-0.026357,-0.826506,-0.333787,-0.077669,0.956191,-0.496195,0.419368,-0.270673,-0.851230,-0.162091,0.000000,0.000000,0.000000,1.761301,7.399644,1168.989746,-3.813007,-12.236937,-2040.826782,-125.150597,-11.508397,-1495.646851,1.219928,-2.576947,-654.981323,2.792349,-4.183701,-742.408691,-6.527392,9.457861,971.765015,7.013170,16.312735,1997.978394,1.152294,3.109319,273.773071,-5.282995,-1.689707,-275.037750,5.385017,-21.715164,-2404.269531,0.918613,-15.300240,-2480.487793,-7.432015,7.962227,198.807037,12.475239,12.641770,1719.296265,0.531157,25.739887,3263.642334,0.355277,11.359220,1765.732788,51.598083,-7.916587,-871.632385,75.161247,-7.562910,-806.665649,-6.608349,-10.662011,-799.237488,10.058131,-0.196184,155.987381,53.069931,-3.837585,-603.812073,-72.285019,-13.763428,-1796.177490,-13.180882,-0.584602,-24.273281,7.619956,-7.862227,-1090.364380,-0.099369,-7.464554,-992.894836,0.400798,6.345800,861.555542,0.785939,-3.046027,-272.258636,-0.793896,-7.578560,-1007.569519,-0.326407,6.193123,842.927673,0.817492,-3.172559,-289.283051,-0.749843,-7.654429,-1018.890320,-1.060273,6.035941,823.579712,0.815462,-3.390227,-318.473877,2.132833,9.594815,1527.209717,-5.951653,-3.354004,-133.198135,2.160520,-5.472353,-611.051392,-5.911137,-4.291058,-486.180878,-5.005265,8.915697,1411.749390,-0.659369,6.752831,1349.296265,2.730355,-15.755279,-2197.501465,-2.199724,-6.902899,-826.353943,7.527322,7.153102,1197.370483,5.480533,-19.234999,-2755.804443,1,1
408,4213,-0.093640,0.939438,-0.327557,0.460708,-0.022532,-0.886789,-0.029065,-0.093640,0.939438,-0.327557,0.460708,-0.022532,-0.886789,-0.029065,-0.097353,0.858109,-0.234451,0.515156,-0.031949,-0.853070,-0.076587,-0.008584,0.856072,-0.360912,0.410050,-0.050555,-0.910339,-0.024202,-0.152206,0.458436,-0.276478,0.490246,0.029204,-0.870955,0.015618,-0.055736,0.453782,-0.361508,0.428127,-0.027342,-0.902696,0.033161,-0.119729,0.051725,-0.270513,0.462632,0.030156,-0.885994,0.008725,-0.059760,0.047838,-0.320306,0.461141,0.009019,-0.887268,0.004814,-0.006050,1.013436,-0.267265,0.463808,-0.018577,-0.885430,-0.023489,0.001998,1.197188,-0.262454,0.452609,-0.000614,-0.891547,-0.017012,0.003978,1.317118,-0.258881,0.452609,-0.000614,-0.891547,-0.017012,0.006452,1.467031,-0.254414,0.452609,-0.000614,-0.891547,-0.017012,0.003714,1.301128,-0.259357,0.483042,0.195505,-0.847213,-0.103340,0.003714,1.301128,-0.259357,0.399931,-0.186280,-0.892922,0.089692,-0.095432,1.386803,-0.103784,0.417026,-0.077641,-0.905564,0.003880,0.116703,1.384241,-0.401538,0.434286,0.069444,-0.896584,-0.052067,-0.164595,1.110169,-0.112100,0.402328,0.036189,-0.803627,-0.437043,0.102901,1.106400,-0.467573,0.406755,-0.354033,-0.814632,-0.213509,-0.248973,0.970599,-0.283226,0.452557,-0.026313,-0.826428,-0.333940,-0.077380,0.956290,-0.496715,0.419247,-0.270794,-0.851210,-0.162309,0.000000,0.000000,0.000000,1.768193,0.765814,-737.092224,-3.826909,-1.544688,1188.027710,-125.153183,-0.287374,1246.780396,1.200174,-2.194842,42.456203,2.811520,2.130058,701.528748,-6.532166,-0.530455,-1109.812866,7.017732,0.506878,-1756.206299,1.175780,2.609584,-55.526123,-5.276251,0.749323,271.003296,5.372535,-1.386907,2258.695068,0.937037,2.047082,1927.479980,-7.461939,-3.324880,-1254.122925,12.490046,1.645194,-1221.841797,0.557618,2.940065,-2533.313477,0.365036,1.084308,-1141.656860,51.572598,-2.831777,564.978882,75.220543,6.588406,1572.368408,-6.591312,1.893044,1395.006104,10.090732,3.622267,424.272369,53.075127,0.577291,490.541840,-72.275734,1.031664,1643.899048,-13.177081,0.422372,111.886017,7.602486,-1.941098,657.903259,-0.091038,0.925715,932.252197,0.386156,-1.626889,-885.854248,0.778574,-0.818352,247.519501,-0.785417,0.942091,946.739014,-0.341036,-1.625462,-868.731628,0.810378,-0.790417,264.682495,-0.741117,0.969562,958.221252,-1.074872,-1.622160,-850.900146,0.808702,-0.751085,293.238037,2.121841,-1.221312,-1201.791992,-5.962243,-1.176675,241.925461,2.174350,1.536661,778.779358,-5.936637,-2.833419,161.959808,-5.013711,-0.938522,-1094.913208,-0.694575,-3.911786,-1184.957520,2.763817,3.718085,2163.707031,-2.187449,1.363913,918.534729,7.520949,-0.708103,-873.467285,5.446685,-3.760815,1719.353760,1,1
409,4225,-0.093841,0.939436,-0.327372,0.460766,-0.022520,-0.886746,-0.029484,-0.093841,0.939436,-0.327372,0.460766,-0.022520,-0.886746,-0.029484,-0.097572,0.858038,-0.234327,0.515094,-0.031781,-0.853020,-0.077617,-0.008820,0.856065,-0.360801,0.410224,-0.050420,-0.910266,-0.024295,-0.152741,0.458485,-0.277142,0.490027,0.029679,-0.871072,0.015072,-0.055905,0.453765,-0.361502,0.428337,-0.027131,-0.902600,0.033233,-0.120146,0.051775,-0.271745,0.462129,0.028679,-0.886303,0.009017,-0.059738,0.047817,-0.320321,0.461281,0.009142,-0.887195,0.004665,-0.006216,1.013356,-0.267035,0.463905,-0.018676,-0.885365,-0.023897,0.001954,1.197101,-0.262121,0.452789,-0.000938,-0.891448,-0.017396,0.004045,1.317028,-0.258501,0.452789,-0.000938,-0.891448,-0.017396,0.006658,1.466937,-0.253976,0.452789,-0.000938,-0.891448,-0.017396,0.003766,1.301037,-0.258984,0.482704,0.195082,-0.847441,-0.103848,0.003766,1.301037,-0.258984,0.399988,-0.186539,-0.892872,0.089396,-0.095336,1.386756,-0.103411,0.416819,-0.078552,-0.905586,0.002406,0.116855,1.384130,-0.401107,0.433943,0.069355,-0.896746,-0.052244,-0.165316,1.110254,-0.112281,0.402304,0.036155,-0.803495,-0.437311,0.102970,1.106287,-0.467206,0.406953,-0.353884,-0.814650,-0.213310,-0.249754,0.970797,-0.283470,0.452628,-0.026262,-0.826421,-0.333867,-0.077247,0.956084,-0.496267,0.419448,-0.270565,-0.851227,-0.162080,0.000000,0.000000,0.000000,1.811311,3.316714,196.223114,-3.847991,-1.621742,-5.927233,-125.146820,0.489455,59.756065,1.159171,-3.154122,-73.790787,2.816628,0.392895,-133.627899,-6.519526,0.972308,115.597122,7.038049,1.562852,81.228790,1.202544,2.058809,-42.367329,-5.279528,-0.252063,-77.029739,5.431079,4.503397,453.100372,0.980079,3.310919,97.218246,-7.454440,0.576863,300.134033,12.557706,5.204641,273.803589,0.588411,2.368739,-43.948174,0.121497,-18.733736,-1524.464966,51.512337,-4.635444,-138.743637,75.272926,4.029494,-196.839371,-6.596063,-0.365441,-173.729553,10.098342,0.585409,-233.604431,52.940384,-10.364826,-841.701294,-72.204002,5.517813,345.088379,-13.190986,-1.069582,-114.765709,7.643652,3.166639,392.902863,-0.078845,0.937883,0.936022,0.391053,0.376697,154.121964,0.773829,-0.364968,34.875656,-0.773321,0.930438,-0.896426,-0.336041,0.384207,154.589890,0.805635,-0.364835,32.737057,-0.729062,0.927297,-3.251177,-1.069770,0.392483,154.972549,0.804119,-0.352584,30.653873,2.117461,-0.336977,68.025787,-5.989434,-2.091628,-70.380974,2.167369,-0.536974,-159.510330,-5.877470,4.551301,568.055359,-5.017687,-0.305799,48.670937,-0.712122,-1.349807,197.075333,2.740898,-1.763050,-421.625763,-2.187656,-0.015919,-106.140938,7.513913,-0.541284,12.832279,5.561810,8.855746,970.504639,1,1
410,4236,-0.093758,0.939392,-0.327507,0.460747,-0.022646,-0.886758,-0.029317,-0.093758,0.939392,-0.327507,0.460747,-0.022646,-0.886758,-0.029317,-0.097498,0.858033,-0.234429,0.515187,-0.031788,-0.852962,-0.077635,-0.008742,0.856001,-0.360899,0.410208,-0.050481,-0.910272,-0.024200,-0.152687,0.458480,-0.277249,0.490072,0.029807,-0.871039,0.015225,-0.055840,0.453704,-0.361511,0.428307,-0.027218,-0.902611,0.033264,-0.119940,0.051783,-0.271797,0.462283,0.028643,-0.886225,0.008845,-0.059727,0.047761,-0.320276,0.461740,0.010666,-0.886944,0.003575,-0.006130,1.013331,-0.267198,0.463894,-0.018699,-0.885378,-0.023634,0.001974,1.197081,-0.262383,0.452794,-0.000752,-0.891454,-0.016939,0.003976,1.317012,-0.258840,0.452794,-0.000752,-0.891454,-0.016939,0.006478,1.466925,-0.254412,0.452794,-0.000752,-0.891454,-0.016939,0.003709,1.301021,-0.259313,0.482731,0.195217,-0.847448,-0.103404,0.003709,1.301021,-0.259313,0.399983,-0.186365,-0.892868,0.089826,-0.095451,1.386769,-0.103795,0.416895,-0.078521,-0.905553,0.002505,0.116737,1.384080,-0.401492,0.433894,0.069251,-0.896784,-0.052136,-0.165391,1.110259,-0.112618,0.402287,0.036094,-0.803554,-0.437223,0.102824,1.106225,-0.467507,0.407020,-0.353941,-0.814600,-0.213278,-0.249830,0.970764,-0.283776,0.452551,-0.026441,-0.826337,-0.334164,-0.077409,0.956034,-0.496528,0.419446,-0.270709,-0.851145,-0.162279,0.000000,0.000000,0.000000,1.787678,-2.363276,-567.999084,-3.851986,-0.399446,122.229507,-125.148659,-0.183868,-67.332336,1.163535,0.436461,359.058289,2.806576,-1.005197,-139.809204,-6.518042,0.148392,-82.391586,7.030296,-0.775290,-233.814163,1.247495,4.495025,243.621613,-5.505021,-22.549248,-2229.718262,5.443733,1.265383,-323.801422,1.000233,2.015489,-129.542969,-7.472375,-1.793480,-237.034271,12.582253,2.454758,-274.988312,0.630199,4.178798,181.005905,0.121758,0.026076,1875.981079,51.511448,-0.088882,454.656158,75.296249,2.332306,-169.718842,-6.598426,-0.236320,12.912018,10.069314,-2.902794,-348.820312,52.939041,-0.134277,1023.054871,-72.220871,-1.686859,-720.467163,-13.179535,1.145077,221.465912,7.596270,-4.738235,-790.487427,-0.084214,-0.536907,-147.478989,0.391788,0.073493,-30.320423,0.789190,1.536077,190.104568,-0.778589,-0.526804,-145.724152,-0.335168,0.087285,-29.692190,0.820962,1.532692,189.752716,-0.734426,-0.536412,-146.370895,-1.068776,0.099432,-29.305035,0.819339,1.522040,187.462479,2.120140,0.267935,60.491192,-5.977695,1.173925,326.555328,2.165382,-0.198746,33.822792,-5.867240,1.023054,-352.824646,-5.013227,0.445938,75.173752,-0.726718,-1.459551,-10.974395,2.784246,4.334807,609.785767,-2.186828,0.082755,9.867412,7.500544,-1.336861,-79.557709,5.599691,3.788090,-506.765686,1,1
411,4243,-0.093951,0.939393,-0.327456,0.460683,-0.022526,-0.886795,-0.029289,-0.093951,0.939393,-0.327456,0.460683,-0.022526,-0.886795,-0.029289,-0.097686,0.858028,-0.234384,0.515024,-0.031485,-0.853081,-0.077531,-0.008910,0.856024,-0.360840,0.410164,-0.050382,-0.910298,-0.024193,-0.152616,0.458444,-0.277273,0.489822,0.030227,-0.871160,0.015522,-0.055933,0.453718,-0.361482,0.428261,-0.027118,-0.902635,0.033286,-0.119455,0.051781,-0.271766,0.462046,0.029056,-0.886333,0.009126,-0.059742,0.047773,-0.320266,0.461704,0.010751,-0.886962,0.003592,-0.006350,1.013349,-0.267130,0.463849,-0.018615,-0.885404,-0.023627,0.001734,1.197100,-0.262301,0.452788,-0.000738,-0.891456,-0.016975,0.003736,1.317030,-0.258750,0.452788,-0.000738,-0.891456,-0.016975,0.006240,1.466944,-0.254311,0.452788,-0.000738,-0.891456,-0.016975,0.003469,1.301040,-0.259223,0.482718,0.195217,-0.847452,-0.103430,0.003469,1.301040,-0.259223,0.399997,-0.186367,-0.892864,0.089794,-0.095688,1.386787,-0.103702,0.416904,-0.078559,-0.905546,0.002480,0.116497,1.384099,-0.401400,0.433909,0.069211,-0.896778,-0.052176,-0.165654,1.110283,-0.112528,0.402286,0.036059,-0.803556,-0.437222,0.102552,1.106246,-0.467424,0.407033,-0.353981,-0.814576,-0.213279,-0.250105,0.970787,-0.283679,0.452555,-0.026478,-0.826336,-0.334157,-0.077695,0.956069,-0.496433,0.419466,-0.270752,-0.851122,-0.162276,0.000000,0.000000,0.000000,1.791509,0.478819,355.261932,-3.838171,1.726896,265.792755,-125.157059,-1.049995,-108.265877,1.165910,0.296786,-17.459318,2.808226,0.206292,151.436035,-6.515297,0.343084,24.336576,7.031773,0.184596,119.985641,1.249386,0.236422,-532.325378,-5.503898,0.140369,2836.202148,5.427877,-1.981974,-405.919556,1.017341,2.138406,15.364588,-7.458379,1.749456,442.866974,12.608375,3.265142,101.298096,0.631537,0.167184,-501.451843,0.120151,-0.200816,-28.361496,51.509365,-0.260353,-21.433830,75.295677,-0.071526,-300.478943,-6.597709,0.089586,40.738285,10.069841,0.065923,371.089569,52.935638,-0.425339,-36.382675,-72.221008,-0.017166,208.711624,-13.180187,-0.081539,-153.326996,7.596786,0.064433,600.333496,-0.081614,0.325070,107.747063,0.394329,0.317518,30.503143,0.785175,-0.501908,-254.748199,-0.776052,0.317246,105.506180,-0.332648,0.315063,28.472208,0.816927,-0.504375,-254.633270,-0.731901,0.315666,106.509773,-1.066271,0.313133,26.712566,0.815319,-0.502452,-253.061600,2.121809,0.208676,-7.407367,-5.975992,0.212848,-120.134651,2.163374,-0.250965,-6.527453,-5.867047,0.024080,-124.871735,-5.011527,0.212610,-29.166042,-0.726205,0.064120,190.458817,2.786623,0.297129,-504.709778,-2.188666,-0.229686,-39.055199,7.499372,-0.146449,148.801498,5.601461,0.221252,-445.854675,1,1
412,4259,-0.092589,0.939448,-0.326635,0.461583,-0.023538,-0.886267,-0.030290,-0.092589,0.939448,-0.326635,0.461583,-0.023538,-0.886267,-0.030290,-0.096347,0.858007,-0.233629,0.515286,-0.031920,-0.852875,-0.077890,-0.007842,0.855881,-0.360274,0.409657,-0.051078,-0.910450,-0.025555,-0.151744,0.458489,-0.276568,0.490068,0.029984,-0.871033,0.015396,-0.055854,0.453676,-0.361726,0.428228,-0.027235,-0.902640,0.033454,-0.118804,0.051809,-0.271065,0.462151,0.028672,-0.886293,0.008956,-0.059691,0.047748,-0.320346,0.461978,0.010656,-0.886819,0.003770,-0.004663,1.013113,-0.266425,0.464481,-0.019273,-0.885040,-0.024307,0.003660,1.196850,-0.261520,0.452873,-0.000728,-0.891413,-0.016998,0.005664,1.316780,-0.257962,0.452873,-0.000728,-0.891413,-0.016998,0.008168,1.466693,-0.253516,0.452873,-0.000728,-0.891413,-0.016998,0.005397,1.300789,-0.258437,0.482737,0.195210,-0.847437,-0.103483,0.005397,1.300789,-0.258437,0.400062,-0.186347,-0.892839,0.089794,-0.093752,1.386529,-0.102905,0.416886,-0.078596,-0.905551,0.002358,0.118420,1.383853,-0.400613,0.433834,0.069173,-0.896812,-0.052258,-0.163765,1.110024,-0.111792,0.402279,0.036131,-0.803616,-0.437112,0.104438,1.105997,-0.466673,0.407018,-0.353903,-0.814638,-0.213198,-0.248167,0.970483,-0.282930,0.452522,-0.026435,-0.826374,-0.334111,-0.075773,0.955775,-0.495675,0.419437,-0.270707,-0.851158,-0.162235,0.000000,0.000000,0.000000,1.836009,2.781257,143.902390,-3.995840,-9.854301,-723.824829,-125.041504,7.222176,517.010681,1.194181,1.766965,91.886147,2.737379,-4.427925,-289.638519,-6.695555,-11.266083,-725.572937,7.218064,11.643171,716.161011,1.247112,-0.142105,-23.657921,-5.507147,-0.203073,-21.465122,5.329358,-6.157458,-260.967773,1.050355,2.063379,-4.689202,-7.381606,4.798353,190.556046,12.642081,2.106667,-72.404739,0.644390,0.803363,39.761189,0.108478,-0.729604,-33.049202,51.483662,-1.606464,-84.131958,75.300629,0.309467,23.812056,-6.596208,0.093818,0.264496,10.063167,-0.417173,-30.193478,52.907482,-1.759768,-83.401802,-72.222946,-0.121117,-6.496906,-13.178353,0.114620,12.259931,7.588484,-0.518858,-36.455692,-0.100613,-1.187462,-94.533257,0.358596,-2.233278,-159.424744,0.836444,3.204316,231.639008,-0.794205,-1.134567,-90.738297,-0.367935,-2.205489,-157.534500,0.868574,3.227897,233.266968,-0.749846,-1.121610,-89.829788,-1.101156,-2.180353,-155.842850,0.867073,3.234625,233.567322,2.122018,0.013024,-12.228266,-5.979211,-0.201195,-25.877729,2.162980,-0.024602,14.147721,-5.859312,0.483483,28.712675,-5.010626,0.056267,-9.771437,-0.735610,-0.587817,-40.746063,2.794985,0.522658,14.095567,-2.188683,-0.001103,14.286489,7.502064,0.168234,19.667669,5.611212,0.609457,24.262815,1,1
413,4266,-0.092864,0.939354,-0.326376,0.461828,-0.023209,-0.886111,-0.031368,-0.092864,0.939354,-0.326376,0.461828,-0.023209,-0.886111,-0.031368,-0.096608,0.857707,-0.233550,0.515309,-0.031661,-0.852869,-0.077905,-0.008168,0.855829,-0.360244,0.409637,-0.050891,-0.910476,-0.025341,-0.151830,0.458181,-0.276603,0.490118,0.030099,-0.871004,0.015169,-0.055970,0.453599,-0.361601,0.428171,-0.027087,-0.902667,0.033583,-0.118898,0.051497,-0.271310,0.461973,0.027074,-0.886433,0.009172,-0.059657,0.047674,-0.320178,0.461840,0.010807,-0.886895,0.002124,-0.004878,1.012849,-0.266046,0.464628,-0.019014,-0.884947,-0.025054,0.003471,1.196578,-0.260922,0.452829,-0.000622,-0.891434,-0.017074,0.005460,1.316508,-0.257337,0.452829,-0.000622,-0.891434,-0.017074,0.007946,1.466421,-0.252856,0.452829,-0.000622,-0.891434,-0.017074,0.005195,1.300518,-0.257815,0.482695,0.195285,-0.847438,-0.103523,0.005195,1.300518,-0.257815,0.400057,-0.186292,-0.892860,0.089722,-0.093962,1.386235,-0.102271,0.416927,-0.078607,-0.905532,0.002311,0.118215,1.383599,-0.399976,0.433850,0.069141,-0.896804,-0.052313,-0.163994,1.109733,-0.111176,0.402307,0.036115,-0.803597,-0.437124,0.104201,1.105746,-0.466054,0.407046,-0.353907,-0.814622,-0.213199,-0.248410,0.970196,-0.282310,0.452543,-0.026437,-0.826352,-0.334138,-0.076013,0.955526,-0.495049,0.419461,-0.270717,-0.851140,-0.162255,0.000000,0.000000,0.000000,1.962070,21.010180,3038.153564,-4.019979,-4.023314,971.831299,-125.013115,4.731496,-415.113190,1.072061,-20.353277,-3686.706787,2.819756,13.729533,3026.242920,-6.737076,-6.920258,724.304138,7.207115,-1.824776,-2244.657959,1.434756,31.273962,5236.011230,-5.601959,-15.801987,-2599.818848,5.226131,-17.204523,-1841.177612,0.992589,-9.627650,-1948.504761,-7.341204,6.733576,322.537262,12.613726,-4.725933,-1138.766602,0.701446,9.509246,1450.980469,-0.089897,-33.062420,-5388.802734,51.477280,-1.063665,90.466606,75.302048,0.236511,-12.159348,-6.596146,0.010411,-13.901128,10.061019,-0.357946,9.871190,52.902840,-0.773748,164.336624,-72.223381,-0.072479,8.106232,-13.176263,0.348409,38.964882,7.587357,-0.187874,55.164097,-0.076120,4.082106,878.261414,0.344694,-2.317051,-13.962189,0.866131,4.947970,290.609100,-0.769326,4.146357,880.153992,-0.381063,-2.187932,2.926111,0.898607,5.005518,296.270233,-0.724966,4.146804,878.069092,-1.113514,-2.059599,20.125668,0.897745,5.111873,312.874725,2.126978,0.826677,135.608841,-5.975646,0.594219,132.569000,2.158272,-0.784755,-126.692162,-5.860962,-0.275135,-126.436348,-5.005692,0.822465,127.699646,-0.733428,0.363727,158.590790,2.798355,0.561595,6.489456,-2.192902,-0.703096,-116.998955,7.497148,-0.819445,-164.613129,5.614835,0.603755,-0.950366,1,1
414,4285,-0.092917,0.939379,-0.326132,0.461843,-0.023338,-0.886090,-0.031636,-0.092917,0.939379,-0.326132,0.461843,-0.023338,-0.886090,-0.031636,-0.096697,0.857701,-0.233336,0.515248,-0.031905,-0.852902,-0.077843,-0.008263,0.855826,-0.360034,0.409636,-0.050848,-0.910470,-0.025638,-0.152060,0.458178,-0.276249,0.490063,0.029907,-0.871039,0.015319,-0.056136,0.453601,-0.361627,0.428254,-0.026920,-0.902632,0.033596,-0.119205,0.051490,-0.270770,0.461970,0.027141,-0.886432,0.009216,-0.059691,0.047671,-0.320252,0.462312,0.012179,-0.886630,0.002409,-0.004894,1.012811,-0.265780,0.464663,-0.019155,-0.884922,-0.025165,0.003507,1.196538,-0.260676,0.452911,-0.000789,-0.891396,-0.016862,0.005509,1.316470,-0.257154,0.452911,-0.000789,-0.891396,-0.016862,0.008011,1.466384,-0.252752,0.452911,-0.000789,-0.891396,-0.016862,0.005242,1.300479,-0.257624,0.482815,0.195133,-0.847426,-0.103356,0.005242,1.300479,-0.257624,0.400101,-0.186383,-0.892801,0.089924,-0.093881,1.386268,-0.102103,0.416991,-0.078685,-0.905495,0.002479,0.118246,1.383511,-0.399835,0.433886,0.069107,-0.896794,-0.052235,-0.163901,1.109781,-0.110918,0.401877,0.036234,-0.803701,-0.437318,0.104232,1.105651,-0.465864,0.407060,-0.353920,-0.814611,-0.213196,-0.248218,0.970333,-0.282174,0.451504,-0.025540,-0.826410,-0.335467,-0.075986,0.955435,-0.494852,0.419459,-0.270736,-0.851126,-0.162295,0.000000,0.000000,0.000000,1.982430,1.018006,-999.608704,-4.047358,-1.368904,132.720474,-125.011703,0.070572,-233.046219,1.064798,-0.363189,999.504395,2.798892,-1.043200,-738.636658,-6.739124,-0.102401,340.892883,7.244798,1.884127,185.445145,1.351888,-4.143429,-1770.869507,-5.712437,-5.523896,513.904541,5.196841,-1.464510,787.000610,0.964249,-1.416978,410.533630,-7.328042,0.658131,-303.772278,12.624574,0.542402,263.416779,0.697475,-0.198543,-485.389404,-0.057905,1.599601,1733.101196,51.480972,0.184631,62.414806,75.307037,0.249481,0.648499,-6.597839,-0.084662,-4.753669,10.056129,-0.244522,5.671184,52.949726,2.344322,155.903488,-72.246986,-1.180267,-55.389404,-13.016808,7.972764,381.217773,7.521252,-3.305244,-155.868530,-0.066306,0.490724,-179.569122,0.346569,0.093774,120.541283,0.881548,0.770828,-208.857101,-0.759445,0.494051,-182.615311,-0.378837,0.111312,114.962204,0.914060,0.772667,-211.642578,-0.715220,0.487283,-182.976074,-1.110945,0.128454,109.402634,0.913353,0.780424,-216.572433,2.119998,-0.348997,-58.783684,-5.975555,0.004506,-29.485622,2.161898,0.181329,48.304199,-5.860690,0.013638,14.438629,-5.012311,-0.330973,-57.671867,-0.737753,-0.216246,-28.998653,2.804739,0.319207,-12.119412,-2.189264,0.181878,44.248699,7.497425,0.013876,41.666031,5.615483,0.032401,-28.567709,1,1
415,4290,-0.092789,0.939375,-0.326348,0.461726,-0.023426,-0.886151,-0.031580,-0.092789,0.939375,-0.326348,0.461726,-0.023426,-0.886151,-0.031580,-0.096601,0.857715,-0.233537,0.515165,-0.031949,-0.852955,-0.077793,-0.008135,0.855806,-0.360212,0.409517,-0.050967,-0.910519,-0.025561,-0.151970,0.458187,-0.276403,0.489985,0.029853,-0.871084,0.015373,-0.056070,0.453589,-0.361715,0.428142,-0.027051,-0.902679,0.033669,-0.119132,0.051499,-0.270860,0.461904,0.027108,-0.886467,0.009257,-0.059702,0.047668,-0.320241,0.462214,0.012048,-0.886683,0.002483,-0.004773,1.012808,-0.265987,0.464552,-0.019219,-0.884981,-0.025118,0.003637,1.196536,-0.260904,0.452809,-0.000806,-0.891448,-0.016832,0.005639,1.316468,-0.257390,0.452809,-0.000806,-0.891448,-0.016832,0.008141,1.466383,-0.252999,0.452809,-0.000806,-0.891448,-0.016832,0.005372,1.300477,-0.257859,0.482739,0.195121,-0.847479,-0.103299,0.005372,1.300477,-0.257859,0.399993,-0.186401,-0.892846,0.089927,-0.093779,1.386282,-0.102363,0.416926,-0.078715,-0.905522,0.002522,0.118408,1.383506,-0.400049,0.433782,0.069129,-0.896843,-0.052209,-0.163801,1.109794,-0.111155,0.401850,0.036215,-0.803753,-0.437249,0.104422,1.105644,-0.466076,0.406964,-0.353876,-0.814673,-0.213213,-0.248106,0.970317,-0.282394,0.451468,-0.025567,-0.826452,-0.335410,-0.075780,0.955416,-0.495102,0.419361,-0.270694,-0.851188,-0.162295,0.000000,0.000000,0.000000,1.972683,-1.949286,-593.458374,-4.053081,-1.144695,44.841766,-125.026581,-2.975464,-609.207153,1.064843,0.009060,74.449783,2.803550,0.931644,394.968994,-6.738848,0.055218,31.523706,7.244133,-0.133038,-403.432831,1.351734,-0.030708,822.544128,-5.712261,0.035191,1111.817383,5.194773,-0.413513,210.199371,0.968061,0.762427,435.881042,-7.332718,-0.935364,-318.698883,12.624110,-0.092697,-127.019882,0.697872,0.079286,55.565834,-0.055193,0.542364,-211.447479,51.479755,-0.243378,-85.601807,75.306961,-0.015259,-52.947998,-6.597832,0.001335,17.199516,10.056975,0.169373,82.778931,52.946373,-0.670624,-602.989197,-72.246460,0.105286,257.110596,-13.016034,0.154686,-1563.615723,7.520092,-0.231934,614.662170,-0.069206,-0.579914,-214.127594,0.347313,0.148737,10.992586,0.881912,0.072765,-139.612564,-0.762354,-0.581717,-215.153687,-0.378133,0.140744,5.886555,0.914395,0.067043,-141.124725,-0.718142,-0.584340,-214.324585,-1.110283,0.132275,0.764132,0.913623,0.054049,-145.274994,2.118603,-0.278902,14.019012,-5.975736,-0.036144,-8.130074,2.161189,-0.141811,-64.628128,-5.862531,-0.368309,-76.389313,-5.013710,-0.279903,10.213852,-0.737832,-0.015903,40.068626,2.804473,-0.053215,-74.484352,-2.189908,-0.128651,-62.105659,7.495611,-0.362873,-75.349808,5.614781,-0.140285,-34.537315,1,1
416,4295,-0.092695,0.939370,-0.326373,0.461715,-0.023480,-0.886154,-0.031594,-0.092695,0.939370,-0.326373,0.461715,-0.023480,-0.886154,-0.031594,-0.096519,0.857713,-0.233560,0.515186,-0.031969,-0.852940,-0.077815,-0.008050,0.855790,-0.360233,0.409533,-0.051015,-0.910509,-0.025574,-0.151910,0.458189,-0.276431,0.490009,0.029834,-0.871072,0.015348,-0.056025,0.453578,-0.361729,0.428161,-0.027096,-0.902669,0.033657,-0.119096,0.051499,-0.270899,0.461939,0.027100,-0.886449,0.009222,-0.059693,0.047659,-0.320249,0.462245,0.012013,-0.886667,0.002467,-0.004672,1.012795,-0.266012,0.464549,-0.019315,-0.884979,-0.025159,0.003785,1.196521,-0.260932,0.452822,-0.000983,-0.891440,-0.016923,0.005835,1.316452,-0.257418,0.452822,-0.000983,-0.891440,-0.016923,0.008397,1.466365,-0.253026,0.452822,-0.000983,-0.891440,-0.016923,0.005562,1.300461,-0.257887,0.482716,0.194898,-0.847533,-0.103383,0.005562,1.300461,-0.257887,0.400035,-0.186564,-0.892802,0.089841,-0.093549,1.386340,-0.102398,0.416913,-0.079058,-0.905498,0.002466,0.118620,1.383455,-0.400082,0.433818,0.068995,-0.896830,-0.052314,-0.163756,1.109902,-0.111139,0.401653,0.035825,-0.803821,-0.437336,0.104536,1.105602,-0.466126,0.406991,-0.354001,-0.814588,-0.213280,-0.248178,0.970462,-0.282350,0.451304,-0.025965,-0.826484,-0.335523,-0.075715,0.955431,-0.495140,0.419398,-0.270818,-0.851118,-0.162363,0.000000,0.000000,0.000000,1.971276,-0.281453,333.566681,-4.059347,-1.253128,-21.686554,-125.027908,-0.265503,541.992188,1.064477,-0.073242,-16.460419,2.802860,-0.137997,-213.928223,-6.735463,0.677109,124.378197,7.244481,0.069618,40.531158,1.351544,-0.038028,-1.463890,-5.713392,-0.226212,-52.280426,5.193650,-0.224590,37.784576,0.971362,0.660157,-20.453930,-7.337412,-0.938702,-0.667572,12.623717,-0.078583,2.822876,0.698089,0.043559,-7.145405,-0.053281,0.382508,-31.971039,51.478527,-0.245667,-0.457764,75.307770,0.161743,35.400391,-6.597842,-0.001907,-0.648499,10.057917,0.188255,3.776550,52.949242,0.573730,248.870850,-72.255112,-1.730347,-367.126465,-13.014803,0.246239,18.310547,7.519953,-0.027847,40.817261,-0.066411,0.558867,227.756226,0.348193,0.175971,5.446672,0.877070,-0.968301,-208.213333,-0.759603,0.550246,226.392746,-0.377275,0.171584,6.167889,0.909560,-0.967014,-206.811432,-0.715373,0.553823,227.632523,-1.109442,0.168324,7.209778,0.908832,-0.958288,-202.467438,2.116859,-0.348902,-13.999939,-5.974788,0.189590,45.146942,2.154731,-1.291752,-229.988083,-5.859257,0.654888,204.639435,-5.015568,-0.371456,-18.310547,-0.736144,0.337720,70.724487,2.803568,-0.181055,-25.568008,-2.195991,-1.216650,-217.599884,7.494979,-0.126362,47.302246,5.620543,1.152325,258.522034,1,1
417,4304,-0.092011,0.939382,-0.326033,0.460903,-0.023729,-0.886577,-0.031407,-0.092011,0.939382,-0.326033,0.460903,-0.023729,-0.886577,-0.031407,-0.096026,0.857785,-0.233176,0.514713,-0.031180,-0.853355,-0.076713,-0.007330,0.855757,-0.359688,0.408992,-0.051390,-0.910704,-0.026512,-0.150376,0.458090,-0.275640,0.489733,0.029861,-0.871225,0.015425,-0.055904,0.453608,-0.361788,0.427893,-0.027154,-0.902796,0.033603,-0.117516,0.051404,-0.270052,0.461916,0.025852,-0.886499,0.009241,-0.059648,0.047688,-0.320327,0.462602,0.012236,-0.886478,0.002543,-0.004075,1.012819,-0.265560,0.463978,-0.019332,-0.885281,-0.025049,0.004332,1.196547,-0.260476,0.452718,-0.000533,-0.891492,-0.016988,0.006292,1.316478,-0.256899,0.452718,-0.000533,-0.891492,-0.016988,0.008741,1.466391,-0.252428,0.452718,-0.000533,-0.891492,-0.016988,0.006030,1.300487,-0.257376,0.482636,0.195332,-0.847478,-0.103383,0.006030,1.300487,-0.257376,0.399974,-0.186220,-0.892908,0.089769,-0.093153,1.386226,-0.101853,0.416980,-0.078684,-0.905501,0.002392,0.119055,1.383580,-0.399523,0.433796,0.069166,-0.896827,-0.052325,-0.163184,1.109780,-0.110713,0.401597,0.035264,-0.803848,-0.437383,0.105055,1.105731,-0.465616,0.407008,-0.353898,-0.814635,-0.213240,-0.247809,0.970356,-0.281835,0.451056,-0.025876,-0.826659,-0.335430,-0.075159,0.955517,-0.494637,0.419421,-0.270755,-0.851137,-0.162307,0.000000,0.000000,0.000000,1.942750,-3.169550,-320.899628,-4.072899,-1.505852,-28.080410,-125.132080,-11.574639,-1256.570801,1.181131,12.961559,1448.311279,2.752451,-5.601061,-607.007141,-6.695444,4.446559,418.827850,7.351252,11.863444,1310.425171,1.327503,-2.671162,-292.570496,-5.737009,-2.624141,-266.436584,5.048204,-16.160700,-1770.678833,1.030456,6.565988,656.203430,-7.375559,-4.238553,-366.650085,12.478973,-16.082659,-1778.230713,0.780321,9.136843,1010.364807,-0.179550,-14.029894,-1601.378052,51.480373,0.205146,50.090275,75.300819,-0.772264,-103.778595,-6.591912,0.658883,73.421150,10.057201,-0.079473,-29.747576,52.938892,-1.149919,-191.516647,-72.331886,-8.530511,-755.573792,-12.950603,7.133378,765.237671,7.574946,6.110350,682.021912,-0.093379,-2.996448,-395.034943,0.380074,3.542347,374.041840,0.881441,0.485612,161.545959,-0.787034,-3.047910,-399.795135,-0.345758,3.501902,370.035339,0.913332,0.419060,154.008240,-0.743330,-3.106422,-406.693817,-1.078323,3.457652,365.480957,0.911672,0.315607,141.543808,2.127247,1.154184,167.009567,-5.969629,0.573211,42.624531,2.151818,-0.323666,107.565041,-5.863939,-0.520229,-130.568604,-5.005147,1.157867,169.924744,-0.733738,0.267247,-7.830285,2.809723,0.683917,96.108002,-2.198211,-0.246684,107.774025,7.486470,-0.945462,-91.011139,5.624386,0.427034,-80.587837,1,1
418,4315,-0.091749,0.939374,-0.326139,0.460788,-0.023914,-0.886631,-0.031446,-0.091749,0.939374,-0.326139,0.460788,-0.023914,-0.886631,-0.031446,-0.095817,0.857788,-0.233274,0.514389,-0.030826,-0.853555,-0.076799,-0.007091,0.855713,-0.359764,0.409086,-0.051554,-0.910650,-0.026576,-0.149948,0.458081,-0.275973,0.489226,0.030537,-0.871478,0.015866,-0.055809,0.453581,-0.361851,0.428024,-0.027272,-0.902730,0.033631,-0.116439,0.051449,-0.270320,0.461574,0.026274,-0.886661,0.009530,-0.059623,0.047668,-0.320329,0.462612,0.012008,-0.886476,0.002422,-0.003801,1.012785,-0.265652,0.463863,-0.019499,-0.885333,-0.025218,0.004697,1.196507,-0.260514,0.452594,-0.000664,-0.891546,-0.017416,0.006731,1.316434,-0.256860,0.452594,-0.000664,-0.891546,-0.017416,0.009273,1.466343,-0.252292,0.452594,-0.000664,-0.891546,-0.017416,0.006460,1.300444,-0.257347,0.482060,0.195276,-0.847756,-0.103900,0.006460,1.300444,-0.257347,0.400047,-0.186095,-0.892964,0.089144,-0.092881,1.386079,-0.101886,0.416034,-0.078782,-0.905929,0.001304,0.119550,1.383773,-0.399362,0.433489,0.069755,-0.896858,-0.053541,-0.163193,1.109698,-0.111350,0.401143,0.035766,-0.803656,-0.438112,0.105563,1.106050,-0.466225,0.407005,-0.353917,-0.814620,-0.213272,-0.247676,0.970592,-0.282802,0.451005,-0.025777,-0.826660,-0.335504,-0.074661,0.955850,-0.495254,0.419773,-0.271960,-0.850631,-0.162037,0.000000,0.000000,0.000000,1.937527,-0.474854,244.972351,-4.093563,-1.878478,-33.875141,-125.146858,-1.343467,930.106628,1.182076,0.085939,-1170.510864,2.749598,-0.259334,485.611511,-6.668489,2.450379,-181.470917,7.363192,1.085455,-979.817200,1.346722,1.747131,401.663086,-5.733303,0.336907,269.186157,5.027106,-1.917969,1294.793823,1.089829,5.397580,-106.218948,-7.351920,2.148975,580.684326,12.549827,6.441203,2047.623779,0.809209,2.626224,-591.874451,-0.199640,-1.826416,1109.407104,51.458317,-2.005144,-200.935410,75.208595,-8.384011,-691.976990,-6.437409,14.045672,1216.980835,10.031658,-2.322110,-203.876129,52.921463,-1.584486,-39.506107,-72.256607,6.843567,1397.643433,-13.038681,-8.007136,-1376.410400,7.625990,4.640406,-133.631317,-0.102230,-0.804623,199.256790,0.380516,0.040222,-318.374969,0.869272,-1.106284,-144.717834,-0.795970,-0.812362,203.231598,-0.345619,0.012642,-317.205505,0.901106,-1.111453,-139.137589,-0.752192,-0.805627,209.163147,-1.078483,-0.014511,-315.651184,0.899283,-1.126327,-131.084900,2.087096,-3.650059,-436.749390,-5.959428,0.927405,32.199429,2.162704,0.989719,119.398659,-5.815742,4.381483,445.610229,-5.043613,-3.496950,-423.165161,-0.749564,-1.438715,-155.087509,2.850325,3.691110,273.381134,-2.186891,1.029123,115.982422,7.517889,2.856255,345.610626,5.665446,3.732725,300.517303,1,1
419,4323,-0.092107,0.939405,-0.326207,0.460786,-0.024003,-0.886632,-0.031369,-0.092107,0.939405,-0.326207,0.460786,-0.024003,-0.886632,-0.031369,-0.096182,0.857839,-0.233324,0.514491,-0.031047,-0.853486,-0.076791,-0.007456,0.855730,-0.359814,0.408953,-0.051410,-0.910721,-0.026475,-0.150467,0.458143,-0.275917,0.489363,0.030304,-0.871410,0.015837,-0.056036,0.453580,-0.361883,0.427900,-0.027116,-0.902787,0.033801,-0.117134,0.051497,-0.270198,0.461810,0.025872,-0.886551,0.009430,-0.059682,0.047672,-0.320289,0.462418,0.012210,-0.886574,0.002587,-0.004153,1.012822,-0.265736,0.463889,-0.019544,-0.885321,-0.025138,0.004339,1.196545,-0.260630,0.452675,-0.000621,-0.891507,-0.017332,0.006354,1.316472,-0.256988,0.452675,-0.000621,-0.891507,-0.017332,0.008874,1.466382,-0.252437,0.452675,-0.000621,-0.891507,-0.017332,0.006086,1.300482,-0.257474,0.482058,0.195542,-0.847689,-0.103955,0.006086,1.300482,-0.257474,0.400203,-0.185974,-0.892916,0.089179,-0.093303,1.385942,-0.101992,0.415959,-0.078081,-0.906025,0.000876,0.119122,1.383862,-0.399513,0.433548,0.069846,-0.896803,-0.053874,-0.163352,1.109519,-0.111851,0.401094,0.036109,-0.803512,-0.438393,0.105091,1.106207,-0.466555,0.407343,-0.353766,-0.814350,-0.213904,-0.247753,0.970535,-0.283442,0.451072,-0.025573,-0.826581,-0.335623,-0.075188,0.956107,-0.495763,0.420103,-0.271981,-0.850335,-0.162695,0.000000,0.000000,0.000000,1.925001,-1.565680,-136.353241,-4.098522,-0.619948,157.316299,-125.146683,0.021935,170.675186,1.167208,-1.858458,-243.049622,2.727499,-2.762347,-312.876648,-6.684006,-1.939535,-548.739319,7.370740,0.943542,-17.739162,1.346135,-0.073358,-227.561218,-5.738793,-0.686228,-127.891930,5.039695,1.573563,436.441467,1.078102,-1.465872,-857.931458,-7.365985,-1.758099,-488.384216,12.544983,-0.605464,-880.833374,0.827111,2.237722,-48.562706,-0.212014,-1.546683,34.966694,51.477577,2.407551,551.586792,75.239273,3.834724,1527.341919,-6.415533,2.734601,-1413.883911,10.024069,-0.948668,171.680328,52.908699,-1.595497,-1.376331,-72.294830,-4.777908,-1452.684448,-13.066245,-3.445506,570.203796,7.635012,1.127720,-439.085724,-0.106355,-0.515661,36.120281,0.384105,0.448555,51.041557,0.871960,0.336081,180.295593,-0.800131,-0.520140,36.527821,-0.342055,0.445452,54.101246,0.903720,0.326730,179.772949,-0.756424,-0.529014,34.576706,-1.074950,0.441551,57.007778,0.901770,0.310890,179.652222,2.077157,-1.242340,300.964874,-5.948204,1.403034,59.453598,2.193817,3.889084,362.420624,-5.807142,1.075089,-413.299255,-5.052310,-1.087129,301.227661,-0.758763,-1.149833,36.110252,2.884008,4.210413,64.912857,-2.155989,3.862709,354.198212,7.526578,1.086235,-221.252441,5.672870,0.927925,-350.599945,1,1
420,4333,-0.092352,0.939304,-0.325550,0.460803,-0.024213,-0.886621,-0.031268,-0.092352,0.939304,-0.325550,0.460803,-0.024213,-0.886621,-0.031268,-0.096444,0.857774,-0.232636,0.514582,-0.031040,-0.853430,-0.076801,-0.007727,0.855592,-0.359131,0.409030,-0.051276,-0.910696,-0.026428,-0.150736,0.458076,-0.275236,0.489410,0.030434,-0.871376,0.015981,-0.056187,0.453432,-0.361203,0.427877,-0.027103,-0.902808,0.033522,-0.117252,0.051444,-0.269469,0.461910,0.025887,-0.886499,0.009430,-0.059922,0.047504,-0.319819,0.461041,0.012930,-0.887284,0.000952,-0.004374,1.012718,-0.265112,0.463584,-0.020082,-0.885471,-0.025060,0.004339,1.196435,-0.260147,0.451738,-0.001813,-0.891982,-0.017258,0.006598,1.316363,-0.256649,0.451738,-0.001813,-0.891982,-0.017258,0.009422,1.466273,-0.252277,0.451738,-0.001813,-0.891982,-0.017258,0.006297,1.300373,-0.257115,0.481459,0.194976,-0.848171,-0.103867,0.006297,1.300373,-0.257115,0.399444,-0.186991,-0.893068,0.088929,-0.093140,1.385893,-0.101783,0.415879,-0.077819,-0.906084,0.000448,0.119656,1.383559,-0.399076,0.433389,0.069696,-0.896887,-0.053936,-0.163152,1.109471,-0.111929,0.401055,0.035979,-0.803481,-0.438496,0.105545,1.105900,-0.466119,0.407327,-0.353507,-0.814450,-0.213985,-0.247612,0.970529,-0.283526,0.451154,-0.025778,-0.826591,-0.335475,-0.074664,0.955733,-0.495419,0.420211,-0.271864,-0.850363,-0.162469,0.000000,0.000000,0.000000,1.903500,-2.150142,-58.446228,-4.114636,-1.611423,-99.147560,-125.143982,0.270081,24.814606,1.153619,-1.358962,49.949585,2.690696,-3.680348,-91.800064,-6.674733,0.927258,286.679260,7.331021,-3.971910,-491.545227,1.455505,10.937023,1101.038208,-5.876014,-13.722086,-1303.585815,5.039739,0.004435,-156.912811,1.105107,2.700496,416.636780,-7.379469,-1.348400,40.969849,12.567417,2.243423,284.888733,0.848166,2.105498,-13.222409,-0.216597,-0.458302,108.838135,51.432522,-4.505539,-691.308960,75.274658,3.538513,-29.621124,-6.381823,3.370953,63.635113,10.049642,2.557278,350.594543,52.869671,-3.902817,-230.731964,-72.329384,-3.455353,132.255554,-13.090880,-2.463531,98.197464,7.657416,2.240419,111.269943,-0.076187,3.016844,353.250549,0.341436,-4.266909,-471.546387,0.852199,-1.976120,-231.220093,-0.769448,3.068322,358.846191,-0.384525,-4.246938,-469.239014,0.884716,-1.900405,-222.713501,-0.724960,3.146392,367.540588,-1.117166,-4.221630,-466.318115,0.883897,-1.787245,-209.813553,2.040618,-3.653955,-241.161591,-5.927516,2.068758,66.572433,2.254071,6.025410,213.632599,-5.851440,-4.429865,-550.495422,-5.091986,-3.967524,-288.039459,-0.714049,4.471433,562.126648,2.852575,-3.143311,-735.372314,-2.095724,6.026530,216.382156,7.497089,-2.948904,-403.513916,5.647249,-2.562094,-349.001892,1,1
421,4345,-0.092193,0.939306,-0.325600,0.460822,-0.024221,-0.886607,-0.031397,-0.092193,0.939306,-0.325600,0.460822,-0.024221,-0.886607,-0.031397,-0.096292,0.857756,-0.232705,0.514443,-0.030891,-0.853504,-0.076974,-0.007580,0.855591,-0.359203,0.409097,-0.051411,-0.910655,-0.026531,-0.150547,0.458072,-0.275496,0.489221,0.030641,-0.871476,0.015925,-0.056176,0.453444,-0.361304,0.428010,-0.027150,-0.902740,0.033625,-0.116941,0.051448,-0.269842,0.461691,0.026051,-0.886609,0.009362,-0.059903,0.047525,-0.319828,0.461085,0.012831,-0.887263,0.000893,-0.004202,1.012695,-0.265149,0.463719,-0.020079,-0.885394,-0.025292,0.004558,1.196407,-0.260090,0.452101,-0.001791,-0.891789,-0.017706,0.006863,1.316331,-0.256494,0.452101,-0.001791,-0.891789,-0.017706,0.009743,1.466236,-0.252000,0.452101,-0.001791,-0.891789,-0.017706,0.006555,1.300341,-0.256974,0.481747,0.194954,-0.847951,-0.104361,0.006555,1.300341,-0.256974,0.400295,-0.187029,-0.892721,0.088507,-0.092756,1.385803,-0.101516,0.415978,-0.077759,-0.906044,0.000509,0.119687,1.383565,-0.399078,0.434492,0.069209,-0.896329,-0.054962,-0.162718,1.109355,-0.111662,0.400872,0.036147,-0.803768,-0.438123,0.105008,1.105966,-0.466506,0.407382,-0.353644,-0.814341,-0.214067,-0.247004,0.970261,-0.283220,0.450758,-0.024927,-0.827208,-0.334549,-0.075257,0.955864,-0.495790,0.420216,-0.271885,-0.850319,-0.162648,0.000000,0.000000,0.000000,1.916158,1.054823,267.080475,-4.122262,-0.635465,81.329872,-125.141861,0.176748,-7.777744,1.158053,0.369509,144.039261,2.704228,1.127640,400.665741,-6.669570,0.430266,-41.415958,7.356577,2.129714,508.468719,1.473573,1.505683,-785.945007,-5.879515,-0.291785,1119.191772,5.037442,-0.191410,-16.320414,1.124457,1.612504,-90.665947,-7.360199,1.605829,246.185730,12.582848,1.285871,-79.796043,0.851052,0.240460,-155.419861,-0.220715,-0.343192,9.592437,51.355446,-6.422997,-159.788132,75.164825,-9.152730,-1057.603638,-6.400243,-1.535018,-408.830933,10.046072,-0.297467,-237.895386,52.827698,-3.497760,33.754765,-72.374733,-3.779094,-26.978394,-13.042628,4.021009,540.378357,7.760507,8.590897,529.206421,-0.081945,-0.479827,-291.389313,0.356940,1.292013,463.243439,0.842359,-0.819996,96.343697,-0.775496,-0.503987,-297.692413,-0.369242,1.273530,460.039062,0.874630,-0.840480,88.327049,-0.731177,-0.518069,-305.371735,-1.102107,1.254946,456.381317,0.873502,-0.866309,76.744690,2.046387,0.480811,344.563843,-5.876895,4.218379,179.135132,2.249908,-0.346959,-531.030701,-5.856273,-0.402729,335.594696,-5.086080,0.492175,371.641602,-0.691918,1.844183,-218.937561,2.910843,4.855633,666.578613,-2.103590,-0.655512,-556.836853,7.520492,1.950184,408.257355,5.602780,-3.705740,-95.303856,1,1
422,4357,-0.092336,0.939388,-0.324980,0.460818,-0.024028,-0.886577,-0.032394,-0.092336,0.939388,-0.324980,0.460818,-0.024028,-0.886577,-0.032394,-0.096486,0.857660,-0.232244,0.514569,-0.030977,-0.853406,-0.077186,-0.007770,0.855690,-0.358743,0.408937,-0.051306,-0.910721,-0.026935,-0.150897,0.458006,-0.275139,0.489308,0.030691,-0.871426,0.015887,-0.056430,0.453548,-0.361189,0.427964,-0.026885,-0.902768,0.033658,-0.117269,0.051383,-0.269537,0.461889,0.025911,-0.886508,0.009506,-0.059953,0.047620,-0.319781,0.460918,0.013058,-0.887346,0.000894,-0.004305,1.012609,-0.264383,0.463720,-0.019929,-0.885378,-0.025930,0.004489,1.196315,-0.259162,0.452116,-0.001737,-0.891784,-0.017615,0.006772,1.316240,-0.255580,0.452116,-0.001737,-0.891784,-0.017615,0.009626,1.466146,-0.251103,0.452116,-0.001737,-0.891784,-0.017615,0.006467,1.300250,-0.256057,0.481801,0.194903,-0.847949,-0.104228,0.006467,1.300250,-0.256057,0.400338,-0.187003,-0.892698,0.088601,-0.092716,1.385757,-0.100540,0.416905,-0.078258,-0.905575,-0.000072,0.119539,1.383462,-0.398213,0.434827,0.069249,-0.896178,-0.054732,-0.163086,1.109406,-0.110801,0.400871,0.035599,-0.803587,-0.438501,0.104938,1.105828,-0.465551,0.406968,-0.353495,-0.814645,-0.213944,-0.247647,0.970467,-0.282349,0.450680,-0.024903,-0.827209,-0.334654,-0.075243,0.955643,-0.494922,0.419400,-0.272200,-0.850431,-0.163638,0.000000,0.000000,0.000000,2.027937,9.314944,688.343323,-4.155319,-2.754768,-176.608566,-125.145248,-0.282288,-38.252934,1.101332,-4.726778,-424.690552,2.741270,3.086865,163.268738,-6.694385,-2.067884,-208.179153,7.408908,4.360875,185.930069,1.479679,0.508795,-83.073982,-5.877215,0.191649,40.286118,4.972368,-5.422871,-435.954987,1.052297,-6.013374,-635.489868,-7.367852,-0.637730,-186.963211,12.608008,2.096732,67.571785,0.844423,-0.552391,-66.070915,-0.249216,-2.375059,-169.322220,51.356819,0.114441,544.786438,75.101685,-5.261739,324.249237,-6.415049,-1.233816,25.100182,9.896081,-12.499252,-1016.815430,52.795723,-2.664566,69.432793,-72.425255,-4.210154,-35.921711,-12.998931,3.641446,-31.630219,7.823582,5.256216,-277.890106,-0.058270,1.972885,204.392654,0.355967,-0.081062,-114.422905,0.876509,2.845854,305.487457,-0.751600,1.991302,207.940735,-0.369408,-0.013833,-107.280296,0.908941,2.859255,308.311249,-0.707506,1.972581,207.554138,-1.101481,0.052194,-100.229347,0.908259,2.896413,313.560150,2.050083,0.307957,-14.404456,-5.870383,0.542680,-306.308258,2.237152,-1.062950,-59.665909,-5.857225,-0.079354,26.947922,-5.083647,0.202696,-24.123327,-0.673652,1.522233,-26.829134,2.895340,-1.291931,-512.296936,-2.107718,-0.343978,25.961136,7.456432,-5.338312,-607.374695,5.695076,7.691383,949.760254,1,1
423,4364,-0.091735,0.939324,-0.325225,0.460856,-0.024332,-0.886547,-0.032476,-0.091735,0.939324,-0.325225,0.460856,-0.024332,-0.886547,-0.032476,-0.095925,0.857610,-0.232477,0.514662,-0.031376,-0.853324,-0.077305,-0.007224,0.855569,-0.358986,0.409005,-0.051646,-0.910671,-0.026948,-0.150664,0.457993,-0.275279,0.489478,0.030219,-0.871351,0.015654,-0.056138,0.453457,-0.361324,0.428056,-0.027216,-0.902716,0.033642,-0.117462,0.051335,-0.269660,0.462043,0.025447,-0.886444,0.009276,-0.059905,0.047542,-0.319813,0.461012,0.012709,-0.887302,0.000847,-0.003652,1.012498,-0.264647,0.463734,-0.020166,-0.885363,-0.026001,0.005218,1.196201,-0.259438,0.452080,-0.001845,-0.891801,-0.017663,0.007529,1.316125,-0.255858,0.452080,-0.001845,-0.891801,-0.017663,0.010418,1.466031,-0.251382,0.452080,-0.001845,-0.891801,-0.017663,0.007221,1.300135,-0.256335,0.481742,0.194826,-0.847993,-0.104286,0.007221,1.300135,-0.256335,0.400353,-0.187095,-0.892678,0.088531,-0.091968,1.385651,-0.100830,0.416808,-0.078296,-0.905616,-0.000151,0.120304,1.383337,-0.398493,0.434882,0.069197,-0.896148,-0.054847,-0.162371,1.109308,-0.111134,0.400761,0.035645,-0.803624,-0.438531,0.105641,1.105716,-0.465870,0.407066,-0.353557,-0.814553,-0.214004,-0.246897,0.970383,-0.282711,0.450572,-0.024868,-0.827255,-0.334686,-0.074573,0.955566,-0.495226,0.419511,-0.272273,-0.850343,-0.163691,0.000000,0.000000,0.000000,2.020080,-1.122475,-1491.059814,-4.190680,-5.051476,-328.101257,-125.140175,0.724792,143.868576,1.098150,-0.454443,610.333496,2.747549,0.897033,-312.833191,-6.690881,0.500475,366.908356,7.409648,0.105722,-607.879028,1.481966,0.326719,-26.010942,-5.876581,0.090599,-14.435677,4.978867,0.928402,907.324646,1.041924,-1.481840,647.362000,-7.377029,-1.311030,-96.185677,12.591864,-2.306393,-629.018005,0.844729,0.043724,85.159317,-0.246838,0.339734,387.827484,51.355923,-0.128065,-34.643681,75.104790,0.443595,815.047729,-6.412303,0.392233,232.292694,9.897539,0.208310,1815.366089,52.791851,-0.553131,301.633575,-72.424469,0.112261,617.487915,-12.999265,-0.047684,-527.018616,7.824385,0.114782,-734.490601,-0.064549,-0.896907,-409.970245,0.352863,-0.443437,-51.767853,0.881143,0.662003,-311.978607,-0.757802,-0.885946,-411.035461,-0.372546,-0.448282,-62.064144,0.913576,0.662199,-313.865143,-0.713688,-0.883034,-407.945038,-1.104659,-0.454102,-72.328011,0.912814,0.650755,-320.808319,2.046970,-0.444753,-107.530022,-5.865578,0.686509,20.546972,2.240283,0.447239,215.741241,-5.855420,0.257969,48.188938,-5.086906,-0.465597,-95.470421,-0.669808,0.549069,-139.023361,2.898097,0.393936,240.838043,-2.104886,0.404494,106.924660,7.459996,0.509194,835.357910,5.693471,-0.229359,-1131.534546,1,1
424,4381,-0.091880,0.939369,-0.325405,0.460709,-0.024855,-0.886595,-0.032851,-0.091880,0.939369,-0.325405,0.460709,-0.024855,-0.886595,-0.032851,-0.096201,0.857645,-0.232672,0.514779,-0.031449,-0.853263,-0.077179,-0.007466,0.855512,-0.359156,0.408932,-0.051595,-0.910709,-0.026865,-0.150942,0.458017,-0.275347,0.489660,0.030020,-0.871257,0.015572,-0.056318,0.453391,-0.361456,0.428020,-0.027115,-0.902727,0.033875,-0.117911,0.051346,-0.269716,0.461935,0.025768,-0.886490,0.009334,-0.059932,0.047489,-0.319808,0.460996,0.012942,-0.887307,0.000954,-0.003721,1.012421,-0.264789,0.463515,-0.020376,-0.885451,-0.026739,0.005319,1.196106,-0.259276,0.451680,-0.001452,-0.891974,-0.019141,0.007705,1.316017,-0.255335,0.451680,-0.001452,-0.891974,-0.019141,0.010687,1.465907,-0.250410,0.451680,-0.001452,-0.891974,-0.019141,0.007387,1.300029,-0.255861,0.481308,0.195101,-0.848031,-0.105460,0.007387,1.300029,-0.255861,0.400130,-0.187051,-0.892924,0.087146,-0.091777,1.385332,-0.100172,0.416850,-0.078463,-0.905582,-0.000693,0.120649,1.383421,-0.397725,0.434703,0.069231,-0.896204,-0.055307,-0.162408,1.109049,-0.110676,0.401122,0.034681,-0.803415,-0.438659,0.105897,1.105825,-0.465351,0.406997,-0.353508,-0.814659,-0.213815,-0.247392,0.970165,-0.282061,0.451543,-0.026469,-0.827003,-0.333879,-0.074273,0.955615,-0.494667,0.419582,-0.272308,-0.850390,-0.163207,0.000000,0.000000,0.000000,2.031367,0.663940,105.083199,-4.263423,-4.279025,45.438347,-125.159348,-1.127804,-108.976265,1.020483,-4.568668,-242.013275,2.714568,-1.940054,-166.887466,-6.681167,0.571419,4.173213,7.427691,1.061383,56.215397,1.489470,0.441404,6.746197,-5.897820,-1.249370,-78.821678,4.903482,-4.434361,-315.456635,1.058252,0.960448,143.663971,-7.411880,-2.050091,-43.474213,12.563875,-1.646379,38.824390,0.799932,-2.635121,-157.579163,-0.201843,2.646717,135.704910,51.305325,-2.976362,-167.546860,75.080902,-1.405155,-108.749985,-6.386392,1.524196,66.586075,9.924558,1.589326,81.236267,52.735245,-3.329782,-163.332397,-72.433243,-0.516106,-36.962780,-13.133894,-7.919367,-463.040222,7.879011,3.213265,182.263763,-0.116018,-3.027632,-125.336731,0.345733,-0.419433,1.412038,0.860691,-1.203088,-109.711250,-0.809287,-3.028526,-126.034096,-0.380724,-0.481034,-1.926573,0.892894,-1.216604,-110.517853,-0.764906,-3.012868,-125.284325,-1.113896,-0.543356,-5.250217,0.891260,-1.267910,-112.862640,2.078723,1.867827,136.034119,-5.880301,-0.866048,-91.326927,2.209044,-1.837590,-134.401733,-5.887101,-1.863592,-124.797676,-5.058339,1.680430,126.236931,-0.636598,1.953535,82.615631,2.823174,-4.407266,-282.423584,-2.138437,-1.973601,-139.887955,7.452768,-0.425198,-54.964264,5.642542,-2.995828,-162.733475,1,1
425,4387,-0.091938,0.939394,-0.325517,0.460618,-0.025560,-0.886614,-0.033075,-0.091938,0.939394,-0.325517,0.460618,-0.025560,-0.886614,-0.033075,-0.096392,0.857701,-0.232764,0.514815,-0.031257,-0.853280,-0.076824,-0.007643,0.855405,-0.359235,0.409036,-0.051483,-0.910674,-0.026694,-0.150848,0.458023,-0.275267,0.489821,0.029851,-0.871176,0.015392,-0.056353,0.453268,-0.361438,0.428073,-0.027058,-0.902703,0.033894,-0.118006,0.051336,-0.269703,0.461803,0.025956,-0.886554,0.009294,-0.059915,0.047365,-0.319797,0.461022,0.012922,-0.887295,0.000727,-0.003681,1.012332,-0.264907,0.463535,-0.021007,-0.885419,-0.026953,0.005587,1.196007,-0.259428,0.451920,-0.001938,-0.891847,-0.019330,0.008098,1.315916,-0.255501,0.451920,-0.001938,-0.891847,-0.019330,0.011237,1.465803,-0.250592,0.451920,-0.001938,-0.891847,-0.019330,0.007763,1.299928,-0.256025,0.481672,0.194794,-0.847859,-0.105745,0.007763,1.299928,-0.256025,0.400191,-0.187424,-0.892828,0.087050,-0.091243,1.385255,-0.100265,0.416967,-0.078220,-0.905549,-0.000278,0.121239,1.383205,-0.397783,0.433406,0.068523,-0.896834,-0.056149,-0.161648,1.108948,-0.110609,0.400991,0.034741,-0.803376,-0.438846,0.105984,1.105665,-0.465677,0.407010,-0.353586,-0.814530,-0.214151,-0.246618,0.970146,-0.282067,0.451411,-0.026291,-0.827049,-0.333958,-0.074256,0.955559,-0.495090,0.419663,-0.272248,-0.850352,-0.163294,0.000000,0.000000,0.000000,2.017446,-2.320091,-497.338470,-4.346843,-13.903300,-1604.045898,-125.170586,-1.873016,-124.202057,0.935755,-14.121284,-1592.102661,2.655069,-9.916544,-1329.415039,-6.654949,4.369656,633.039490,7.409066,-3.104210,-694.265564,1.518574,4.850765,734.893555,-5.903040,-0.869989,63.230015,4.797379,-17.683905,-2208.257324,1.119941,10.281484,1553.505859,-7.431182,-3.216982,-194.481766,12.490593,-12.213707,-1761.221313,0.764588,-5.890627,-542.584351,-0.173190,4.775534,354.802856,51.185562,-19.960403,-2830.673584,75.209732,21.471659,3812.802490,-6.388411,-0.336409,-310.100739,9.960201,5.940596,725.211609,52.807999,12.125651,2575.905518,-72.453499,-3.376007,-476.650146,-13.127764,1.021703,1490.178345,7.899331,3.386657,28.898516,-0.122196,-1.029640,332.998566,0.359675,2.323791,457.203979,0.865965,0.879069,347.026245,-0.815650,-1.060486,328.006714,-0.366802,2.320369,466.900513,0.897927,0.838816,342.570099,-0.771527,-1.103471,318.232819,-1.100010,2.314488,476.307343,0.895975,0.785857,342.294556,2.070800,-1.320481,-531.384766,-5.909758,-4.909515,-673.911194,2.229164,3.353357,865.157959,-5.913266,-4.360835,-416.207153,-5.059919,-0.263373,-323.967224,-0.727584,-15.164326,-2852.976807,2.906385,13.868571,3045.972900,-2.124549,2.314727,714.721252,7.479423,4.442533,811.288574,5.558956,-13.930957,-1822.521484,1,1
426,4393,-0.091938,0.939394,-0.325517,0.460618,-0.025560,-0.886614,-0.033075,-0.091938,0.939394,-0.325517,0.460618,-0.025560,-0.886614,-0.033075,-0.096392,0.857701,-0.232764,0.514815,-0.031257,-0.853280,-0.076824,-0.007643,0.855405,-0.359235,0.409036,-0.051483,-0.910674,-0.026694,-0.150848,0.458023,-0.275267,0.489821,0.029851,-0.871176,0.015392,-0.056353,0.453268,-0.361438,0.428073,-0.027058,-0.902703,0.033894,-0.118006,0.051336,-0.269703,0.461803,0.025956,-0.886554,0.009294,-0.059915,0.047365,-0.319797,0.461022,0.012922,-0.887295,0.000727,-0.003681,1.012332,-0.264907,0.463535,-0.021007,-0.885419,-0.026953,0.005587,1.196007,-0.259428,0.451920,-0.001938,-0.891847,-0.019330,0.008098,1.315916,-0.255501,0.451920,-0.001938,-0.891847,-0.019330,0.011237,1.465803,-0.250592,0.451920,-0.001938,-0.891847,-0.019330,0.007763,1.299928,-0.256025,0.481672,0.194794,-0.847859,-0.105745,0.007763,1.299928,-0.256025,0.400191,-0.187424,-0.892828,0.087050,-0.091243,1.385255,-0.100265,0.416967,-0.078220,-0.905549,-0.000278,0.121239,1.383205,-0.397783,0.433406,0.068523,-0.896834,-0.056149,-0.161648,1.108948,-0.110609,0.400991,0.034741,-0.803376,-0.438846,0.105984,1.105665,-0.465677,0.407010,-0.353586,-0.814530,-0.214151,-0.246618,0.970146,-0.282067,0.451411,-0.026291,-0.827049,-0.333958,-0.074256,0.955559,-0.495090,0.419663,-0.272248,-0.850352,-0.163294,0.000000,0.000000,0.000000,2.017446,0.000000,386.681854,-4.346843,0.000000,2317.216553,-125.170586,0.000000,312.169403,0.935755,0.000000,2353.547363,2.655069,0.000000,1652.757324,-6.654949,0.000000,-728.276062,7.409066,0.000000,517.368347,1.518574,0.000000,-808.460876,-5.903040,0.000000,144.998230,4.797379,0.000000,2947.317383,1.119941,0.000000,-1713.580566,-7.431182,0.000000,536.163635,12.490593,0.000000,2035.617798,0.764588,0.000000,981.771240,-0.173190,0.000000,-795.922363,51.185562,0.000000,3326.734131,75.209732,0.000000,-3578.609619,-6.388411,0.000000,56.068104,9.960201,0.000000,-990.099365,52.807999,0.000000,-2020.941895,-72.453499,0.000000,562.667847,-13.127764,0.000000,-170.283859,7.899331,0.000000,-564.442749,-0.122196,0.000000,171.606735,0.359675,0.000000,-387.298553,0.865965,0.000000,-146.511520,-0.815650,0.000000,176.747635,-0.366802,0.000000,-386.728149,0.897927,0.000000,-139.802689,-0.771527,0.000000,183.911789,-1.100010,0.000000,-385.748047,0.895975,0.000000,-130.976242,2.070800,0.000000,220.080215,-5.909758,0.000000,818.252625,2.229164,0.000000,-558.892883,-5.913266,0.000000,726.805725,-5.059919,0.000000,43.895508,-0.727584,0.000000,2527.387695,2.906385,0.000000,-2311.428467,-2.124549,0.000000,-385.787750,7.479423,0.000000,-740.422180,5.558956,0.000000,2321.826172,1,1
427,4406,-0.091934,0.939411,-0.325458,0.460588,-0.025620,-0.886623,-0.033194,-0.091934,0.939411,-0.325458,0.460588,-0.025620,-0.886623,-0.033194,-0.096412,0.857704,-0.232719,0.514793,-0.031191,-0.853298,-0.076791,-0.007655,0.855408,-0.359183,0.409028,-0.051462,-0.910677,-0.026729,-0.150806,0.458020,-0.275226,0.489814,0.029859,-0.871180,0.015346,-0.056362,0.453271,-0.361420,0.428067,-0.027032,-0.902707,0.033872,-0.117978,0.051330,-0.269698,0.461819,0.025923,-0.886546,0.009367,-0.059913,0.047365,-0.319804,0.461032,0.012892,-0.887290,0.000769,-0.003666,1.012320,-0.264832,0.463568,-0.020959,-0.885398,-0.027118,0.005600,1.195992,-0.259272,0.452070,-0.001678,-0.891766,-0.019596,0.008085,1.315899,-0.255260,0.452070,-0.001678,-0.891766,-0.019596,0.011192,1.465783,-0.250245,0.452070,-0.001678,-0.891766,-0.019596,0.007754,1.299912,-0.255795,0.481697,0.194907,-0.847789,-0.105986,0.007754,1.299912,-0.255795,0.400977,-0.187315,-0.892528,0.086738,-0.091242,1.385197,-0.099984,0.416914,-0.078355,-0.905562,-0.000374,0.120943,1.383237,-0.397724,0.434799,0.068011,-0.896137,-0.057120,-0.161725,1.108953,-0.110350,0.400559,0.033916,-0.803460,-0.439151,0.105101,1.105731,-0.465966,0.407058,-0.353637,-0.814561,-0.213858,-0.246963,0.970280,-0.281779,0.451034,-0.026792,-0.827263,-0.333897,-0.075118,0.955574,-0.495253,0.419513,-0.272107,-0.850443,-0.163443,0.000000,0.000000,0.000000,2.026514,0.697539,53.656876,-4.359180,-0.949053,-73.004051,-125.174644,-0.312218,-24.016794,0.922555,-1.015411,-78.108528,2.651252,-0.293658,-22.589102,-6.652406,0.195613,15.047175,7.410648,0.121667,9.358987,1.514637,-0.302911,-23.300831,-5.894044,0.692037,53.233650,4.775612,-1.674395,-128.799637,1.124996,0.388897,29.915184,-7.431664,-0.037010,-2.846915,12.479541,-0.850164,-65.397232,0.755277,-0.716278,-55.098324,-0.183444,-0.788761,-60.673912,51.076767,-8.368859,-643.758423,75.074043,-10.437598,-802.892212,-6.434929,-3.578369,-275.259186,9.920904,-3.022854,-232.527237,52.830833,1.756521,135.117035,-72.517265,-4.905114,-377.316437,-13.113342,1.109343,85.334099,7.964337,5.000518,384.655243,-0.135198,-1.000137,-76.933632,0.368262,0.660495,50.807316,0.867039,0.082621,6.355477,-0.828773,-1.009469,-77.651443,-0.358395,0.646642,49.741665,0.898797,0.066945,5.149630,-0.784786,-1.019886,-78.452766,-1.091796,0.631800,48.600002,0.896480,0.038844,2.987991,2.083349,0.965338,74.256805,-5.834079,5.821411,447.800842,2.212736,-1.263728,-97.209885,-5.903090,0.782747,60.211277,-5.047822,0.930603,71.584824,-0.686792,3.137813,241.370255,2.982201,5.831994,448.614899,-2.141181,-1.279391,-98.414680,7.487634,0.631589,48.583782,5.562305,0.257639,19.818369,1,1
428,4413,-0.092055,0.939396,-0.325304,0.460635,-0.025760,-0.886595,-0.033167,-0.092055,0.939396,-0.325304,0.460635,-0.025760,-0.886595,-0.033167,-0.096539,0.857706,-0.232550,0.514691,-0.031391,-0.853362,-0.076686,-0.007798,0.855369,-0.359025,0.409094,-0.051338,-0.910654,-0.026762,-0.151020,0.458020,-0.274906,0.489780,0.029536,-0.871212,0.015298,-0.056424,0.453223,-0.361324,0.428115,-0.026919,-0.902691,0.033801,-0.118440,0.051312,-0.269281,0.461476,0.024580,-0.886760,0.009619,-0.059914,0.047307,-0.319799,0.461072,0.013049,-0.887267,0.000679,-0.003763,1.012297,-0.264701,0.463848,-0.021386,-0.885249,-0.026876,0.005635,1.195969,-0.259364,0.452845,-0.002661,-0.891385,-0.018913,0.008260,1.315881,-0.255607,0.452845,-0.002661,-0.891385,-0.018913,0.011541,1.465772,-0.250911,0.452845,-0.002661,-0.891385,-0.018913,0.007910,1.299893,-0.256108,0.482295,0.194124,-0.847660,-0.105735,0.007910,1.299893,-0.256108,0.401523,-0.187749,-0.892126,0.087415,-0.090898,1.385388,-0.100349,0.416841,-0.078480,-0.905585,-0.000325,0.121004,1.383082,-0.398273,0.434915,0.068131,-0.896065,-0.057233,-0.161412,1.109186,-0.110685,0.399936,0.033587,-0.803638,-0.439418,0.105172,1.105590,-0.466587,0.407453,-0.353356,-0.814489,-0.213843,-0.246687,0.970633,-0.282193,0.450359,-0.027158,-0.827329,-0.334613,-0.074976,0.955342,-0.495845,0.420236,-0.271858,-0.850320,-0.162635,0.000000,0.000000,0.000000,2.016191,-1.474687,-310.318054,-4.372105,-1.846382,-128.189835,-125.168236,0.915527,175.392227,0.913898,-1.236660,-31.607031,2.621547,-4.243442,-564.254822,-6.648940,0.495161,42.792576,7.405915,-0.676087,-113.964828,1.514925,0.041212,49.160454,-5.899404,-0.765664,-208.243088,4.768960,-0.950336,103.436974,1.116738,-1.179780,-224.096802,-7.411497,2.880982,416.855988,12.456522,-3.288405,-348.320160,0.786748,4.495919,744.599548,-0.303937,-17.213348,-2346.369629,51.049885,-3.840310,646.935608,75.107391,4.764012,2171.658691,-6.380925,7.714953,1613.331787,10.008410,12.500763,2217.659668,52.870762,5.704062,563.934448,-72.572258,-7.856097,-421.569031,-13.086971,3.767286,379.706116,7.924396,-5.705902,-1529.488403,-0.093069,6.018417,1002.650696,0.396275,4.001920,477.346405,0.874129,1.012811,132.884201,-0.787030,5.963215,996.097717,-0.329639,4.108118,494.496613,0.905725,0.989718,131.824692,-0.743546,5.891349,987.319275,-1.062288,4.215445,511.949249,0.903781,1.043064,143.460052,2.030603,-7.535117,-1214.350830,-5.850322,-2.320426,-1163.119507,2.253145,5.772727,1005.207947,-5.868944,4.877976,585.032776,-5.098140,-7.188320,-1159.846191,-0.725506,-5.530485,-1238.328247,3.008632,3.775801,-293.741791,-2.102526,5.522115,971.643616,7.526170,5.505221,696.233215,5.572305,1.428468,167.261307,1,1
429,4423,-0.092153,0.939394,-0.325338,0.460584,-0.025667,-0.886626,-0.033134,-0.092153,0.939394,-0.325338,0.460584,-0.025667,-0.886626,-0.033134,-0.096633,0.857701,-0.232586,0.514593,-0.031134,-0.853437,-0.076620,-0.007876,0.855385,-0.359050,0.409037,-0.051306,-0.910682,-0.026721,-0.150905,0.457993,-0.275013,0.489620,0.029863,-0.871287,0.015479,-0.056465,0.453234,-0.361333,0.428054,-0.026894,-0.902719,0.033837,-0.118023,0.051309,-0.269383,0.461327,0.024901,-0.886827,0.009778,-0.059926,0.047319,-0.319790,0.461015,0.013048,-0.887296,0.000723,-0.003882,1.012310,-0.264722,0.463821,-0.021285,-0.885267,-0.026820,0.005469,1.195985,-0.259389,0.452866,-0.002541,-0.891376,-0.018816,0.008058,1.315899,-0.255640,0.452866,-0.002541,-0.891376,-0.018816,0.011294,1.465791,-0.250954,0.452866,-0.002541,-0.891376,-0.018816,0.007713,1.299910,-0.256140,0.482422,0.194298,-0.847560,-0.105640,0.007713,1.299910,-0.256140,0.401508,-0.187664,-0.892138,0.087534,-0.091082,1.385350,-0.100350,0.417070,-0.078155,-0.905508,-0.000172,0.120793,1.383091,-0.398311,0.434846,0.068085,-0.896108,-0.057132,-0.161412,1.109089,-0.110654,0.400452,0.033822,-0.803491,-0.439199,0.104971,1.105586,-0.466567,0.407332,-0.353408,-0.814537,-0.213807,-0.246670,0.970438,-0.282090,0.450839,-0.026848,-0.827220,-0.334261,-0.075182,0.955345,-0.495828,0.420129,-0.271943,-0.850356,-0.162582,0.000000,0.000000,0.000000,2.017974,0.178218,165.290497,-4.360779,1.132631,297.901306,-125.174881,-0.664520,-158.004761,0.916104,0.220585,145.724503,2.628518,0.697017,494.045898,-6.649739,-0.079918,-57.507923,7.405079,-0.083590,59.249744,1.515701,0.077569,3.635713,-5.896436,0.296736,106.240005,4.758507,-1.045275,-9.493828,1.133275,1.653707,283.348755,-7.404939,0.655746,-222.523529,12.472363,1.584053,487.245850,0.788629,0.188071,-430.784821,-0.304649,-0.071144,1714.220459,51.054020,0.413513,425.382324,75.105148,-0.224304,-498.831604,-6.377537,0.338745,-737.620789,10.007806,-0.060368,-1256.113037,52.858131,-1.263046,-696.710876,-72.556877,1.538086,939.418274,-13.089195,-0.222397,-398.968292,7.934977,1.058102,676.400330,-0.092692,0.037732,-598.068481,0.399332,0.305670,-369.624939,0.876820,0.269043,-74.376717,-0.786681,0.034893,-592.832214,-0.326539,0.309926,-379.819183,0.908375,0.264984,-72.473373,-0.743262,0.028437,-586.291138,-1.059150,0.313854,-390.159088,0.906395,0.261396,-78.166809,2.036118,0.551462,808.657898,-5.851665,-0.134230,218.619598,2.259717,0.657177,-511.554993,-5.881868,-1.292419,-617.039551,-5.092126,0.601387,778.970703,-0.731981,-0.647497,488.298737,3.016156,0.752473,-302.332825,-2.096306,0.621986,-490.012848,7.519776,-0.639391,-614.461243,5.559749,-1.255608,-268.407532,1,1
430,4433,-0.091781,0.939388,-0.325514,0.460583,-0.025696,-0.886621,-0.033255,-0.091781,0.939388,-0.325514,0.460583,-0.025696,-0.886621,-0.033255,-0.096274,0.857678,-0.232777,0.514513,-0.030840,-0.853483,-0.076762,-0.007517,0.855371,-0.359242,0.409090,-0.051535,-0.910645,-0.026730,-0.150402,0.457970,-0.275434,0.489422,0.030358,-0.871378,0.015640,-0.056277,0.453240,-0.361452,0.428129,-0.027107,-0.902677,0.033850,-0.117107,0.051319,-0.269879,0.461341,0.025034,-0.886816,0.009748,-0.059887,0.047335,-0.319825,0.461108,0.012758,-0.887252,0.000756,-0.003498,1.012278,-0.264884,0.463852,-0.021319,-0.885244,-0.027012,0.005905,1.195948,-0.259482,0.452959,-0.002587,-0.891322,-0.019153,0.008541,1.315859,-0.255666,0.452959,-0.002587,-0.891322,-0.019153,0.011835,1.465747,-0.250896,0.452959,-0.002587,-0.891322,-0.019153,0.008189,1.299871,-0.256175,0.482316,0.194419,-0.847536,-0.106089,0.008189,1.299871,-0.256175,0.401589,-0.187711,-0.892120,0.087248,-0.090551,1.385122,-0.100288,0.417369,-0.077905,-0.905391,-0.001334,0.121295,1.383087,-0.398306,0.434809,0.068118,-0.896114,-0.057284,-0.161023,1.108919,-0.111237,0.400149,0.033589,-0.803349,-0.439753,0.105454,1.105592,-0.466650,0.407343,-0.353303,-0.814579,-0.213798,-0.246407,0.970505,-0.282802,0.450714,-0.027155,-0.827137,-0.334609,-0.074665,0.955315,-0.495929,0.420214,-0.271843,-0.850386,-0.162374,0.000000,0.000000,0.000000,2.028785,1.081109,90.289116,-4.370102,-0.932360,-206.499100,-125.175385,-0.050354,61.416626,0.916442,0.033724,-18.686056,2.654275,2.575755,187.873840,-6.644195,0.554466,63.438416,7.408531,0.345135,42.872429,1.515905,0.020468,-5.710125,-5.887404,0.903225,60.648918,4.745998,-1.250839,-20.556450,1.168004,3.472877,181.916962,-7.396867,0.807238,15.149117,12.514658,4.229546,264.549255,0.828040,3.941113,375.304260,-0.331938,-2.728862,-265.771759,51.034138,-1.988220,-240.173340,75.103287,-0.186157,3.814697,-6.365362,1.217556,87.881088,10.029065,2.125931,218.629837,52.786816,-7.131577,-586.853027,-72.647652,-9.077454,-1061.553955,-13.112964,-2.376842,-215.444550,7.956437,2.146006,108.790390,-0.095688,-0.299661,-33.739281,0.403860,0.452822,14.715195,0.869362,-0.745791,-101.483467,-0.789798,-0.311702,-34.659508,-0.322162,0.437778,12.785196,0.900838,-0.753671,-101.865524,-0.746404,-0.314265,-34.270287,-1.054920,0.422990,10.913610,0.898746,-0.764936,-102.633240,2.036879,0.076127,-47.533512,-5.862484,-1.081944,-94.771385,2.281818,2.210116,155.293945,-5.868610,1.325798,261.821747,-5.091741,0.038528,-56.285858,-0.732354,-0.037324,61.017273,2.997254,-1.890254,-264.272675,-2.070333,2.597356,197.536957,7.501815,-1.796103,-115.671158,5.614060,5.431175,668.678284,1,1
431,4444,-0.092059,0.939389,-0.325432,0.460376,-0.025717,-0.886734,-0.033079,-0.092059,0.939389,-0.325432,0.460376,-0.025717,-0.886734,-0.033079,-0.096585,0.857712,-0.232668,0.513570,-0.030950,-0.854109,-0.076066,-0.007770,0.855371,-0.359091,0.409222,-0.051341,-0.910596,-0.026759,-0.150446,0.457924,-0.274856,0.488587,0.029904,-0.871855,0.016036,-0.056398,0.453224,-0.361380,0.428244,-0.026909,-0.902629,0.033812,-0.117328,0.051265,-0.268801,0.461091,0.024402,-0.886963,0.009780,-0.059869,0.047308,-0.319851,0.461304,0.013043,-0.887146,0.000655,-0.003813,1.012311,-0.264787,0.463691,-0.021394,-0.885331,-0.026862,0.005601,1.195983,-0.259445,0.452891,-0.002763,-0.891358,-0.019053,0.008263,1.315894,-0.255670,0.452891,-0.002763,-0.891358,-0.019053,0.011590,1.465783,-0.250950,0.452891,-0.002763,-0.891358,-0.019053,0.007908,1.299906,-0.256173,0.482314,0.194415,-0.847544,-0.106042,0.007908,1.299906,-0.256173,0.401561,-0.187879,-0.892090,0.087321,-0.090811,1.385114,-0.100279,0.417594,-0.077646,-0.905309,-0.001580,0.121044,1.383054,-0.398319,0.434750,0.067874,-0.896155,-0.057380,-0.161225,1.108861,-0.111396,0.400632,0.033837,-0.803327,-0.439336,0.105061,1.105573,-0.466652,0.407299,-0.353509,-0.814450,-0.214035,-0.246543,0.970265,-0.282847,0.451146,-0.026635,-0.827293,-0.333683,-0.075153,0.955418,-0.495976,0.420196,-0.272113,-0.850267,-0.162593,0.000000,0.000000,0.000000,2.010705,-1.807952,-288.906097,-4.362476,0.762606,169.496536,-125.201569,-2.618408,-256.805420,0.922778,0.633633,59.990883,2.624433,-2.984238,-555.999268,-6.599236,4.495811,394.134521,7.407333,-0.119734,-46.486855,1.518711,0.280571,26.010275,-5.900270,-1.286554,-218.977936,4.694645,-5.135298,-388.445862,1.143163,-2.484047,-595.692444,-7.291263,10.560417,975.317993,12.462708,-5.195045,-942.459106,0.877449,4.940921,99.980789,-0.329430,0.250742,297.960327,51.042801,0.866318,285.453796,75.113731,1.044464,123.062134,-6.357913,0.744915,-47.264099,10.029134,0.006866,-211.906448,52.700462,-8.635330,-150.375366,-72.651726,-0.370372,791.552795,-13.113791,-0.075167,209.243225,8.019247,5.709995,323.999023,-0.091585,0.373074,61.157738,0.409631,0.524637,6.528633,0.863922,-0.494491,22.845474,-0.785823,0.361432,61.194019,-0.316407,0.523158,7.761803,0.895340,-0.499812,23.078081,-0.742491,0.355813,60.916199,-1.049177,0.522093,9.009367,0.893244,-0.500115,24.074614,2.035191,-0.153498,-20.875025,-5.855007,0.679753,160.154236,2.302171,1.850258,-32.714378,-5.876778,-0.742479,-188.025162,-5.092744,-0.091249,-11.797975,-0.737177,-0.438501,-36.470554,3.017888,1.875856,342.373596,-2.048737,1.963290,-57.642319,7.487754,-1.278314,47.071705,5.623797,0.885183,-413.271973,1,1
432,4452,-0.092059,0.939389,-0.325432,0.460376,-0.025717,-0.886734,-0.033079,-0.092059,0.939389,-0.325432,0.460376,-0.025717,-0.886734,-0.033079,-0.096585,0.857712,-0.232668,0.513570,-0.030950,-0.854109,-0.076066,-0.007770,0.855371,-0.359091,0.409222,-0.051341,-0.910596,-0.026759,-0.150446,0.457924,-0.274856,0.488587,0.029904,-0.871855,0.016036,-0.056398,0.453224,-0.361380,0.428244,-0.026909,-0.902629,0.033812,-0.117328,0.051265,-0.268801,0.461091,0.024402,-0.886963,0.009780,-0.059869,0.047308,-0.319851,0.461304,0.013043,-0.887146,0.000655,-0.003813,1.012311,-0.264787,0.463691,-0.021394,-0.885331,-0.026862,0.005601,1.195983,-0.259445,0.452891,-0.002763,-0.891358,-0.019053,0.008263,1.315894,-0.255670,0.452891,-0.002763,-0.891358,-0.019053,0.011590,1.465783,-0.250950,0.452891,-0.002763,-0.891358,-0.019053,0.007908,1.299906,-0.256173,0.482314,0.194415,-0.847544,-0.106042,0.007908,1.299906,-0.256173,0.401561,-0.187879,-0.892090,0.087321,-0.090811,1.385114,-0.100279,0.417594,-0.077646,-0.905309,-0.001580,0.121044,1.383054,-0.398319,0.434750,0.067874,-0.896155,-0.057380,-0.161225,1.108861,-0.111396,0.400632,0.033837,-0.803327,-0.439336,0.105061,1.105573,-0.466652,0.407299,-0.353509,-0.814450,-0.214035,-0.246543,0.970265,-0.282847,0.451146,-0.026635,-0.827293,-0.333683,-0.075153,0.955418,-0.495976,0.420196,-0.272113,-0.850267,-0.162593,0.000000,0.000000,0.000000,2.010705,0.000000,225.993988,-4.362476,0.000000,-95.325706,-125.201569,0.000000,327.301025,0.922778,0.000000,-79.204140,2.624433,0.000000,373.029724,-6.599236,0.000000,-561.976440,7.407333,0.000000,14.966726,1.518711,0.000000,-35.071373,-5.900270,0.000000,160.819290,4.694645,0.000000,641.912231,1.143163,0.000000,310.505920,-7.291263,0.000000,-1320.052124,12.462708,0.000000,649.380676,0.877449,0.000000,-617.615112,-0.329430,0.000000,-31.342730,51.042801,0.000000,-108.289719,75.113731,0.000000,-130.558014,-6.357913,0.000000,-93.114380,10.029134,0.000000,-0.858307,52.700462,0.000000,1079.416260,-72.651726,0.000000,46.296551,-13.113791,0.000000,9.395859,8.019247,0.000000,-713.749329,-0.091585,0.000000,-46.634281,0.409631,0.000000,-65.579674,0.863922,0.000000,61.811371,-0.785823,0.000000,-45.178967,-0.316407,0.000000,-65.394760,0.895340,0.000000,62.476505,-0.742491,0.000000,-44.476582,-1.049177,0.000000,-65.261673,0.893244,0.000000,62.514431,2.035191,0.000000,19.187277,-5.855007,0.000000,-84.969131,2.302171,0.000000,-231.282272,-5.876778,0.000000,92.809845,-5.092744,0.000000,11.406162,-0.737177,0.000000,54.812565,3.017888,0.000000,-234.481964,-2.048737,0.000000,-245.411285,7.487754,0.000000,159.789215,5.623797,0.000000,-110.647896,1,1
433,4466,-0.091822,0.939395,-0.325647,0.460412,-0.025688,-0.886716,-0.033109,-0.091822,0.939395,-0.325647,0.460412,-0.025688,-0.886716,-0.033109,-0.096339,0.857709,-0.232890,0.514023,-0.030259,-0.853872,-0.075945,-0.007533,0.855381,-0.359320,0.408963,-0.051556,-0.910704,-0.026650,-0.149693,0.457875,-0.275253,0.489029,0.030488,-0.871589,0.015888,-0.056283,0.453249,-0.361470,0.427995,-0.027152,-0.902737,0.033898,-0.116213,0.051241,-0.269556,0.461651,0.024818,-0.886663,0.009548,-0.059917,0.047349,-0.319793,0.460941,0.012709,-0.887339,0.000802,-0.003573,1.012314,-0.265002,0.463467,-0.021583,-0.885442,-0.026920,0.005952,1.195981,-0.259687,0.452152,-0.003393,-0.891729,-0.019140,0.008755,1.315890,-0.255959,0.452152,-0.003393,-0.891729,-0.019140,0.012259,1.465777,-0.251299,0.452152,-0.003393,-0.891729,-0.019140,0.008382,1.299902,-0.256456,0.481793,0.194101,-0.847914,-0.106031,0.008382,1.299902,-0.256456,0.400973,-0.188449,-0.892266,0.087005,-0.090389,1.385153,-0.100657,0.417575,-0.077681,-0.905314,-0.001934,0.121742,1.382974,-0.398507,0.434653,0.067897,-0.896198,-0.057415,-0.160906,1.108921,-0.111945,0.400652,0.033801,-0.803260,-0.439441,0.105765,1.105490,-0.466864,0.407337,-0.353380,-0.814507,-0.213958,-0.246262,0.970369,-0.283413,0.451160,-0.026596,-0.827255,-0.333762,-0.074400,0.955275,-0.496183,0.420267,-0.271944,-0.850322,-0.162402,0.000000,0.000000,0.000000,2.015221,0.322563,23.040237,-4.361162,0.093869,6.704914,-125.197144,0.316075,22.576780,0.924388,0.115007,8.214797,2.654762,2.166339,154.738525,-6.637536,-2.735683,-195.405914,7.404248,-0.220401,-15.742925,1.516698,-0.143766,-10.269029,-5.886870,0.957114,68.365311,4.648549,-3.292595,-235.185333,1.201093,4.137856,295.561188,-7.349182,-4.137107,-295.507660,12.432364,-2.167429,-154.816376,0.893802,1.168064,83.433121,-0.341738,-0.879139,-62.795620,51.020462,-1.595633,-113.973816,75.127182,0.960759,68.625626,-6.355406,0.179018,12.787021,10.043145,1.000813,71.486649,52.672192,-2.019337,-144.238373,-72.649742,0.141689,10.120625,-13.108152,0.402723,28.765932,8.026208,0.497205,35.514637,-0.072405,1.369951,97.853645,0.375518,-2.436651,-174.046478,0.849328,-1.042481,-74.462936,-0.766237,1.398985,99.927490,-0.350430,-2.430196,-173.585449,0.881325,-1.001115,-71.508247,-0.722300,1.442215,103.015373,-1.083071,-2.421013,-172.929489,0.880044,-0.942869,-67.347771,2.015266,-1.423189,-101.656326,-5.840237,1.054968,75.354866,2.327358,1.799141,128.510056,-5.906746,-2.140590,-152.899292,-5.115386,-1.617227,-115.516235,-0.698275,2.778739,198.481339,2.985328,-2.325722,-166.123016,-2.022162,1.898152,135.582321,7.457093,-2.190079,-156.434204,5.620016,-0.270128,-19.294874,1,1
434,4486,-0.091811,0.939393,-0.325616,0.460440,-0.025709,-0.886700,-0.033128,-0.091811,0.939393,-0.325616,0.460440,-0.025709,-0.886700,-0.033128,-0.096327,0.857706,-0.232860,0.514034,-0.030274,-0.853864,-0.075949,-0.007530,0.855375,-0.359296,0.409017,-0.051548,-0.910679,-0.026675,-0.149694,0.457873,-0.275219,0.489044,0.030471,-0.871582,0.015879,-0.056281,0.453243,-0.361465,0.428050,-0.027136,-0.902712,0.033882,-0.116229,0.051238,-0.269522,0.461656,0.024788,-0.886661,0.009546,-0.059906,0.047342,-0.319805,0.461004,0.012737,-0.887306,0.000783,-0.003555,1.012306,-0.264977,0.463504,-0.021659,-0.885420,-0.026953,0.006012,1.195971,-0.259667,0.452208,-0.003574,-0.891699,-0.019199,0.008861,1.315880,-0.255946,0.452208,-0.003574,-0.891699,-0.019199,0.012422,1.465766,-0.251295,0.452208,-0.003574,-0.891699,-0.019199,0.008481,1.299892,-0.256442,0.481834,0.193937,-0.847917,-0.106117,0.008481,1.299892,-0.256442,0.401080,-0.188671,-0.892172,0.086985,-0.090240,1.385178,-0.100633,0.417625,-0.077816,-0.905279,-0.002002,0.121841,1.382878,-0.398532,0.434804,0.067542,-0.896149,-0.057456,-0.160842,1.108967,-0.111919,0.400621,0.033664,-0.803247,-0.439504,0.105658,1.105391,-0.466813,0.407397,-0.353796,-0.814304,-0.213929,-0.246254,0.970442,-0.283380,0.451142,-0.026723,-0.827232,-0.333832,-0.074636,0.955308,-0.496010,0.420361,-0.272356,-0.850144,-0.162399,0.000000,0.000000,0.000000,2.015840,0.030947,-14.580829,-4.364414,-0.162601,-12.823514,-125.193466,0.183868,-6.610325,0.923283,-0.055256,-8.513182,2.651446,-0.165796,-116.606789,-6.634352,0.159192,144.743744,7.405439,0.059557,13.997894,1.516247,-0.022566,6.060004,-5.888368,-0.074911,-51.601276,4.646610,-0.096965,159.781494,1.201223,0.006467,-206.569489,-7.347016,0.108314,212.271042,12.431770,-0.029659,106.888504,0.893993,0.009546,-57.925903,-0.343412,-0.083685,39.772686,51.027699,0.361824,97.872871,75.127312,0.006485,-47.713688,-6.356581,-0.058746,-11.888231,10.042860,-0.014257,-50.753529,52.671307,-0.044250,98.754333,-72.650673,-0.046539,-9.411403,-13.107023,0.056458,-17.313276,8.026477,0.013447,-24.187906,-0.067621,0.239207,-56.537189,0.376499,0.049058,124.285416,0.845066,-0.213060,41.471062,-0.761496,0.237060,-58.096264,-0.349435,0.049725,123.996071,0.877079,-0.212294,39.441078,-0.717548,0.237566,-60.232445,-1.082057,0.050706,123.585922,0.875876,-0.208426,36.722164,2.021378,0.305569,86.437881,-5.835114,0.256181,-39.939369,2.329389,0.101507,-84.881699,-5.906746,-0.000024,107.028320,-5.109356,0.301480,95.935379,-0.694769,0.175312,-130.171326,2.989568,0.211990,126.885605,-2.020231,0.096583,-90.078453,7.457860,0.038362,111.422020,5.619179,-0.041819,11.415482,1,1
435,4492,-0.091997,0.939403,-0.325524,0.460456,-0.025658,-0.886693,-0.033123,-0.091997,0.939403,-0.325524,0.460456,-0.025658,-0.886693,-0.033123,-0.096502,0.857712,-0.232771,0.514003,-0.030203,-0.853890,-0.075900,-0.007708,0.855395,-0.359210,0.409074,-0.051429,-0.910660,-0.026693,-0.149797,0.457869,-0.275128,0.489010,0.030526,-0.871599,0.015909,-0.056379,0.453253,-0.361428,0.428104,-0.027007,-0.902690,0.033882,-0.116282,0.051239,-0.269430,0.461595,0.024802,-0.886692,0.009588,-0.059906,0.047346,-0.319814,0.461073,0.012893,-0.887268,0.000780,-0.003745,1.012322,-0.264884,0.463508,-0.021623,-0.885420,-0.026927,0.005807,1.195989,-0.259582,0.452190,-0.003570,-0.891709,-0.019128,0.008647,1.315898,-0.255876,0.452190,-0.003570,-0.891709,-0.019128,0.012196,1.465784,-0.251244,0.452190,-0.003570,-0.891709,-0.019128,0.008268,1.299910,-0.256370,0.481724,0.193894,-0.847997,-0.106056,0.008268,1.299910,-0.256370,0.401128,-0.188673,-0.892146,0.087034,-0.090511,1.385229,-0.100611,0.417333,-0.077958,-0.905401,-0.002040,0.121570,1.382893,-0.398511,0.435177,0.067607,-0.895971,-0.057317,-0.161173,1.109049,-0.111924,0.400069,0.033557,-0.803469,-0.439609,0.105409,1.105381,-0.466709,0.407849,-0.353903,-0.814151,-0.213472,-0.246525,0.970575,-0.283457,0.450596,-0.026933,-0.827405,-0.334123,-0.074879,0.955233,-0.495618,0.420799,-0.272322,-0.850005,-0.162047,0.000000,0.000000,0.000000,2.018006,0.433111,80.432892,-4.358986,1.085567,249.633789,-125.191498,0.393677,41.961670,0.921160,-0.424576,-73.863861,2.643849,-1.519394,-270.719543,-6.628979,1.074696,183.100693,7.407503,0.412750,70.638657,1.515446,-0.160146,-27.515888,-5.891633,-0.652885,-115.594864,4.641293,-1.063347,-193.276398,1.202062,0.167942,32.294991,-7.340211,1.360989,250.535004,12.429035,-0.547028,-103.473656,0.894989,0.199151,37.921074,-0.348508,-1.019341,-187.131165,51.025658,-0.408173,-153.999329,75.134277,1.393127,277.328491,-6.372656,-3.215027,-631.256104,10.040982,-0.375557,-72.259903,52.683617,2.462006,501.251221,-72.678436,-5.552673,-1101.226807,-13.103073,0.790024,146.713257,8.009402,-3.414917,-685.672729,-0.064898,0.544697,61.097969,0.374892,-0.321549,-74.121353,0.846430,0.272810,97.174049,-0.758740,0.551188,62.825676,-0.350984,-0.309837,-71.912407,0.878480,0.280261,98.510979,-0.714777,0.554168,63.320396,-1.083546,-0.297880,-69.717171,0.877348,0.294387,100.562576,2.021248,-0.025892,-66.292282,-5.824738,2.075195,363.802917,2.325417,-0.794315,-179.164398,-5.891418,3.065586,613.121948,-5.110824,-0.293636,-119.023331,-0.673615,4.230750,811.087524,2.976563,-2.601004,-562.598694,-2.023955,-0.744772,-168.271072,7.466999,1.523177,247.469193,5.632401,2.203624,374.240356,1,1
436,4497,-0.091932,0.939405,-0.325444,0.460534,-0.025711,-0.886648,-0.033203,-0.091932,0.939405,-0.325444,0.460534,-0.025711,-0.886648,-0.033203,-0.096434,0.857705,-0.232699,0.513986,-0.030045,-0.853920,-0.075741,-0.007663,0.855386,-0.359153,0.409137,-0.051440,-0.910629,-0.026755,-0.149549,0.457837,-0.275010,0.489039,0.030523,-0.871584,0.015835,-0.056362,0.453248,-0.361411,0.428174,-0.027001,-0.902658,0.033846,-0.116066,0.051203,-0.269365,0.461540,0.024557,-0.886728,0.009584,-0.059893,0.047338,-0.319824,0.461138,0.012914,-0.887234,0.000735,-0.003657,1.012304,-0.264813,0.463424,-0.021667,-0.885462,-0.026948,0.005904,1.195969,-0.259521,0.451781,-0.003603,-0.891919,-0.019020,0.008738,1.315880,-0.255840,0.451781,-0.003603,-0.891919,-0.019020,0.012280,1.465767,-0.251239,0.451781,-0.003603,-0.891919,-0.019020,0.008360,1.299892,-0.256331,0.481642,0.194093,-0.848022,-0.105862,0.008360,1.299892,-0.256331,0.400695,-0.188749,-0.892322,0.087057,-0.090440,1.385131,-0.100569,0.417726,-0.077412,-0.905267,-0.001892,0.121768,1.382849,-0.398405,0.434964,0.067696,-0.896088,-0.057012,-0.160794,1.108895,-0.111916,0.400138,0.033450,-0.803553,-0.439400,0.105691,1.105333,-0.466421,0.408821,-0.354359,-0.813528,-0.213230,-0.246160,0.970331,-0.283369,0.450583,-0.027290,-0.827230,-0.334546,-0.074753,0.955294,-0.494915,0.421018,-0.271453,-0.849943,-0.163262,0.000000,0.000000,0.000000,2.022953,0.989485,111.274719,-4.368721,-1.947021,-606.517761,-125.181580,1.983643,317.993164,0.917275,-0.777090,-70.502762,2.639912,-0.787354,146.408081,-6.631244,-0.452995,-305.538177,7.410908,0.681114,53.672791,1.515377,-0.013876,29.253962,-5.893648,-0.403118,49.953461,4.606202,-7.018280,-1190.986572,1.213952,2.377892,441.989899,-7.326956,2.651024,258.007050,12.397004,-6.406212,-1171.836792,0.902226,1.447499,249.669556,-0.376977,-5.693620,-934.855835,51.079571,10.782623,2238.159180,75.247879,22.720337,4265.441895,-6.597052,-44.879055,-8332.805664,9.956075,-16.981506,-3321.189941,52.666149,-3.493500,-1191.101074,-72.765739,-17.460632,-2381.591797,-13.091145,2.385712,319.137573,7.926709,-16.538715,-2624.759766,-0.063586,0.262277,-56.484047,0.353690,-4.240263,-783.742676,0.852713,1.256609,196.759705,-0.757077,0.332582,-43.721199,-0.372079,-4.218906,-781.813843,0.885054,1.314688,206.885330,-0.712834,0.388634,-33.106804,-1.104530,-4.196835,-779.790894,0.884219,1.374316,215.985764,2.021465,0.043344,13.847351,-5.824807,-0.013828,-417.804749,2.345610,4.038572,966.577515,-5.932729,-8.262062,-2265.529785,-5.111710,-0.177193,23.288727,-0.659754,2.772212,-291.707520,2.955730,-4.166651,-313.129425,-2.003621,4.066706,962.295532,7.437044,-5.990982,-1502.831787,5.606302,-5.219841,-1484.692993,1,1
437,4505,-0.091933,0.939418,-0.325534,0.460558,-0.025750,-0.886632,-0.033270,-0.091933,0.939418,-0.325534,0.460558,-0.025750,-0.886632,-0.033270,-0.096440,0.857711,-0.232795,0.513995,-0.030044,-0.853916,-0.075721,-0.007677,0.855391,-0.359255,0.409066,-0.051469,-0.910661,-0.026701,-0.149547,0.457841,-0.275092,0.489049,0.030523,-0.871578,0.015851,-0.056380,0.453252,-0.361467,0.428112,-0.027028,-0.902684,0.033923,-0.116056,0.051207,-0.269436,0.461557,0.024606,-0.886717,0.009635,-0.059908,0.047350,-0.319815,0.461062,0.012871,-0.887274,0.000821,-0.003646,1.012300,-0.264901,0.463438,-0.021661,-0.885447,-0.027201,0.005967,1.195960,-0.259487,0.451767,-0.003512,-0.891912,-0.019654,0.008849,1.315864,-0.255661,0.451767,-0.003512,-0.891912,-0.019654,0.012453,1.465744,-0.250877,0.451767,-0.003512,-0.891912,-0.019654,0.008465,1.299877,-0.256171,0.481556,0.194164,-0.847983,-0.106435,0.008465,1.299877,-0.256171,0.400910,-0.188419,-0.892373,0.086254,-0.090298,1.385015,-0.100317,0.417692,-0.077410,-0.905282,-0.002153,0.121912,1.383158,-0.398077,0.434575,0.068363,-0.896127,-0.058541,-0.160718,1.108792,-0.111788,0.400306,0.033362,-0.803418,-0.439502,0.105814,1.105793,-0.467047,0.408763,-0.354258,-0.813616,-0.213176,-0.246172,0.970268,-0.283230,0.450914,-0.028046,-0.826761,-0.335195,-0.074588,0.955708,-0.495559,0.421114,-0.271371,-0.850006,-0.162822,0.000000,0.000000,0.000000,2.027539,0.573248,-52.029640,-4.376326,-0.950575,124.555824,-125.178589,0.373840,-201.225281,0.905320,-1.494333,-89.655441,2.644785,0.609100,174.556671,-6.643706,-1.557827,-138.103958,7.413578,0.333667,-43.430923,1.515255,-0.015214,-0.167266,-5.891453,0.274420,84.692238,4.595039,-1.395285,702.874390,1.213960,0.001073,-297.102325,-7.324651,0.288129,-295.361877,12.396559,-0.055671,793.817627,0.896044,-0.772782,-277.535065,-0.373838,0.392344,760.745544,51.023705,-6.983280,-2220.738037,75.135948,-13.991356,-4588.961426,-6.573330,2.965152,5980.525879,9.996600,5.065680,2755.898193,52.648090,-2.257347,154.519073,-72.750008,1.966476,2428.388672,-13.135581,-5.554557,-992.533569,7.825735,-12.621760,489.619385,-0.078115,-1.816072,-259.793671,0.353518,-0.021562,527.337524,0.836097,-2.077065,-416.709290,-0.771705,-1.828551,-270.141663,-0.372687,-0.076000,517.863281,0.868349,-2.088040,-425.340973,-0.727345,-1.813792,-275.303253,-1.105568,-0.129774,508.382568,0.867250,-2.121128,-436.930542,1.983742,-4.715338,-594.835327,-5.815461,1.168251,147.759918,2.338449,-0.895113,-616.710693,-5.940462,-0.966668,911.924255,-5.146961,-4.406393,-528.649963,-0.687645,-3.486365,-782.322144,3.012568,7.104844,1408.936890,-2.012828,-1.150876,-652.197693,7.445558,1.064181,881.895447,5.578366,-3.491998,215.980408,1,1
438,4513,-0.091887,0.939416,-0.325430,0.460571,-0.025758,-0.886623,-0.033342,-0.091887,0.939416,-0.325430,0.460571,-0.025758,-0.886623,-0.033342,-0.096398,0.857698,-0.232701,0.513991,-0.030047,-0.853914,-0.075773,-0.007638,0.855387,-0.359164,0.409092,-0.051465,-0.910647,-0.026766,-0.149528,0.457835,-0.275033,0.489044,0.030522,-0.871582,0.015803,-0.056361,0.453251,-0.361423,0.428140,-0.027019,-0.902673,0.033864,-0.116058,0.051199,-0.269410,0.461547,0.024603,-0.886723,0.009593,-0.059901,0.047343,-0.319817,0.461093,0.012885,-0.887258,0.000761,-0.003592,1.012284,-0.264791,0.463452,-0.021681,-0.885434,-0.027378,0.006069,1.195939,-0.259304,0.451777,-0.003559,-0.891899,-0.020042,0.009004,1.315840,-0.255400,0.451777,-0.003559,-0.891899,-0.020042,0.012673,1.465715,-0.250520,0.451777,-0.003559,-0.891899,-0.020042,0.008613,1.299853,-0.255920,0.481529,0.194100,-0.847968,-0.106791,0.008613,1.299853,-0.255920,0.400974,-0.188494,-0.892363,0.085895,-0.090099,1.384966,-0.100010,0.417725,-0.077529,-0.905257,-0.002308,0.122107,1.383165,-0.397768,0.434475,0.068270,-0.896161,-0.058883,-0.160617,1.108763,-0.111530,0.400289,0.033296,-0.803397,-0.439560,0.105886,1.105843,-0.466892,0.408719,-0.354351,-0.813516,-0.213485,-0.246103,0.970263,-0.282975,0.450913,-0.028115,-0.826740,-0.335244,-0.074585,0.955859,-0.495500,0.421038,-0.271456,-0.849948,-0.163181,0.000000,0.000000,0.000000,2.034516,0.872105,37.357212,-4.380941,-0.576913,46.707691,-125.177116,0.184059,-23.722649,0.903684,-0.204526,161.225922,2.643834,-0.118792,-90.986488,-6.642240,0.183344,217.646362,7.414426,0.106096,-28.446316,1.515171,-0.010505,0.588596,-5.891991,-0.067234,-42.706726,4.592903,-0.267029,141.032043,1.213243,-0.089720,-11.349097,-7.322437,0.276744,-1.423061,12.397183,0.078082,16.719103,0.895401,-0.080362,86.552460,-0.374169,-0.041455,-54.224861,51.023678,-0.003338,872.492798,75.130676,-0.658989,1666.545898,-6.578187,-0.607133,-446.535645,9.992423,-0.522137,-698.477051,52.636803,-1.410961,105.798248,-72.748009,0.249863,-214.576721,-13.136869,-0.161052,674.188110,7.826748,0.126719,1593.559937,-0.082321,-0.525786,161.285843,0.354051,0.066623,11.023134,0.824845,-1.406424,83.830208,-0.775988,-0.535391,161.644989,-0.372368,0.039864,14.482997,0.857065,-1.410544,84.687027,-0.731559,-0.526771,160.877594,-1.105457,0.013962,17.967075,0.855884,-1.420736,87.548973,1.985793,0.256300,621.454773,-5.819071,-0.451267,-202.439728,2.333380,-0.633687,32.678246,-5.946053,-0.698864,33.475460,-5.144755,0.275791,585.272888,-0.691120,-0.434339,381.503265,3.011361,-0.150949,-906.974060,-2.018943,-0.764400,48.309563,7.448711,0.394225,-83.744522,5.562713,-1.956642,191.919510,1,1
439,4523,-0.091590,0.939420,-0.325104,0.460471,-0.025790,-0.886669,-0.033447,-0.091590,0.939420,-0.325104,0.460471,-0.025790,-0.886669,-0.033447,-0.096135,0.857689,-0.232388,0.513910,-0.030074,-0.853959,-0.075807,-0.007347,0.855382,-0.358831,0.408800,-0.051581,-0.910764,-0.027031,-0.149294,0.457831,-0.274737,0.488960,0.030496,-0.871630,0.015792,-0.056243,0.453267,-0.361265,0.427881,-0.027118,-0.902800,0.033685,-0.115847,0.051194,-0.269109,0.461468,0.024577,-0.886764,0.009602,-0.059932,0.047351,-0.319755,0.460856,0.012810,-0.887382,0.000618,-0.003297,1.012265,-0.264434,0.463405,-0.021654,-0.885454,-0.027533,0.006376,1.195917,-0.258877,0.451829,-0.003416,-0.891867,-0.020303,0.009308,1.315815,-0.254902,0.451829,-0.003416,-0.891867,-0.020303,0.012974,1.465688,-0.249932,0.451829,-0.003416,-0.891867,-0.020303,0.008917,1.299829,-0.255432,0.481574,0.194186,-0.847896,-0.107011,0.008917,1.299829,-0.255432,0.401108,-0.188297,-0.892373,0.085601,-0.089773,1.384900,-0.099469,0.417732,-0.077507,-0.905256,-0.002225,0.122372,1.383279,-0.397244,0.434598,0.068626,-0.896051,-0.059235,-0.160262,1.108680,-0.110953,0.400355,0.033370,-0.803461,-0.439378,0.106226,1.106023,-0.466617,0.409165,-0.354023,-0.813344,-0.213828,-0.245700,0.970104,-0.282360,0.450958,-0.028053,-0.826797,-0.335047,-0.074210,0.956016,-0.495320,0.421443,-0.271086,-0.849796,-0.163537,0.000000,0.000000,0.000000,2.043975,0.945950,7.384419,-4.389567,-0.862551,-28.563740,-125.190193,-1.307678,-149.173737,0.924613,2.092886,229.741180,2.640814,-0.302076,-18.328428,-6.666293,-2.405310,-258.865356,7.424189,0.976229,87.013245,1.511977,-0.319409,-30.890406,-5.891462,0.052881,12.011528,4.585485,-0.741863,-47.483444,1.209108,-0.413454,-32.373367,-7.323858,-0.142145,-41.888954,12.399400,0.221634,14.355182,0.893431,-0.196987,-11.662542,-0.375280,-0.111055,-6.960034,51.027859,0.418091,42.142868,75.147095,1.641846,230.083466,-6.578489,-0.030184,57.694908,9.996234,0.381088,90.322495,52.623077,-1.372528,3.843307,-72.747711,0.029755,-22.010803,-13.137939,-0.107002,5.404949,7.826792,0.004339,-12.238026,-0.090741,-0.841984,-31.619852,0.361211,0.716045,64.942245,0.822920,-0.192547,121.387695,-0.784522,-0.853378,-31.798624,-0.365356,0.701177,66.131279,0.854988,-0.207663,120.288132,-0.740183,-0.862402,-33.563084,-1.098600,0.685668,67.170563,0.853553,-0.233096,118.764038,1.976974,-0.881863,-113.816261,-5.816175,0.289536,74.080231,2.324872,-0.850725,-21.703838,-5.952015,-0.596237,10.262728,-5.153913,-0.915861,-119.165184,-0.685888,0.523210,95.754868,3.008364,-0.299668,-14.871954,-2.029142,-1.019883,-25.548338,7.456028,0.731707,33.748150,5.539567,-2.314520,-35.787819,1,1
440,4534,-0.091390,0.939439,-0.324926,0.460502,-0.025838,-0.886647,-0.033566,-0.091390,0.939439,-0.324926,0.460502,-0.025838,-0.886647,-0.033566,-0.095944,0.857693,-0.232224,0.514000,-0.030059,-0.853910,-0.075753,-0.007166,0.855390,-0.358674,0.408584,-0.051722,-0.910840,-0.027452,-0.149075,0.457827,-0.274536,0.489048,0.030529,-0.871579,0.015849,-0.056313,0.453302,-0.361387,0.427826,-0.027060,-0.902823,0.033806,-0.115581,0.051194,-0.268884,0.461576,0.024624,-0.886706,0.009670,-0.059920,0.047392,-0.319810,0.461034,0.012937,-0.887288,0.000864,-0.003079,1.012256,-0.264250,0.463513,-0.021741,-0.885385,-0.027855,0.006705,1.195899,-0.258570,0.452088,-0.003584,-0.891718,-0.021040,0.009754,1.315790,-0.254456,0.452088,-0.003584,-0.891718,-0.021040,0.013567,1.465653,-0.249313,0.452088,-0.003584,-0.891718,-0.021040,0.009348,1.299804,-0.255004,0.481758,0.194023,-0.847733,-0.107765,0.009348,1.299804,-0.255004,0.401778,-0.188573,-0.892076,0.084937,-0.089196,1.384819,-0.098904,0.417742,-0.077541,-0.905248,-0.002262,0.122687,1.383249,-0.396892,0.435502,0.068040,-0.895598,-0.060102,-0.159711,1.108590,-0.110405,0.400367,0.033555,-0.803527,-0.439232,0.105969,1.106044,-0.466543,0.409246,-0.354240,-0.813198,-0.213873,-0.245055,0.969953,-0.281810,0.450925,-0.027912,-0.826834,-0.335013,-0.074546,0.956120,-0.495192,0.421525,-0.271018,-0.849784,-0.163501,0.000000,0.000000,0.000000,2.053473,0.949788,0.383854,-4.400778,-1.121140,-25.858881,-125.186478,0.371552,167.922974,0.960840,3.622723,152.983673,2.629884,-1.092982,-79.090591,-6.697077,-3.078413,-67.310333,7.489811,6.562280,558.605103,1.496370,-1.560724,-124.131447,-5.893335,-0.187302,-24.018288,4.564358,-2.112675,-137.081146,1.206299,-0.280857,13.259649,-7.330902,-0.704336,-56.219105,12.400664,0.126457,-9.517670,0.891631,-0.179958,1.702905,-0.374439,0.084096,19.515156,50.953835,-7.402420,-782.051086,75.068764,-7.833099,-947.494507,-6.605990,-2.750111,-271.992676,10.021135,2.490139,210.905075,52.600876,-2.220154,-84.762573,-72.743309,0.440216,41.046143,-13.134670,0.326920,43.392181,7.812247,-1.454449,-145.878799,-0.096972,-0.623091,21.889280,0.372121,1.090962,37.491619,0.800236,-2.268410,-207.586273,-0.791052,-0.652963,20.041460,-0.354849,1.050675,34.949780,0.832117,-2.287108,-207.944504,-0.746722,-0.653952,20.844942,-1.088485,1.011539,32.587051,0.830429,-2.312458,-207.936157,1.988489,1.151514,203.337677,-5.782853,3.332233,304.269806,2.322386,-0.248647,60.207844,-5.964568,-1.255226,-65.898895,-5.143477,1.043653,195.951462,-0.657346,2.854121,233.091110,3.026120,1.775551,207.521927,-2.036915,-0.777268,24.261475,7.484166,2.813768,208.206177,5.474094,-6.547308,-423.278870,1,1
441,4542,-0.091426,0.939394,-0.324854,0.460491,-0.025816,-0.886651,-0.033631,-0.091426,0.939394,-0.324854,0.460491,-0.025816,-0.886651,-0.033631,-0.095984,0.857636,-0.232163,0.513966,-0.030034,-0.853904,-0.076059,-0.007203,0.855348,-0.358611,0.408539,-0.051706,-0.910859,-0.027534,-0.149219,0.457811,-0.274695,0.489083,0.030351,-0.871575,0.015274,-0.056367,0.453261,-0.361394,0.427810,-0.027003,-0.902831,0.033838,-0.116079,0.051144,-0.269382,0.461636,0.024342,-0.886694,0.008602,-0.059922,0.047351,-0.319813,0.461048,0.012984,-0.887280,0.000882,-0.003115,1.012201,-0.264167,0.463480,-0.021712,-0.885402,-0.027889,0.006661,1.195844,-0.258475,0.452008,-0.003541,-0.891759,-0.021010,0.009698,1.315735,-0.254363,0.452008,-0.003541,-0.891759,-0.021010,0.013494,1.465599,-0.249222,0.452008,-0.003541,-0.891759,-0.021010,0.009293,1.299750,-0.254911,0.481712,0.194106,-0.847745,-0.107724,0.009293,1.299750,-0.254911,0.401739,-0.188622,-0.892080,0.084981,-0.089284,1.384735,-0.098822,0.417689,-0.077384,-0.905286,-0.002221,0.122632,1.383145,-0.396811,0.435578,0.067816,-0.895585,-0.059999,-0.159708,1.108488,-0.110344,0.400364,0.033701,-0.803517,-0.439241,0.105818,1.105922,-0.466350,0.409202,-0.354621,-0.813084,-0.213757,-0.245000,0.969855,-0.281779,0.450909,-0.027812,-0.826807,-0.335107,-0.074798,0.956097,-0.494879,0.421618,-0.271885,-0.849484,-0.163382,0.000000,0.000000,0.000000,2.061238,0.862757,-9.670078,-4.401972,-0.132614,109.836205,-125.188118,-0.182258,-61.534363,0.962684,0.204888,-379.759430,2.628932,-0.105699,109.698151,-6.701577,-0.500043,286.485535,7.503463,1.516819,-560.606750,1.498589,0.246551,200.808334,-5.893451,-0.012875,19.380781,4.589993,2.848307,551.220276,1.217547,1.249750,170.067505,-7.330401,0.055578,84.434906,12.363307,-4.150815,-475.252441,0.945833,6.022394,689.150208,-0.356766,1.963622,208.836197,50.972561,2.080705,1053.680664,75.060104,-0.962151,763.438660,-6.550131,6.206618,995.192078,9.998252,-2.542602,-559.193420,52.608086,0.801086,335.693359,-72.743935,-0.069512,-56.636478,-13.134563,0.011868,-35.005733,7.800417,-1.314481,15.551951,-0.096229,0.082537,78.403114,0.369074,-0.338535,-158.832916,0.803736,0.388940,295.261108,-0.790244,0.089784,82.527489,-0.357837,-0.331981,-153.628479,0.835664,0.394060,297.907471,-0.745893,0.092155,82.900856,-1.091415,-0.325587,-148.569504,0.834029,0.399967,301.380493,1.998947,1.162012,1.166489,-5.776041,0.756953,-286.142334,2.326436,0.449975,77.624680,-5.968341,-0.419299,92.880821,-5.133239,1.137575,10.435674,-0.651278,0.674254,-242.207352,3.029767,0.405232,-152.257629,-2.033308,0.400755,130.891510,7.484720,0.061512,-305.806274,5.467106,-0.776503,641.200562,1,1
442,4554,-0.091945,0.939373,-0.325434,0.460803,-0.025752,-0.886507,-0.033194,-0.091945,0.939373,-0.325434,0.460803,-0.025752,-0.886507,-0.033194,-0.096395,0.857677,-0.232684,0.514396,-0.029595,-0.853692,-0.075708,-0.007701,0.855348,-0.359193,0.409062,-0.051454,-0.910662,-0.026767,-0.149203,0.457786,-0.275132,0.489460,0.030871,-0.871339,0.015624,-0.056417,0.453211,-0.361459,0.428132,-0.026978,-0.902675,0.033948,-0.115550,0.051161,-0.269795,0.461635,0.024279,-0.886700,0.008211,-0.059898,0.047308,-0.319806,0.461078,0.012874,-0.887266,0.000659,-0.003630,1.012269,-0.264859,0.464027,-0.022035,-0.885122,-0.027424,0.006244,1.195915,-0.259423,0.453055,-0.004616,-0.891235,-0.020486,0.009459,1.315809,-0.255543,0.453055,-0.004616,-0.891235,-0.020486,0.013477,1.465677,-0.250693,0.453055,-0.004616,-0.891235,-0.020486,0.009030,1.299823,-0.256060,0.482569,0.193220,-0.847465,-0.107686,0.009030,1.299823,-0.256060,0.402422,-0.189087,-0.891615,0.085589,-0.089243,1.385018,-0.099948,0.417830,-0.077528,-0.905209,-0.002107,0.122261,1.383097,-0.398206,0.435707,0.068082,-0.895504,-0.059980,-0.159716,1.108784,-0.111367,0.400353,0.033600,-0.803514,-0.439264,0.105589,1.105878,-0.467809,0.409114,-0.354236,-0.813276,-0.213834,-0.245047,0.970160,-0.282790,0.450895,-0.027985,-0.826733,-0.335296,-0.074913,0.955942,-0.496475,0.421679,-0.272495,-0.849245,-0.163448,0.000000,0.000000,0.000000,2.018500,-3.561477,-368.686188,-4.373028,2.412001,212.051254,-125.146584,3.461202,303.621613,0.920280,-3.533656,-311.545319,2.633516,0.381986,40.640434,-6.675287,2.190828,224.239304,7.424584,-6.573200,-674.168274,1.537170,3.215094,247.378586,-5.896798,-0.278910,-22.169617,4.580319,-0.806133,-304.536713,1.263985,3.869842,218.340927,-7.349695,-1.607776,-138.612808,12.368907,0.466665,384.789948,1.051723,8.824184,233.482559,-0.380346,-1.964986,-327.384033,50.967354,-0.433922,-209.552261,75.038490,-1.801173,-69.918449,-6.435565,9.547154,278.378021,9.947366,-4.240513,-141.492599,52.622978,1.241048,36.663483,-72.744331,-0.033061,3.037629,-13.132598,0.163794,12.660469,7.778826,-1.799226,-40.395390,-0.053839,3.532490,287.496063,0.398102,2.418963,229.791443,0.786421,-1.442989,-152.660751,-0.748355,3.490721,283.411377,-0.328475,2.446870,231.570969,0.818234,-1.452506,-153.880432,-0.704306,3.465528,281.114410,-1.061686,2.477447,233.586197,0.817036,-1.416032,-151.333298,1.943846,-4.591723,-479.477936,-5.814081,-3.170013,-327.247162,2.367129,3.391147,245.097610,-5.939089,2.437671,238.080811,-5.186491,-4.437645,-464.601685,-0.693112,-3.486122,-346.697998,3.021441,-0.693798,-91.585846,-1.995988,3.110031,225.772995,7.531085,3.863732,316.851685,5.456390,-0.892997,-9.707829,1,1
443,4570,-0.092101,0.939361,-0.325469,0.460840,-0.025546,-0.886500,-0.033040,-0.092101,0.939361,-0.325469,0.460840,-0.025546,-0.886500,-0.033040,-0.096503,0.857670,-0.232711,0.514808,-0.028904,-0.853524,-0.075063,-0.007817,0.855377,-0.359226,0.409032,-0.051389,-0.910681,-0.026671,-0.148584,0.457669,-0.274978,0.489878,0.031428,-0.871078,0.015951,-0.056451,0.453231,-0.361444,0.428074,-0.026950,-0.902703,0.033958,-0.114400,0.051089,-0.269650,0.462646,0.024514,-0.886162,0.008609,-0.059912,0.047327,-0.319794,0.461008,0.012864,-0.887302,0.000696,-0.003819,1.012307,-0.264905,0.463988,-0.021917,-0.885147,-0.027393,0.006038,1.195953,-0.259444,0.452863,-0.004671,-0.891328,-0.020698,0.009287,1.315845,-0.255524,0.452863,-0.004671,-0.891328,-0.020698,0.013348,1.465710,-0.250624,0.452863,-0.004671,-0.891328,-0.020698,0.008854,1.299860,-0.256046,0.482130,0.193100,-0.847718,-0.107875,0.008854,1.299860,-0.256046,0.402234,-0.189200,-0.891697,0.085372,-0.089521,1.385074,-0.100002,0.417320,-0.077963,-0.905405,-0.002715,0.122180,1.383125,-0.398117,0.435483,0.068001,-0.895616,-0.060017,-0.160340,1.108952,-0.111660,0.399875,0.032930,-0.803461,-0.439847,0.105489,1.105912,-0.467738,0.408757,-0.354242,-0.813394,-0.214059,-0.245926,0.970578,-0.283157,0.450550,-0.028752,-0.826608,-0.336003,-0.075028,0.956025,-0.496564,0.421161,-0.272684,-0.849321,-0.164074,0.000000,0.000000,0.000000,2.013596,-0.306517,203.434998,-4.344053,1.810908,-37.568317,-125.141731,0.303268,-197.370850,0.933819,0.846185,273.740082,2.645135,0.726193,21.512932,-6.683696,-0.525564,-169.774521,7.413840,-0.671506,368.855896,1.536417,-0.047088,-203.886368,-5.891500,0.331134,38.127728,4.507111,-4.575521,-235.586716,1.290287,1.643866,-139.123459,-7.396003,-2.894282,-80.406662,12.331173,-2.358377,-176.565094,1.064031,0.769258,-503.432922,-0.415502,-2.197243,-14.516056,50.971428,0.254631,43.034554,75.025764,-0.795364,62.863029,-6.442022,-0.403583,-621.921082,9.891851,-3.469646,48.179180,52.629375,0.399828,-52.576267,-72.738235,0.380993,25.878349,-13.137787,-0.324309,-30.506403,7.766949,-0.742316,66.056847,-0.051938,0.118832,-213.353577,0.388736,-0.585318,-187.767517,0.769251,-1.073085,23.118996,-0.746444,0.119418,-210.706436,-0.338037,-0.597673,-190.283905,0.801199,-1.064677,24.239302,-0.702162,0.134058,-208.216873,-1.071427,-0.608832,-192.892426,0.800162,-1.054626,22.587902,1.948011,0.260293,303.251038,-5.819112,-0.314474,178.471207,2.358593,-0.533506,-245.290817,-5.909257,1.864523,-35.821766,-5.182676,0.238419,292.253998,-0.690877,0.139676,226.612381,3.009276,-0.760347,-4.159286,-2.002186,-0.387415,-218.590408,7.535414,0.270605,-224.570435,5.502326,2.870977,235.248352,1,1
444,4574,-0.091733,0.939350,-0.325456,0.460797,-0.025719,-0.886513,-0.033152,-0.091733,0.939350,-0.325456,0.460797,-0.025719,-0.886513,-0.033152,-0.096176,0.857658,-0.232702,0.514681,-0.029244,-0.853568,-0.075301,-0.007480,0.855332,-0.359210,0.409022,-0.051566,-0.910673,-0.026771,-0.148583,0.457703,-0.274996,0.489809,0.031012,-0.871138,0.015649,-0.056279,0.453206,-0.361443,0.428081,-0.027120,-0.902698,0.033871,-0.114815,0.051087,-0.269713,0.462609,0.024028,-0.886198,0.008319,-0.059893,0.047303,-0.319797,0.461022,0.012708,-0.887297,0.000617,-0.003425,1.012257,-0.264883,0.463965,-0.022045,-0.885152,-0.027489,0.006480,1.195901,-0.259411,0.452879,-0.004713,-0.891318,-0.020760,0.009745,1.315792,-0.255482,0.452879,-0.004713,-0.891318,-0.020760,0.013826,1.465656,-0.250571,0.452879,-0.004713,-0.891318,-0.020760,0.009309,1.299806,-0.256006,0.482128,0.193076,-0.847715,-0.107949,0.009309,1.299806,-0.256006,0.402286,-0.189239,-0.891671,0.085309,-0.089055,1.385011,-0.099952,0.417312,-0.077956,-0.905409,-0.002783,0.122630,1.383071,-0.398082,0.435555,0.067964,-0.895578,-0.060104,-0.159888,1.108892,-0.111643,0.399939,0.032915,-0.803419,-0.439868,0.105891,1.105870,-0.467733,0.408836,-0.354289,-0.813317,-0.214121,-0.245497,0.970525,-0.283134,0.450611,-0.028736,-0.826575,-0.336003,-0.074653,0.956014,-0.496551,0.421221,-0.272759,-0.849241,-0.164209,0.000000,0.000000,0.000000,2.016065,0.493860,160.075424,-4.367528,-4.695034,-1301.188477,-125.147293,-1.112366,-283.126831,0.933256,-0.112545,-191.746063,2.645284,0.029802,-139.278168,-6.679689,0.801373,265.387299,7.415894,0.410652,216.431610,1.534589,-0.365448,-63.672066,-5.891885,-0.077152,-81.657173,4.527301,4.038143,1722.732788,1.277888,-2.479863,-824.745911,-7.386024,1.995850,978.026367,12.319898,-2.255058,20.663738,1.067769,0.747490,-4.353523,-0.421603,-1.220214,195.405777,50.972961,0.306702,10.414124,75.026176,0.082397,175.552368,-6.442131,-0.021744,76.367851,9.883502,-1.669884,359.952454,52.623947,-1.085663,-297.098175,-72.732368,1.173401,158.481598,-13.136357,0.285912,122.044090,7.769827,0.575542,263.571716,-0.055459,-0.704163,-164.598969,0.391298,0.512332,219.529861,0.773324,0.814545,377.526001,-0.749971,-0.705421,-164.967773,-0.335470,0.513512,222.236862,0.805218,0.803769,373.689087,-0.705748,-0.717235,-170.258575,-1.068860,0.513387,224.443680,0.804082,0.784016,367.728333,1.947381,-0.126100,-77.278610,-5.816344,0.553703,173.635483,2.360607,0.402689,187.239044,-5.908988,0.053883,-362.128021,-5.183417,-0.148296,-77.342987,-0.688291,0.517070,75.478851,3.010363,0.217485,195.566422,-2.000412,0.354910,148.465042,7.537398,0.396824,25.243759,5.500139,-0.437355,-661.666382,1,1
445,4589,-0.091834,0.939365,-0.325471,0.460795,-0.025722,-0.886514,-0.033167,-0.091834,0.939365,-0.325471,0.460795,-0.025722,-0.886514,-0.033167,-0.096280,0.857670,-0.232719,0.514647,-0.029269,-0.853586,-0.075322,-0.007583,0.855346,-0.359226,0.409041,-0.051519,-0.910667,-0.026760,-0.148711,0.457719,-0.275019,0.489772,0.030996,-0.871159,0.015649,-0.056344,0.453215,-0.361466,0.428106,-0.027058,-0.902686,0.033918,-0.114956,0.051103,-0.269728,0.462608,0.024007,-0.886199,0.008351,-0.059896,0.047313,-0.319807,0.461059,0.012791,-0.887277,0.000683,-0.003526,1.012269,-0.264896,0.463988,-0.022066,-0.885139,-0.027527,0.006398,1.195911,-0.259412,0.452954,-0.004767,-0.891277,-0.020847,0.009684,1.315801,-0.255471,0.452954,-0.004767,-0.891277,-0.020847,0.013792,1.465664,-0.250545,0.452954,-0.004767,-0.891277,-0.020847,0.009246,1.299816,-0.255996,0.482183,0.193004,-0.847688,-0.108046,0.009246,1.299816,-0.255996,0.402351,-0.189283,-0.891638,0.085248,-0.089062,1.385029,-0.099910,0.417491,-0.078085,-0.905315,-0.002930,0.122567,1.383078,-0.398075,0.435573,0.067940,-0.895568,-0.060145,-0.160003,1.108935,-0.111624,0.400053,0.032716,-0.803307,-0.439984,0.105805,1.105880,-0.467741,0.408825,-0.354297,-0.813316,-0.214135,-0.245732,0.970615,-0.283093,0.450741,-0.028881,-0.826460,-0.336098,-0.074743,0.956030,-0.496565,0.421193,-0.272780,-0.849237,-0.164267,0.000000,0.000000,0.000000,2.017444,0.098501,-28.239950,-4.368621,-0.078031,329.785919,-125.147697,-0.028883,77.391647,0.927618,-0.402689,-20.724535,2.641917,-0.240513,-19.308256,-6.676915,0.198194,-43.084187,7.420141,0.303405,-7.660536,1.531568,-0.215828,10.687113,-5.893408,-0.108787,-2.259624,4.528942,0.117166,-280.069794,1.276067,-0.130023,167.845703,-7.381819,0.300339,-121.107887,12.322330,0.173705,173.483078,1.065064,-0.193230,-67.194260,-0.423571,-0.140569,77.117516,50.969982,-0.212806,-37.107662,75.022926,-0.232152,-22.467789,-6.443250,-0.079904,-4.154322,9.877889,-0.400952,90.637993,52.618530,-0.386919,49.910255,-72.729782,0.184740,-70.618614,-13.133754,0.185966,-7.138934,7.773503,0.262601,-22.352957,-0.054783,0.048237,53.742836,0.394715,0.244060,-19.162283,0.770054,-0.233565,-74.865013,-0.749365,0.043341,53.483006,-0.332088,0.241588,-19.423117,0.801907,-0.236490,-74.304184,-0.705169,0.041323,54.182690,-1.065510,0.239262,-19.580368,0.800741,-0.238644,-73.047134,1.947181,-0.014237,7.990185,-5.820131,-0.270537,-58.874306,2.358680,-0.137653,-38.595829,-5.908845,0.010150,-3.123770,-5.183663,-0.017575,9.337250,-0.689382,-0.077933,-42.500240,3.005187,-0.369719,-41.943180,-2.001371,-0.068494,-30.243153,7.530454,-0.496047,-63.776485,5.510579,0.745705,84.504295,1,1
446,4598,-0.092000,0.939377,-0.325526,0.460715,-0.025673,-0.886558,-0.033118,-0.092000,0.939377,-0.325526,0.460715,-0.025673,-0.886558,-0.033118,-0.096452,0.857686,-0.232770,0.514459,-0.029181,-0.853715,-0.075175,-0.007732,0.855367,-0.359261,0.408980,-0.051456,-0.910700,-0.026707,-0.148752,0.457712,-0.275018,0.489574,0.031066,-0.871265,0.015806,-0.056429,0.453227,-0.361487,0.428045,-0.026995,-0.902715,0.033986,-0.114886,0.051106,-0.269635,0.462447,0.024075,-0.886279,0.008523,-0.059914,0.047328,-0.319800,0.461012,0.012861,-0.887301,0.000764,-0.003712,1.012295,-0.264938,0.463949,-0.022002,-0.885161,-0.027522,0.006192,1.195938,-0.259435,0.452993,-0.004674,-0.891256,-0.020936,0.009468,1.315827,-0.255465,0.452993,-0.004674,-0.891256,-0.020936,0.013563,1.465689,-0.250502,0.452993,-0.004674,-0.891256,-0.020936,0.009031,1.299842,-0.255994,0.482182,0.193052,-0.847668,-0.108124,0.009031,1.299842,-0.255994,0.402468,-0.189125,-0.891632,0.085112,-0.089272,1.385036,-0.099888,0.417510,-0.078131,-0.905302,-0.003008,0.122301,1.383203,-0.398070,0.435744,0.068232,-0.895446,-0.060396,-0.160255,1.108951,-0.111629,0.400056,0.032675,-0.803298,-0.440001,0.105603,1.106054,-0.467918,0.409242,-0.354028,-0.813162,-0.214366,-0.246003,0.970638,-0.283094,0.450740,-0.028883,-0.826464,-0.336089,-0.074912,0.956174,-0.496791,0.421538,-0.272472,-0.849098,-0.164611,0.000000,0.000000,0.000000,2.015357,-0.231875,-36.708473,-4.360832,0.865459,104.832268,-125.157890,-1.132541,-122.628716,0.925999,-0.179953,24.748438,2.641331,-0.065115,19.488720,-6.674163,0.305759,11.951627,7.421602,0.162337,-15.674233,1.530332,-0.137329,8.722146,-5.893788,-0.042174,7.401487,4.517136,-1.311726,-158.765747,1.277032,0.107169,26.354713,-7.365778,1.782364,164.669464,12.322047,-0.031365,-22.785583,1.063694,-0.152124,4.567272,-0.425274,-0.189198,-5.403261,50.973289,0.367483,64.476456,75.037239,1.590305,202.495163,-6.449421,-0.685692,-67.309731,9.870285,-0.844849,-49.321949,52.611095,-0.826094,-48.797180,-72.730263,-0.053406,-26.460678,-13.131282,0.274658,9.854634,7.778390,0.543012,31.156721,-0.058458,-0.408290,-50.725262,0.400186,0.607928,40.429764,0.766289,-0.418319,-20.528175,-0.753138,-0.419325,-51.407375,-0.326717,0.596778,39.465549,0.798049,-0.428637,-21.349661,-0.708996,-0.425167,-51.832176,-1.060241,0.585516,38.472744,0.796747,-0.443757,-22.790260,1.937544,-1.070764,-117.391914,-5.813099,0.781324,116.873451,2.353484,-0.577238,-48.842796,-5.905622,0.358158,38.667542,-5.193552,-1.098792,-120.135201,-0.683455,0.658565,81.833130,3.008547,0.373337,82.561783,-2.006210,-0.537687,-52.132515,7.530020,-0.048161,49.765148,5.516216,0.626352,-13.261457,1,1
447,4604,-0.091993,0.939357,-0.325421,0.460656,-0.025530,-0.886596,-0.033040,-0.091993,0.939357,-0.325421,0.460656,-0.025530,-0.886596,-0.033040,-0.096432,0.857666,-0.232666,0.513885,-0.028839,-0.854114,-0.074696,-0.007693,0.855374,-0.359143,0.409153,-0.051412,-0.910623,-0.026767,-0.148259,0.457622,-0.274756,0.489105,0.030985,-0.871531,0.015788,-0.056377,0.453234,-0.361419,0.428196,-0.026963,-0.902649,0.033860,-0.114465,0.051010,-0.269332,0.462654,0.023879,-0.886177,0.008479,-0.059874,0.047324,-0.319836,0.461215,0.012891,-0.887195,0.000651,-0.003737,1.012305,-0.264821,0.464286,-0.021560,-0.885001,-0.027315,0.005924,1.195959,-0.259310,0.454121,-0.003629,-0.890696,-0.020507,0.008935,1.315855,-0.255321,0.454121,-0.003629,-0.890696,-0.020507,0.012699,1.465725,-0.250336,0.454121,-0.003629,-0.890696,-0.020507,0.008534,1.299869,-0.255853,0.482746,0.193548,-0.847261,-0.107909,0.008534,1.299869,-0.255853,0.403214,-0.188192,-0.891415,0.085919,-0.089732,1.385006,-0.099651,0.417720,-0.078457,-0.905176,-0.003433,0.121436,1.383309,-0.398114,0.435971,0.068355,-0.895375,-0.059674,-0.160973,1.109019,-0.111523,0.399587,0.031732,-0.803373,-0.440358,0.104960,1.106089,-0.467616,0.409421,-0.353870,-0.813207,-0.214114,-0.247035,0.970859,-0.282955,0.450133,-0.029071,-0.826753,-0.336177,-0.075480,0.956101,-0.496397,0.421395,-0.272299,-0.849122,-0.165144,0.000000,0.000000,0.000000,2.015324,-0.005523,37.725323,-4.342027,3.134171,378.118652,-125.165550,-1.276652,-24.018465,0.943776,2.962778,523.788513,2.645448,0.686169,125.213898,-6.644712,4.908482,767.120605,7.414083,-1.253208,-235.924026,1.528540,-0.298639,-26.885008,-5.892791,0.166178,34.725224,4.466185,-8.491914,-1196.697876,1.285836,1.467288,226.686401,-7.292717,12.176753,1732.398071,12.248425,-12.270451,-2039.847534,1.074476,1.796921,324.840912,-0.432686,-1.235351,-174.358765,51.000912,4.603704,706.036865,75.070969,5.621592,671.881165,-6.493565,-7.357279,-1111.931274,9.784657,-14.271259,-2237.735107,52.598969,-2.021154,-199.176636,-72.813431,-13.861339,-2301.322021,-13.062454,11.471272,1866.102173,7.859844,13.575633,2172.103516,-0.079589,-3.521785,-518.915710,0.451787,8.600071,1332.023804,0.795541,4.875233,882.258545,-0.774757,-3.603141,-530.635864,-0.275021,8.616006,1336.537964,0.826497,4.741231,861.644775,-0.731499,-3.750503,-554.222717,-1.008505,8.622607,1339.515259,0.824132,4.564166,834.653809,1.973241,5.949478,1170.040283,-5.846604,-5.584160,-1060.914062,2.313286,-6.699682,-1020.407410,-5.820055,14.261246,2317.181396,-5.155037,6.419261,1253.008911,-0.731893,-8.072883,-1455.241333,3.022145,2.266367,315.505035,-2.039433,-5.537113,-833.237610,7.539377,1.559496,267.942749,5.649978,22.293726,3611.228760,1,1
448,4613,-0.091887,0.939378,-0.325479,0.460834,-0.025625,-0.886492,-0.033266,-0.091887,0.939378,-0.325479,0.460834,-0.025625,-0.886492,-0.033266,-0.096319,0.857658,-0.232749,0.514849,-0.028769,-0.853484,-0.075286,-0.007632,0.855375,-0.359263,0.408940,-0.051526,-0.910713,-0.026726,-0.148398,0.457682,-0.275218,0.489980,0.031363,-0.871032,0.015444,-0.056386,0.453242,-0.361482,0.428010,-0.027068,-0.902730,0.033965,-0.114460,0.051077,-0.270229,0.463360,0.024220,-0.885799,0.008370,-0.059934,0.047344,-0.319785,0.460901,0.012800,-0.887359,0.000866,-0.003580,1.012273,-0.264891,0.464329,-0.021641,-0.884972,-0.027465,0.006124,1.195925,-0.259357,0.453893,-0.003692,-0.890813,-0.020497,0.009146,1.315821,-0.255377,0.453893,-0.003692,-0.890813,-0.020497,0.012924,1.465690,-0.250402,0.453893,-0.003692,-0.890813,-0.020497,0.008743,1.299834,-0.255908,0.482560,0.193535,-0.847377,-0.107854,0.008743,1.299834,-0.255908,0.403075,-0.188278,-0.891465,0.085860,-0.089575,1.384978,-0.099747,0.417612,-0.078463,-0.905225,-0.003482,0.121704,1.383254,-0.398134,0.435824,0.068205,-0.895444,-0.059879,-0.160835,1.108978,-0.111645,0.399795,0.031747,-0.803393,-0.440132,0.105106,1.106055,-0.467700,0.409473,-0.353969,-0.813106,-0.214235,-0.246894,0.970720,-0.282999,0.450277,-0.028884,-0.826833,-0.335803,-0.075384,0.956128,-0.496488,0.421470,-0.272389,-0.849041,-0.165217,0.000000,0.000000,0.000000,2.032417,1.899163,211.631790,-4.363997,-2.441194,-619.485107,-125.142990,2.506680,420.370209,0.920570,-2.578437,-615.690613,2.658644,1.466195,86.669563,-6.695753,-5.671183,-1175.518311,7.421504,0.824504,230.856903,1.516711,-1.314282,-112.849251,-5.887875,0.546243,42.229519,4.497262,3.452990,1327.211426,1.310216,2.708965,137.964142,-7.404113,-12.377262,-2728.223877,12.292706,4.920112,1910.062500,1.051859,-2.513025,-478.882874,-0.448311,-1.736055,-55.633770,50.988953,-1.328786,-659.165588,75.088715,1.971775,-405.535278,-6.491416,0.238683,843.995850,9.791531,0.763681,1670.548950,52.564159,-3.867679,-205.169495,-72.795197,2.026028,1765.263062,-13.051807,1.182980,-1143.143555,7.882897,2.561463,-1223.796631,-0.077524,0.229437,416.802429,0.433953,-1.981503,-1175.730469,0.803819,0.919885,-439.483063,-0.772381,0.264055,429.688416,-0.292710,-1.965516,-1175.724731,0.835025,0.947548,-421.520355,-0.728909,0.287698,448.689056,-1.026050,-1.949416,-1174.669312,0.832927,0.977172,-398.554901,1.971829,-0.156972,-678.494385,-5.834997,1.289686,763.760681,2.316030,0.304884,778.285156,-5.824254,-0.466559,-1636.422607,-5.155873,-0.092930,-723.576904,-0.733650,-0.195265,875.290833,3.045554,2.600961,37.177113,-2.036273,0.351005,654.235291,7.533424,-0.661426,-246.769104,5.651827,0.205464,-2454.251221,1,1
449,4623,-0.091811,0.939400,-0.324772,0.460795,-0.025786,-0.886502,-0.033414,-0.091811,0.939400,-0.324772,0.460795,-0.025786,-0.886502,-0.033414,-0.096284,0.857672,-0.232050,0.514813,-0.029010,-0.853475,-0.075548,-0.007589,0.855365,-0.358558,0.409533,-0.051324,-0.910448,-0.027089,-0.148641,0.457736,-0.274606,0.489875,0.031352,-0.871090,0.015528,-0.056313,0.453233,-0.361078,0.428542,-0.026878,-0.902503,0.033437,-0.114679,0.051134,-0.269548,0.462876,0.023992,-0.886057,0.008590,-0.059878,0.047288,-0.319835,0.461225,0.012965,-0.887188,0.000653,-0.003477,1.012251,-0.264169,0.463968,-0.022057,-0.885147,-0.027614,0.006431,1.195894,-0.258678,0.452892,-0.004621,-0.891315,-0.020612,0.009659,1.315786,-0.254771,0.452892,-0.004621,-0.891315,-0.020612,0.013695,1.465653,-0.249887,0.452892,-0.004621,-0.891315,-0.020612,0.009229,1.299801,-0.255292,0.481869,0.192981,-0.847901,-0.107816,0.009229,1.299801,-0.255292,0.402322,-0.189149,-0.891661,0.085442,-0.089151,1.385070,-0.099278,0.417499,-0.078708,-0.905254,-0.003765,0.122506,1.383070,-0.397398,0.435653,0.067982,-0.895531,-0.060071,-0.160606,1.109108,-0.111261,0.399870,0.031536,-0.803330,-0.440194,0.105751,1.105875,-0.467007,0.409535,-0.353997,-0.813079,-0.214173,-0.246770,0.970874,-0.282581,0.450300,-0.028903,-0.826799,-0.335854,-0.074743,0.955944,-0.495752,0.421550,-0.272343,-0.849038,-0.165102,0.000000,0.000000,0.000000,2.039175,0.675821,-122.334152,-4.388104,-2.410650,3.054404,-125.148163,-0.517273,-302.395294,0.918317,-0.225258,235.317947,2.612892,-4.575205,-604.139954,-6.614904,8.084869,1375.605225,7.402780,-1.872349,-269.685333,1.482697,-3.401470,-208.718781,-5.867021,2.085352,153.910858,4.512520,1.525831,-192.715851,1.305307,-0.490963,-319.992828,-7.406135,-0.202179,1217.508301,12.339669,4.696369,-22.374249,1.050804,-0.105488,240.753632,-0.479748,-3.143707,-140.765182,50.947880,-4.107285,-277.849823,75.115570,2.685547,71.377228,-6.495996,-0.458002,-69.668556,9.801534,1.000309,23.662783,52.538803,-2.535629,133.204987,-72.771317,2.388000,36.197231,-13.032200,1.960754,77.777435,7.894391,1.149321,-141.214264,-0.053695,2.382908,215.347076,0.391393,-4.255971,-227.446747,0.790012,-1.380742,-230.062668,-0.748047,2.433395,216.934006,-0.335108,-4.239744,-227.422760,0.821915,-1.310951,-225.849899,-0.703879,2.503055,221.535690,-1.068243,-4.219294,-226.987747,0.820807,-1.212031,-218.920242,1.947676,-2.415287,-225.831543,-5.809227,2.577066,128.738083,2.343151,2.712035,240.715057,-5.865361,-4.110765,-364.420685,-5.182898,-2.702427,-260.949646,-0.687812,4.583800,477.906433,3.022392,-2.316236,-491.719788,-2.008096,2.817774,246.676880,7.497380,-3.604412,-294.298615,5.636474,-1.535368,-174.083191,1,1
450,4633,-0.091905,0.939417,-0.324664,0.460733,-0.025758,-0.886535,-0.033440,-0.091905,0.939417,-0.324664,0.460733,-0.025758,-0.886535,-0.033440,-0.096390,0.857682,-0.231949,0.514906,-0.028996,-0.853412,-0.075627,-0.007676,0.855386,-0.358444,0.409649,-0.051215,-0.910403,-0.027017,-0.148777,0.457754,-0.274561,0.489923,0.031487,-0.871057,0.015602,-0.056293,0.453243,-0.360939,0.428586,-0.026853,-0.902489,0.033274,-0.114690,0.051162,-0.269506,0.462820,0.023945,-0.886087,0.008570,-0.059893,0.047286,-0.319825,0.461140,0.012918,-0.887233,0.000739,-0.003583,1.012266,-0.264044,0.463961,-0.021911,-0.885133,-0.028283,0.006432,1.195891,-0.258179,0.452967,-0.004249,-0.891231,-0.022594,0.009797,1.315764,-0.253808,0.452967,-0.004249,-0.891231,-0.022594,0.014004,1.465606,-0.248344,0.452967,-0.004249,-0.891231,-0.022594,0.009349,1.299781,-0.254391,0.481878,0.193240,-0.847612,-0.109570,0.009349,1.299781,-0.254391,0.402421,-0.189240,-0.891751,0.083817,-0.088849,1.384754,-0.098039,0.417623,-0.078596,-0.905206,-0.003990,0.122767,1.383191,-0.396232,0.435706,0.067768,-0.895513,-0.060212,-0.160299,1.108793,-0.110161,0.399825,0.031448,-0.803368,-0.440171,0.105844,1.106009,-0.465836,0.409739,-0.355035,-0.812610,-0.213844,-0.246482,0.970550,-0.281465,0.450166,-0.028840,-0.826843,-0.335931,-0.074939,0.956349,-0.494173,0.421560,-0.272307,-0.849054,-0.165055,0.000000,0.000000,0.000000,2.043642,0.446701,-22.912025,-4.386558,0.154638,256.528870,-125.156433,-0.827026,-30.975342,0.902677,-1.564044,-133.878586,2.611734,-0.115800,445.940491,-6.592273,2.263117,-582.175232,7.374293,-2.848673,-97.632408,1.459631,-2.306569,109.490158,-5.845404,2.161741,7.638931,4.519032,0.651217,-87.461472,1.304239,-0.106764,38.419960,-7.427038,-2.090359,-188.817978,12.361775,2.210617,-248.575226,1.070267,1.946306,205.179443,-0.494169,-1.442090,170.161713,51.006920,5.904007,1001.129089,75.085381,-3.018951,-570.449829,-6.633915,-13.791895,-1333.389282,9.829838,2.830410,183.010101,52.506580,-3.222275,-68.664551,-72.808640,-3.732300,-612.030029,-13.008513,2.368641,40.788651,7.893734,-0.065660,-121.498108,-0.099501,-4.580621,-696.352966,0.402164,1.077083,533.305359,0.730884,-5.912835,-453.209320,-0.794410,-4.636353,-706.974915,-0.325751,0.935632,517.537537,0.762397,-5.951804,-464.085388,-0.750033,-4.615396,-711.845093,-1.060283,0.795984,501.527771,0.760344,-6.046271,-483.424072,2.003038,5.536270,795.155762,-5.855706,-4.647970,-722.503662,2.313779,-2.937126,-564.916138,-5.910998,-4.563665,-45.289993,-5.132063,5.083466,778.589233,-0.649618,3.819412,-76.438805,2.884386,-13.800573,-1148.433716,-2.046460,-3.836465,-665.423889,7.528810,3.142977,674.738892,5.501967,-13.450623,-1191.525513,1,1
451,4642,-0.091905,0.939417,-0.324664,0.460733,-0.025758,-0.886535,-0.033440,-0.091905,0.939417,-0.324664,0.460733,-0.025758,-0.886535,-0.033440,-0.096390,0.857682,-0.231949,0.514906,-0.028996,-0.853412,-0.075627,-0.007676,0.855386,-0.358444,0.409649,-0.051215,-0.910403,-0.027017,-0.148777,0.457754,-0.274561,0.489923,0.031487,-0.871057,0.015602,-0.056293,0.453243,-0.360939,0.428586,-0.026853,-0.902489,0.033274,-0.114690,0.051162,-0.269506,0.462820,0.023945,-0.886087,0.008570,-0.059893,0.047286,-0.319825,0.461140,0.012918,-0.887233,0.000739,-0.003583,1.012266,-0.264044,0.463961,-0.021911,-0.885133,-0.028283,0.006432,1.195891,-0.258179,0.452967,-0.004249,-0.891231,-0.022594,0.009797,1.315764,-0.253808,0.452967,-0.004249,-0.891231,-0.022594,0.014004,1.465606,-0.248344,0.452967,-0.004249,-0.891231,-0.022594,0.009349,1.299781,-0.254391,0.481878,0.193240,-0.847612,-0.109570,0.009349,1.299781,-0.254391,0.402421,-0.189240,-0.891751,0.083817,-0.088849,1.384754,-0.098039,0.417623,-0.078596,-0.905206,-0.003990,0.122767,1.383191,-0.396232,0.435706,0.067768,-0.895513,-0.060212,-0.160299,1.108793,-0.110161,0.399825,0.031448,-0.803368,-0.440171,0.105844,1.106009,-0.465836,0.409739,-0.355035,-0.812610,-0.213844,-0.246482,0.970550,-0.281465,0.450166,-0.028840,-0.826843,-0.335931,-0.074939,0.956349,-0.494173,0.421560,-0.272307,-0.849054,-0.165055,0.000000,0.000000,0.000000,2.043642,0.000000,-49.633450,-4.386558,0.000000,-17.182032,-125.156433,0.000000,91.891815,0.902677,0.000000,173.782639,2.611734,0.000000,12.866656,-6.592273,0.000000,-251.457443,7.374293,0.000000,316.519196,1.459631,0.000000,256.285400,-5.845404,0.000000,-240.193466,4.519032,0.000000,-72.357391,1.304239,0.000000,11.862649,-7.427038,0.000000,232.262070,12.361775,0.000000,-245.624130,1.070267,0.000000,-216.256256,-0.494169,0.000000,160.232193,51.006920,0.000000,-656.000732,75.085381,0.000000,335.439056,-6.633915,0.000000,1532.432739,9.829838,0.000000,-314.489990,52.506580,0.000000,358.030548,-72.808640,0.000000,414.699982,-13.008513,0.000000,-263.182312,7.893734,0.000000,7.295609,-0.099501,0.000000,508.957886,0.402164,0.000000,-119.675865,0.730884,0.000000,656.981628,-0.794410,0.000000,515.150391,-0.325751,0.000000,-103.959106,0.762397,0.000000,661.311584,-0.750033,0.000000,512.821777,-1.060283,0.000000,-88.442696,0.760344,0.000000,671.807922,2.003038,0.000000,-615.141113,-5.855706,0.000000,516.441162,2.313779,0.000000,326.347351,-5.910998,0.000000,507.073944,-5.132063,0.000000,-564.829529,-0.649618,0.000000,-424.379089,2.884386,0.000000,1533.396973,-2.046460,0.000000,426.273834,7.528810,0.000000,-349.219635,5.501967,0.000000,1494.513672,1,1
452,4654,-0.090913,0.939423,-0.322727,0.460622,-0.025754,-0.886544,-0.034682,-0.090913,0.939423,-0.322727,0.460622,-0.025754,-0.886544,-0.034682,-0.095516,0.857489,-0.230193,0.514985,-0.029091,-0.853334,-0.075928,-0.006771,0.855370,-0.356669,0.409419,-0.051516,-0.910433,-0.028877,-0.148102,0.457601,-0.272970,0.489931,0.031599,-0.871049,0.015590,-0.056244,0.453327,-0.360456,0.428729,-0.026649,-0.902448,0.032685,-0.113940,0.051015,-0.267969,0.462917,0.023998,-0.886034,0.008768,-0.059894,0.047319,-0.319846,0.461210,0.013023,-0.887195,0.000858,-0.002523,1.012037,-0.261922,0.463856,-0.022034,-0.885160,-0.029043,0.007638,1.195650,-0.255933,0.452882,-0.004639,-0.891278,-0.022367,0.011061,1.315525,-0.251653,0.452882,-0.004639,-0.891278,-0.022367,0.015341,1.465369,-0.246303,0.452882,-0.004639,-0.891278,-0.022367,0.010605,1.299542,-0.252224,0.481931,0.192976,-0.847668,-0.109375,0.010605,1.299542,-0.252224,0.402262,-0.189454,-0.891765,0.083956,-0.087571,1.384610,-0.095927,0.417593,-0.078581,-0.905222,-0.003670,0.124087,1.382914,-0.394074,0.435574,0.067968,-0.895568,-0.060114,-0.158940,1.108628,-0.107887,0.399914,0.031425,-0.803418,-0.440002,0.107298,1.105787,-0.463665,0.410113,-0.354804,-0.812282,-0.214755,-0.245118,0.970311,-0.279134,0.450211,-0.028865,-0.826852,-0.335846,-0.073555,0.956266,-0.492290,0.422018,-0.272097,-0.848778,-0.165648,0.000000,0.000000,0.000000,2.170996,10.612865,884.405457,-4.451467,-5.409082,-450.756836,-125.174294,-1.488368,-124.030640,0.977887,6.267538,522.294800,2.597806,-1.160642,-96.720131,-6.609948,-1.472910,-122.742523,7.528797,12.875318,1072.943115,1.390459,-5.764355,-480.362915,-5.796012,4.115939,342.994904,4.429029,-7.500291,-625.024292,1.240259,-5.331666,-444.305450,-7.443240,-1.350164,-112.513702,12.402526,3.395875,282.989594,1.053038,-1.435747,-119.645569,-0.511075,-1.408843,-117.403557,51.075275,5.696297,474.691406,75.162704,6.443659,536.971619,-6.609655,2.021710,168.475845,9.868573,3.227949,268.995758,52.522205,1.302083,108.506950,-72.800812,0.652313,54.359436,-13.002588,0.493765,41.147076,7.883581,-0.846068,-70.505669,-0.060630,3.239242,269.936798,0.400165,-0.166607,-13.883949,0.773048,3.513649,292.804077,-0.755227,3.265321,272.110077,-0.326665,-0.076115,-6.342927,0.804806,3.534069,294.505737,-0.711087,3.245473,270.456085,-1.060121,0.013461,1.121726,0.803474,3.594155,299.512909,1.980992,-1.837224,-153.101974,-5.861288,-0.465115,-38.759579,2.327441,1.138508,94.875694,-5.923846,-1.070658,-89.221527,-5.154386,-1.860221,-155.018448,-0.649318,0.024964,2.080368,2.872929,-0.954767,-79.563919,-2.034467,0.999490,83.290871,7.532169,0.279943,23.328596,5.475978,-2.165794,-180.482864,1,1
453,4671,-0.088994,0.939425,-0.324162,0.461164,-0.026401,-0.886225,-0.035141,-0.088994,0.939425,-0.324162,0.461164,-0.026401,-0.886225,-0.035141,-0.093606,0.857474,-0.231644,0.514975,-0.029293,-0.853409,-0.075080,-0.005026,0.855251,-0.358234,0.409853,-0.053059,-0.910149,-0.028878,-0.145975,0.457490,-0.273752,0.490016,0.031245,-0.871003,0.016196,-0.055649,0.453336,-0.361490,0.429487,-0.027841,-0.902023,0.033468,-0.111821,0.050910,-0.268183,0.462757,0.024182,-0.886114,0.008550,-0.059859,0.047435,-0.319889,0.461294,0.012698,-0.887156,0.000998,-0.000414,1.011886,-0.263451,0.464279,-0.022430,-0.884915,-0.029443,0.009896,1.195488,-0.257391,0.453056,-0.004553,-0.891183,-0.022648,0.013332,1.315360,-0.253042,0.453056,-0.004553,-0.891183,-0.022648,0.017628,1.465200,-0.247605,0.453056,-0.004553,-0.891183,-0.022648,0.012874,1.299377,-0.253621,0.482007,0.193030,-0.847572,-0.109680,0.012874,1.299377,-0.253621,0.402416,-0.189416,-0.891721,0.083764,-0.085261,1.384382,-0.097259,0.417588,-0.078538,-0.905228,-0.003818,0.126333,1.382778,-0.395462,0.435654,0.067949,-0.895528,-0.060148,-0.156642,1.108406,-0.109306,0.399878,0.031419,-0.803387,-0.440090,0.109525,1.105655,-0.465068,0.410043,-0.354837,-0.812291,-0.214800,-0.242831,0.970128,-0.280578,0.450211,-0.028873,-0.826848,-0.335854,-0.071341,0.956155,-0.493717,0.422043,-0.272110,-0.848800,-0.165450,0.000000,0.000000,0.000000,2.180873,0.580998,-590.109863,-4.542968,-5.382453,1.566382,-125.104362,4.113590,329.526947,0.990086,0.717598,-326.467041,2.706775,6.409954,445.329132,-6.630624,-1.216243,15.098061,7.629756,5.938783,-408.031464,1.406554,0.946788,394.773163,-5.917082,-7.121731,-661.039429,4.267128,-9.523588,-119.017464,1.230458,-0.576510,279.715057,-7.364356,4.640270,352.378510,12.367777,-2.044061,-319.996216,1.103706,2.980471,259.777496,-0.415000,5.651472,415.312622,51.079842,0.268600,-319.276306,75.146843,-0.933030,-433.922913,-6.598893,0.633071,-81.684631,9.895968,1.611485,-95.086113,52.516098,-0.359255,-97.725769,-72.807198,-0.375635,-60.467571,-13.008427,-0.343435,-49.247047,7.892332,0.514732,80.047050,-0.083031,-1.317729,-268.057098,0.384827,-0.902211,-43.270798,0.792391,1.137846,-139.753143,-0.777289,-1.297779,-268.417664,-0.342034,-0.904057,-48.702461,0.824232,1.142744,-140.666168,-0.733047,-1.291745,-266.895203,-1.075547,-0.907372,-54.166630,0.822689,1.130290,-144.933243,1.989209,0.483394,136.506897,-5.870817,-0.560564,-5.614661,2.324757,-0.157917,-76.260323,-5.919742,0.241420,77.181076,-5.146544,0.461270,136.558289,-0.648625,0.040756,0.928891,2.855154,-1.045592,-5.342627,-2.038340,-0.227830,-72.195320,7.543575,0.670910,22.998043,5.465741,-0.602161,91.978424,1,1
454,4675,-0.088994,0.939425,-0.324162,0.461164,-0.026401,-0.886225,-0.035141,-0.088994,0.939425,-0.324162,0.461164,-0.026401,-0.886225,-0.035141,-0.093606,0.857474,-0.231644,0.514975,-0.029293,-0.853409,-0.075080,-0.005026,0.855251,-0.358234,0.409853,-0.053059,-0.910149,-0.028878,-0.145975,0.457490,-0.273752,0.490016,0.031245,-0.871003,0.016196,-0.055649,0.453336,-0.361490,0.429487,-0.027841,-0.902023,0.033468,-0.111821,0.050910,-0.268183,0.462757,0.024182,-0.886114,0.008550,-0.059859,0.047435,-0.319889,0.461294,0.012698,-0.887156,0.000998,-0.000414,1.011886,-0.263451,0.464279,-0.022430,-0.884915,-0.029443,0.009896,1.195488,-0.257391,0.453056,-0.004553,-0.891183,-0.022648,0.013332,1.315360,-0.253042,0.453056,-0.004553,-0.891183,-0.022648,0.017628,1.465200,-0.247605,0.453056,-0.004553,-0.891183,-0.022648,0.012874,1.299377,-0.253621,0.482007,0.193030,-0.847572,-0.109680,0.012874,1.299377,-0.253621,0.402416,-0.189416,-0.891721,0.083764,-0.085261,1.384382,-0.097259,0.417588,-0.078538,-0.905228,-0.003818,0.126333,1.382778,-0.395462,0.435654,0.067949,-0.895528,-0.060148,-0.156642,1.108406,-0.109306,0.399878,0.031419,-0.803387,-0.440090,0.109525,1.105655,-0.465068,0.410043,-0.354837,-0.812291,-0.214800,-0.242831,0.970128,-0.280578,0.450211,-0.028873,-0.826848,-0.335854,-0.071341,0.956155,-0.493717,0.422043,-0.272110,-0.848800,-0.165450,0.000000,0.000000,0.000000,2.180873,0.000000,-145.249496,-4.542968,0.000000,1345.613403,-125.104362,0.000000,-1028.397583,0.990086,0.000000,-179.399460,2.706775,0.000000,-1602.488403,-6.630624,0.000000,304.060822,7.629756,0.000000,-1484.695679,1.406554,0.000000,-236.697067,-5.917082,0.000000,1780.432739,4.267128,0.000000,2380.896973,1.230458,0.000000,144.127533,-7.364356,0.000000,-1160.067505,12.367777,0.000000,511.015167,1.103706,0.000000,-745.117676,-0.415000,0.000000,-1412.868042,51.079842,0.000000,-67.149895,75.146843,0.000000,233.257523,-6.598893,0.000000,-158.267853,9.895968,0.000000,-402.871307,52.516098,0.000000,89.813683,-72.807198,0.000000,93.908867,-13.008427,0.000000,85.858742,7.892332,0.000000,-128.682922,-0.083031,0.000000,329.432251,0.384827,0.000000,225.552734,0.792391,0.000000,-284.461395,-0.777289,0.000000,324.444733,-0.342034,0.000000,226.014236,0.824232,0.000000,-285.685913,-0.733047,0.000000,322.936249,-1.075547,0.000000,226.843002,0.822689,0.000000,-282.572479,1.989209,0.000000,-120.848419,-5.870817,0.000000,140.141037,2.324757,0.000000,39.479313,-5.919742,0.000000,-60.354961,-5.146544,0.000000,-115.317459,-0.648625,0.000000,-10.188888,2.855154,0.000000,261.397919,-2.038340,0.000000,56.957497,7.543575,0.000000,-167.727478,5.465741,0.000000,150.540298,1,1
455,4689,-0.089010,0.939420,-0.324244,0.461215,-0.026449,-0.886199,-0.035118,-0.089010,0.939420,-0.324244,0.461215,-0.026449,-0.886199,-0.035118,-0.093616,0.857477,-0.231719,0.515027,-0.029383,-0.853378,-0.075027,-0.005051,0.855238,-0.358320,0.409871,-0.053070,-0.910141,-0.028837,-0.146028,0.457490,-0.273750,0.490088,0.031142,-0.870965,0.016218,-0.055669,0.453322,-0.361540,0.429512,-0.027844,-0.902009,0.033527,-0.111938,0.050906,-0.268127,0.462838,0.024066,-0.886074,0.008574,-0.059859,0.047425,-0.319895,0.461306,0.012707,-0.887149,0.001039,-0.000418,1.011880,-0.263550,0.464373,-0.022521,-0.884866,-0.029387,0.009917,1.195482,-0.257535,0.453242,-0.004726,-0.891091,-0.022525,0.013378,1.315355,-0.253232,0.453242,-0.004726,-0.891091,-0.022525,0.017704,1.465196,-0.247853,0.453242,-0.004726,-0.891091,-0.022525,0.012917,1.299372,-0.253805,0.482200,0.192853,-0.847511,-0.109619,0.012917,1.299372,-0.253805,0.402566,-0.189540,-0.891612,0.083925,-0.085144,1.384442,-0.097434,0.417733,-0.078659,-0.905151,-0.003707,0.126336,1.382712,-0.395718,0.435811,0.067826,-0.895467,-0.060053,-0.156567,1.108473,-0.109380,0.399984,0.031243,-0.803381,-0.440018,0.109475,1.105571,-0.465237,0.410111,-0.354966,-0.812236,-0.214662,-0.242830,0.970162,-0.280588,0.450316,-0.029033,-0.826817,-0.335777,-0.071416,0.956082,-0.493791,0.422128,-0.272229,-0.848745,-0.165324,0.000000,0.000000,0.000000,2.175801,-0.362328,-25.880581,-4.546752,-0.270299,-19.307039,-125.097656,0.479017,34.215500,0.986710,-0.241169,-17.226351,2.704037,-0.195571,-13.969382,-6.634617,-0.285251,-20.375059,7.632084,0.166246,11.874704,1.407732,0.084128,6.009121,-5.919610,-0.180585,-12.898932,4.265418,-0.122138,-8.724174,1.224810,-0.403498,-28.821278,-7.364519,-0.011683,-0.834465,12.363611,-0.297546,-21.253313,1.104627,0.065769,4.697819,-0.416212,-0.086610,-6.186414,51.080086,0.017439,1.245615,75.147247,0.028883,2.063051,-6.599824,-0.066553,-4.753774,9.895974,0.000409,0.029194,52.517147,0.074932,5.352254,-72.806908,0.020708,1.479168,-13.007346,0.077179,5.512821,7.892252,-0.005654,-0.403852,-0.076605,0.459039,32.788486,0.390077,0.374977,26.784077,0.793590,0.085669,6.119208,-0.770927,0.454396,32.456856,-0.336680,0.382426,27.316107,0.825397,0.083200,5.942826,-0.726770,0.448359,32.025639,-1.070087,0.389942,27.853008,0.823901,0.086618,6.187023,1.987041,-0.154904,-11.064569,-5.872445,-0.116246,-8.303292,2.326800,0.145929,10.423514,-5.918448,0.092404,6.600302,-5.148643,-0.149897,-10.706941,-0.650275,-0.117800,-8.414290,2.854594,-0.040003,-2.857374,-2.036381,0.139901,9.992900,7.545176,0.114339,8.167052,5.465989,0.017677,1.262645,1,1
456,4699,-0.089010,0.939420,-0.324244,0.461215,-0.026449,-0.886199,-0.035118,-0.089010,0.939420,-0.324244,0.461215,-0.026449,-0.886199,-0.035118,-0.093616,0.857477,-0.231719,0.515027,-0.029383,-0.853378,-0.075027,-0.005051,0.855238,-0.358320,0.409871,-0.053070,-0.910141,-0.028837,-0.146028,0.457490,-0.273750,0.490088,0.031142,-0.870965,0.016218,-0.055669,0.453322,-0.361540,0.429512,-0.027844,-0.902009,0.033527,-0.111938,0.050906,-0.268127,0.462838,0.024066,-0.886074,0.008574,-0.059859,0.047425,-0.319895,0.461306,0.012707,-0.887149,0.001039,-0.000418,1.011880,-0.263550,0.464373,-0.022521,-0.884866,-0.029387,0.009917,1.195482,-0.257535,0.453242,-0.004726,-0.891091,-0.022525,0.013378,1.315355,-0.253232,0.453242,-0.004726,-0.891091,-0.022525,0.017704,1.465196,-0.247853,0.453242,-0.004726,-0.891091,-0.022525,0.012917,1.299372,-0.253805,0.482200,0.192853,-0.847511,-0.109619,0.012917,1.299372,-0.253805,0.402566,-0.189540,-0.891612,0.083925,-0.085144,1.384442,-0.097434,0.417733,-0.078659,-0.905151,-0.003707,0.126336,1.382712,-0.395718,0.435811,0.067826,-0.895467,-0.060053,-0.156567,1.108473,-0.109380,0.399984,0.031243,-0.803381,-0.440018,0.109475,1.105571,-0.465237,0.410111,-0.354966,-0.812236,-0.214662,-0.242830,0.970162,-0.280588,0.450316,-0.029033,-0.826817,-0.335777,-0.071416,0.956082,-0.493791,0.422128,-0.272229,-0.848745,-0.165324,0.000000,0.000000,0.000000,2.175801,0.000000,36.232811,-4.546752,0.000000,27.029856,-125.097656,0.000000,-47.901699,0.986710,0.000000,24.116890,2.704037,0.000000,19.557135,-6.634617,0.000000,28.525082,7.632084,0.000000,-16.624586,1.407732,0.000000,-8.412770,-5.919610,0.000000,18.058504,4.265418,0.000000,12.213843,1.224810,0.000000,40.349789,-7.364519,0.000000,1.168251,12.363611,0.000000,29.754639,1.104627,0.000000,-6.576947,-0.416212,0.000000,8.660980,51.080086,0.000000,-1.743862,75.147247,0.000000,-2.888271,-6.599824,0.000000,6.655284,9.895974,0.000000,-0.040872,52.517147,0.000000,-7.493155,-72.806908,0.000000,-2.070836,-13.007346,0.000000,-7.717950,7.892252,0.000000,0.565393,-0.076605,0.000000,-45.903877,0.390077,0.000000,-37.497707,0.793590,0.000000,-8.566891,-0.770927,0.000000,-45.439598,-0.336680,0.000000,-38.242550,0.825397,0.000000,-8.319957,-0.726770,0.000000,-44.835892,-1.070087,0.000000,-38.994209,0.823901,0.000000,-8.661832,1.987041,0.000000,15.490396,-5.872445,0.000000,11.624609,2.326800,0.000000,-14.592920,-5.918448,0.000000,-9.240423,-5.148643,0.000000,14.989717,-0.650275,0.000000,11.780006,2.854594,0.000000,4.000323,-2.036381,0.000000,-13.990061,7.545176,0.000000,-11.433874,5.465989,0.000000,-1.767703,1,1
457,4704,-0.089227,0.939448,-0.324100,0.461433,-0.026501,-0.886072,-0.035411,-0.089227,0.939448,-0.324100,0.461433,-0.026501,-0.886072,-0.035411,-0.093817,0.857461,-0.231613,0.514980,-0.029350,-0.853429,-0.074783,-0.005315,0.855254,-0.358258,0.409740,-0.052994,-0.910203,-0.028903,-0.146099,0.457445,-0.273489,0.490108,0.030996,-0.870959,0.016209,-0.055903,0.453331,-0.361562,0.429447,-0.027676,-0.902037,0.033727,-0.112115,0.050853,-0.267815,0.462874,0.023975,-0.886059,0.008528,-0.059903,0.047441,-0.319829,0.461117,0.012922,-0.887245,0.000857,-0.000580,1.011847,-0.263413,0.464824,-0.022890,-0.884616,-0.029492,0.009937,1.195443,-0.257499,0.454184,-0.005718,-0.890612,-0.022244,0.013584,1.315316,-0.253367,0.454184,-0.005718,-0.890612,-0.022244,0.018143,1.465158,-0.248203,0.454184,-0.005718,-0.890612,-0.022244,0.013098,1.299333,-0.253918,0.482898,0.192095,-0.847262,-0.109804,0.013098,1.299333,-0.253918,0.403780,-0.190074,-0.890924,0.084184,-0.084709,1.384525,-0.097512,0.417666,-0.078625,-0.905185,-0.003791,0.126237,1.382552,-0.396187,0.436974,0.067432,-0.894861,-0.061079,-0.156129,1.108555,-0.109521,0.399854,0.031493,-0.803383,-0.440114,0.108854,1.105484,-0.466115,0.410103,-0.354887,-0.812221,-0.214865,-0.242290,0.970287,-0.280816,0.450147,-0.028735,-0.826863,-0.335915,-0.072039,0.956017,-0.494761,0.422033,-0.271853,-0.848868,-0.165552,0.000000,0.000000,0.000000,2.201771,5.193949,1038.789795,-4.568103,-4.270172,-854.034363,-125.070244,5.482483,1096.496582,0.958288,-5.684423,-1136.884644,2.700190,-0.769520,-153.903961,-6.680374,-9.151363,-1830.272705,7.663780,6.339264,1267.852783,1.446130,7.679511,1535.902100,-5.945014,-5.080795,-1016.159058,4.205235,-12.036514,-2407.302979,1.210951,-2.771783,-554.356567,-7.325698,7.764244,1552.848877,12.328210,-7.080269,-1416.053833,1.105567,0.188041,37.608147,-0.408286,1.585251,317.050232,50.999630,-16.091156,-3218.231201,75.029938,-23.461914,-4692.382812,-6.635945,-7.224178,-1444.835693,9.908326,2.470398,494.079590,52.522831,1.136780,227.355957,-72.801674,1.046753,209.350586,-12.998901,1.688957,337.791443,7.892710,0.091553,18.310547,-0.032602,8.800586,1760.117188,0.418213,5.627197,1125.439331,0.796224,0.526655,105.330948,-0.727317,8.721995,1744.399048,-0.307881,5.759740,1151.947998,0.827939,0.508273,101.654526,-0.683612,8.631575,1726.314819,-1.040611,5.895352,1179.070557,0.826913,0.602376,120.475296,1.941499,-9.108281,-1821.656250,-5.834692,7.550526,1510.105225,2.371031,8.846283,1769.256592,-5.888878,5.914021,1182.804077,-5.192276,-8.726788,-1745.357422,-0.658701,-1.685297,-337.059479,2.932861,15.653563,3130.712402,-1.996656,7.944965,1588.993042,7.600016,10.968018,2193.603516,5.443851,-4.427528,-885.505676,1,1
458,4714,-0.089830,0.939455,-0.324084,0.461482,-0.026381,-0.886049,-0.035430,-0.089830,0.939455,-0.324084,0.461482,-0.026381,-0.886049,-0.035430,-0.094394,0.857453,-0.231609,0.514983,-0.029291,-0.853431,-0.074766,-0.005904,0.855282,-0.358263,0.409841,-0.052699,-0.910176,-0.028867,-0.146627,0.457433,-0.273497,0.490118,0.031023,-0.870954,0.016179,-0.056267,0.453330,-0.361634,0.429573,-0.027313,-0.901981,0.033932,-0.112637,0.050840,-0.267857,0.462880,0.023987,-0.886056,0.008498,-0.059921,0.047439,-0.319877,0.461354,0.013556,-0.887112,0.001116,-0.001191,1.011862,-0.263395,0.464875,-0.022756,-0.884592,-0.029510,0.009284,1.195459,-0.257452,0.454240,-0.005558,-0.890584,-0.022262,0.012898,1.315333,-0.253299,0.454240,-0.005558,-0.890584,-0.022262,0.017417,1.465175,-0.248108,0.454240,-0.005558,-0.890584,-0.022262,0.012417,1.299350,-0.253853,0.482894,0.192181,-0.847243,-0.109814,0.012417,1.299350,-0.253853,0.403987,-0.189845,-0.890888,0.084093,-0.085416,1.384529,-0.097445,0.417563,-0.078655,-0.905229,-0.003768,0.125439,1.382689,-0.396162,0.437446,0.067807,-0.894585,-0.061320,-0.156839,1.108564,-0.109448,0.399718,0.031443,-0.803458,-0.440105,0.108123,1.105668,-0.466261,0.410979,-0.354632,-0.811893,-0.214853,-0.242987,0.970294,-0.280747,0.450026,-0.028829,-0.826924,-0.335919,-0.072730,0.956124,-0.494761,0.422831,-0.271522,-0.848540,-0.165740,0.000000,0.000000,0.000000,2.209825,0.805402,-438.854675,-4.557022,1.108122,537.829407,-125.064178,0.606537,-487.594635,0.941680,-1.660740,402.368317,2.686779,-1.341128,-57.160851,-6.673630,0.674438,982.580200,7.683813,2.003288,-433.597565,1.428229,-1.790071,-946.958191,-5.971687,-2.667284,241.351120,4.204998,-0.023651,1201.286377,1.203916,-0.703502,206.828125,-7.318613,0.708485,-705.575928,12.321815,-0.639439,644.083008,1.106279,0.071156,-11.688471,-0.409777,-0.149146,-173.439682,50.998989,-0.064087,1602.706909,75.059006,2.906799,2636.871338,-6.645285,-0.933981,629.019714,9.896078,-1.224804,-369.520203,52.525032,0.220108,-91.667175,-72.809250,-0.757599,-180.435181,-13.001688,-0.278664,-196.762085,7.890715,-0.199556,-29.110907,-0.033874,-0.127241,-892.782593,0.418672,0.045863,-558.133423,0.797082,0.085813,-44.084190,-0.728589,-0.127220,-884.921570,-0.307429,0.045198,-571.454163,0.828784,0.084567,-42.370556,-0.684895,-0.128299,-875.987305,-1.040167,0.044358,-585.099487,0.827730,0.081700,-52.067638,1.930593,-1.090670,801.761108,-5.816311,1.838112,-571.241333,2.363535,-0.749636,-959.591919,-5.880900,0.797749,-511.627197,-5.204084,-1.180792,754.599548,-0.639783,1.891774,357.707123,2.937165,0.430346,-1522.321655,-2.004212,-0.755572,-870.053833,7.605844,0.582790,-1038.522705,5.448215,0.436449,486.397766,1,1
459,4727,-0.089318,0.939473,-0.324158,0.461449,-0.026539,-0.886053,-0.035638,-0.089318,0.939473,-0.324158,0.461449,-0.026539,-0.886053,-0.035638,-0.093927,0.857453,-0.231701,0.514915,-0.029354,-0.853479,-0.074666,-0.005430,0.855268,-0.358350,0.409692,-0.053010,-0.910220,-0.029029,-0.146157,0.457424,-0.273498,0.490083,0.030888,-0.870978,0.016189,-0.056076,0.453349,-0.361747,0.429489,-0.027570,-0.902014,0.033923,-0.112258,0.050825,-0.267794,0.462890,0.023945,-0.886051,0.008547,-0.059928,0.047469,-0.319907,0.461606,0.014225,-0.886970,0.001115,-0.000649,1.011825,-0.263448,0.464734,-0.022975,-0.884658,-0.029574,0.009904,1.195419,-0.257551,0.453886,-0.005900,-0.890768,-0.022023,0.013564,1.315294,-0.253486,0.453886,-0.005900,-0.890768,-0.022023,0.018140,1.465138,-0.248404,0.453886,-0.005900,-0.890768,-0.022023,0.013076,1.299311,-0.254028,0.482739,0.191906,-0.847435,-0.109498,0.013076,1.299311,-0.254028,0.403530,-0.190188,-0.891005,0.084273,-0.084670,1.384607,-0.097647,0.418369,-0.079142,-0.904813,-0.004245,0.126247,1.382515,-0.396305,0.437128,0.067660,-0.894782,-0.060870,-0.156490,1.108714,-0.109694,0.400273,0.031509,-0.802904,-0.440606,0.108970,1.105422,-0.466134,0.411194,-0.354657,-0.811920,-0.214296,-0.242831,0.970649,-0.281062,0.450060,-0.028077,-0.826255,-0.337580,-0.071825,0.955760,-0.494384,0.422742,-0.271404,-0.848581,-0.165952,0.000000,0.000000,0.000000,2.222840,1.001175,15.059453,-4.583994,-2.074792,-244.839523,-125.068687,-0.346844,-73.336990,0.946855,0.398086,158.371231,2.702022,1.172579,193.362122,-6.689460,-1.217732,-145.551575,7.702835,1.463193,-41.545776,1.385189,-3.310745,-116.974937,-6.066455,-7.289850,-355.582031,4.167884,-2.854934,-217.791016,1.198090,-0.448108,19.645691,-7.311882,0.517735,-14.673040,12.308418,-1.030555,-30.085884,1.097487,-0.676256,-57.493229,-0.401926,0.603965,57.931572,50.966805,-2.475739,-185.511658,75.134529,5.809491,223.283951,-6.702663,-4.413678,-267.669006,9.819037,-5.926206,-361.646301,52.528519,0.268203,3.699580,-72.743050,5.092328,449.994324,-12.862576,10.700886,844.580750,7.800281,-6.956430,-519.759521,-0.020751,1.009476,87.439774,0.403575,-1.161250,-92.854813,0.808394,0.870219,60.338909,-0.715174,1.031931,89.165451,-0.322196,-1.135906,-90.854195,0.840357,0.890209,61.972469,-0.671329,1.043503,90.138618,-1.054601,-1.110269,-88.817474,0.839720,0.922304,64.661835,1.928414,-0.167608,71.004723,-5.823680,-0.566849,-184.997009,2.365918,0.183326,71.766251,-5.898159,-1.327588,-163.487442,-5.207014,-0.225324,73.497536,-0.633410,0.490230,-107.811081,2.914395,-1.751533,-167.836823,-1.993728,0.806460,120.156334,7.534269,-5.505709,-468.346069,5.525658,5.957126,424.667480,1,1
460,4733,-0.089318,0.939473,-0.324158,0.461449,-0.026539,-0.886053,-0.035638,-0.089318,0.939473,-0.324158,0.461449,-0.026539,-0.886053,-0.035638,-0.093927,0.857453,-0.231701,0.514915,-0.029354,-0.853479,-0.074666,-0.005430,0.855268,-0.358350,0.409692,-0.053010,-0.910220,-0.029029,-0.146157,0.457424,-0.273498,0.490083,0.030888,-0.870978,0.016189,-0.056076,0.453349,-0.361747,0.429489,-0.027570,-0.902014,0.033923,-0.112258,0.050825,-0.267794,0.462890,0.023945,-0.886051,0.008547,-0.059928,0.047469,-0.319907,0.461606,0.014225,-0.886970,0.001115,-0.000649,1.011825,-0.263448,0.464734,-0.022975,-0.884658,-0.029574,0.009904,1.195419,-0.257551,0.453886,-0.005900,-0.890768,-0.022023,0.013564,1.315294,-0.253486,0.453886,-0.005900,-0.890768,-0.022023,0.018140,1.465138,-0.248404,0.453886,-0.005900,-0.890768,-0.022023,0.013076,1.299311,-0.254028,0.482739,0.191906,-0.847435,-0.109498,0.013076,1.299311,-0.254028,0.403530,-0.190188,-0.891005,0.084273,-0.084670,1.384607,-0.097647,0.418369,-0.079142,-0.904813,-0.004245,0.126247,1.382515,-0.396305,0.437128,0.067660,-0.894782,-0.060870,-0.156490,1.108714,-0.109694,0.400273,0.031509,-0.802904,-0.440606,0.108970,1.105422,-0.466134,0.411194,-0.354657,-0.811920,-0.214296,-0.242831,0.970649,-0.281062,0.450060,-0.028077,-0.826255,-0.337580,-0.071825,0.955760,-0.494384,0.422742,-0.271404,-0.848581,-0.165952,0.000000,0.000000,0.000000,2.222840,0.000000,-166.862442,-4.583994,0.000000,345.798676,-125.068687,0.000000,57.807339,0.946855,0.000000,-66.347610,2.702022,0.000000,-195.429886,-6.689460,0.000000,202.955338,7.702835,0.000000,-243.865540,1.385189,0.000000,551.790833,-6.066455,0.000000,1214.974976,4.167884,0.000000,475.822388,1.198090,0.000000,74.684624,-7.311882,0.000000,-86.289185,12.308418,0.000000,171.759201,1.097487,0.000000,112.709320,-0.401926,0.000000,-100.660774,50.966805,0.000000,412.623077,75.134529,0.000000,-968.248474,-6.702663,0.000000,735.613037,9.819037,0.000000,987.700928,52.528519,0.000000,-44.700428,-72.743050,0.000000,-848.721252,-12.862576,0.000000,-1783.480957,7.800281,0.000000,1159.405151,-0.020751,0.000000,-168.246078,0.403575,0.000000,193.541626,0.808394,0.000000,-145.036438,-0.715174,0.000000,-171.988449,-0.322196,0.000000,189.317734,0.840357,0.000000,-148.368195,-0.671329,0.000000,-173.917175,-1.054601,0.000000,185.044907,0.839720,0.000000,-153.717316,1.928414,0.000000,27.934710,-5.823680,0.000000,94.474892,2.365918,0.000000,-30.554258,-5.898159,0.000000,221.264664,-5.207014,0.000000,37.553982,-0.633410,0.000000,-81.704979,2.914395,0.000000,291.922150,-1.993728,0.000000,-134.410004,7.534269,0.000000,917.618103,5.525658,0.000000,-992.854309,1,1
461,4744,-0.089364,0.939526,-0.324430,0.461464,-0.026553,-0.886051,-0.035498,-0.089364,0.939526,-0.324430,0.461464,-0.026553,-0.886051,-0.035498,-0.093961,0.857530,-0.231952,0.514948,-0.029423,-0.853491,-0.074273,-0.005468,0.855321,-0.358603,0.409696,-0.053046,-0.910221,-0.028877,-0.146080,0.457453,-0.273448,0.490087,0.030933,-0.870964,0.016724,-0.056091,0.453399,-0.361876,0.429490,-0.027615,-0.902006,0.034058,-0.111935,0.050880,-0.267383,0.462897,0.024009,-0.886041,0.009055,-0.059927,0.047530,-0.319921,0.461615,0.014165,-0.886967,0.001241,-0.000700,1.011903,-0.263742,0.464738,-0.022957,-0.884658,-0.029514,0.009838,1.195498,-0.257844,0.453868,-0.005817,-0.890775,-0.022125,0.013492,1.315372,-0.253748,0.453868,-0.005817,-0.890775,-0.022125,0.018059,1.465215,-0.248627,0.453868,-0.005817,-0.890775,-0.022125,0.013005,1.299389,-0.254294,0.482629,0.192037,-0.847451,-0.109627,0.013005,1.299389,-0.254294,0.403560,-0.190144,-0.891010,0.084174,-0.084788,1.384602,-0.097907,0.418215,-0.078951,-0.904899,-0.004536,0.126168,1.382616,-0.396558,0.437167,0.067633,-0.894759,-0.060976,-0.156569,1.108709,-0.110168,0.400066,0.031848,-0.802844,-0.440880,0.108845,1.105535,-0.466428,0.411274,-0.354709,-0.811848,-0.214331,-0.242792,0.970765,-0.281692,0.449889,-0.027788,-0.826252,-0.337841,-0.071975,0.955900,-0.494660,0.422819,-0.271467,-0.848510,-0.166015,0.000000,0.000000,0.000000,2.207660,-1.379967,-125.451530,-4.578058,0.539693,49.062992,-125.066422,0.205994,18.726696,0.947616,0.069158,6.287059,2.705495,0.315753,28.704809,-6.690416,-0.086871,-7.897369,7.700898,-0.176040,-16.003601,1.386405,0.110561,10.051019,-6.065761,0.063116,5.737809,4.143262,-2.238360,-203.487305,1.181475,-1.510490,-137.317276,-7.311359,0.047554,4.323061,12.327982,1.778516,161.683273,1.099824,0.212409,19.309935,-0.400431,0.135907,12.355155,50.965881,-0.083923,-7.629395,75.135101,0.052019,4.728963,-6.702082,0.052799,4.799898,9.816423,-0.237638,-21.603481,52.534260,0.521920,47.447269,-72.743637,-0.053406,-4.855069,-12.869507,-0.630032,-57.275631,7.801449,0.106161,9.651026,-0.028375,-0.693080,-63.007298,0.402800,-0.070496,-6.408731,0.801986,-0.582614,-52.964882,-0.722831,-0.696101,-63.281906,-0.323160,-0.087635,-7.966826,0.833916,-0.585502,-53.227440,-0.678935,-0.691430,-62.857288,-1.055752,-0.104687,-9.517039,0.833154,-0.596968,-54.269787,1.932006,0.326590,29.690008,-5.819837,0.349348,31.758930,2.372644,0.611457,55.586990,-5.889844,0.755917,68.719719,-5.203440,0.324899,29.536318,-0.631416,0.181339,16.485365,2.918477,0.371088,33.735245,-1.986931,0.617927,56.175159,7.539921,0.513814,46.710339,5.533210,0.686515,62.410496,1,1
462,4753,-0.089127,0.939476,-0.324422,0.461582,-0.026525,-0.885974,-0.035888,-0.089127,0.939476,-0.324422,0.461582,-0.026525,-0.885974,-0.035888,-0.093726,0.857413,-0.232003,0.515039,-0.029244,-0.853368,-0.075115,-0.005266,0.855270,-0.358679,0.409662,-0.053180,-0.910227,-0.028893,-0.146086,0.457425,-0.274157,0.489944,0.031637,-0.871021,0.016633,-0.055993,0.453360,-0.361921,0.429472,-0.027743,-0.902011,0.034060,-0.111480,0.050886,-0.268432,0.462802,0.024333,-0.886086,0.008612,-0.059923,0.047497,-0.319920,0.461572,0.014008,-0.886991,0.001262,-0.000426,1.011782,-0.263705,0.464867,-0.022894,-0.884578,-0.029933,0.010161,1.195369,-0.257652,0.454010,-0.005694,-0.890691,-0.022609,0.013842,1.315238,-0.253440,0.454010,-0.005694,-0.890691,-0.022609,0.018443,1.465075,-0.248174,0.454010,-0.005694,-0.890691,-0.022609,0.013351,1.299256,-0.254001,0.482326,0.191997,-0.847565,-0.110150,0.013351,1.299256,-0.254001,0.403894,-0.189777,-0.890995,0.083560,-0.084505,1.384421,-0.097609,0.417595,-0.079394,-0.905142,-0.005322,0.126505,1.382775,-0.396146,0.436827,0.068198,-0.894781,-0.062429,-0.156673,1.108612,-0.110231,0.399503,0.032284,-0.802854,-0.441340,0.109124,1.105838,-0.466907,0.411234,-0.354422,-0.812001,-0.214306,-0.242702,0.970873,-0.282018,0.449147,-0.027219,-0.826259,-0.338853,-0.071601,0.956101,-0.495208,0.422810,-0.271281,-0.848598,-0.165893,0.000000,0.000000,0.000000,2.248322,4.517979,655.327332,-4.596154,-2.010663,-283.372925,-125.052315,1.567417,151.269226,0.920008,-3.067613,-348.530029,2.740023,3.836394,391.182281,-6.712765,-2.483209,-266.259735,7.703413,0.279427,50.607353,1.385335,-0.118971,-25.503563,-6.061453,0.478639,46.169182,4.185095,4.648103,765.162598,1.216320,3.871719,598.023193,-7.314559,-0.355562,-44.790581,12.434012,11.781162,1111.405151,1.154659,6.092773,653.373779,-0.421222,-2.310114,-271.780029,50.887409,-8.719127,-959.467041,75.043358,-10.193719,-1138.415283,-6.685121,1.884566,203.529724,9.820310,0.431803,74.382317,52.513920,-2.259996,-309.101807,-72.686951,6.298489,705.766113,-12.819451,5.561723,687.972778,7.759302,-4.683018,-532.130981,-0.033160,-0.531724,17.928480,0.404427,0.180831,27.925177,0.800771,-0.134958,49.739506,-0.727648,-0.535144,17.884134,-0.321615,0.171665,28.811083,0.832656,-0.140091,49.490120,-0.683766,-0.536773,17.184132,-1.054292,0.162231,29.657558,0.831787,-0.151840,49.458679,1.897081,-3.880580,-467.463379,-5.810738,1.011054,73.522827,2.356831,-1.757012,-263.163269,-5.842378,5.274031,502.012634,-5.235291,-3.539032,-429.325775,-0.667786,-4.041116,-469.161621,2.987193,7.635169,807.120178,-2.001716,-1.642770,-251.188553,7.565722,2.866745,261.436798,5.577353,4.904747,468.692383,1,1
463,4762,-0.089127,0.939476,-0.324422,0.461582,-0.026525,-0.885974,-0.035888,-0.089127,0.939476,-0.324422,0.461582,-0.026525,-0.885974,-0.035888,-0.093726,0.857413,-0.232003,0.515039,-0.029244,-0.853368,-0.075115,-0.005266,0.855270,-0.358679,0.409662,-0.053180,-0.910227,-0.028893,-0.146086,0.457425,-0.274157,0.489944,0.031637,-0.871021,0.016633,-0.055993,0.453360,-0.361921,0.429472,-0.027743,-0.902011,0.034060,-0.111480,0.050886,-0.268432,0.462802,0.024333,-0.886086,0.008612,-0.059923,0.047497,-0.319920,0.461572,0.014008,-0.886991,0.001262,-0.000426,1.011782,-0.263705,0.464867,-0.022894,-0.884578,-0.029933,0.010161,1.195369,-0.257652,0.454010,-0.005694,-0.890691,-0.022609,0.013842,1.315238,-0.253440,0.454010,-0.005694,-0.890691,-0.022609,0.018443,1.465075,-0.248174,0.454010,-0.005694,-0.890691,-0.022609,0.013351,1.299256,-0.254001,0.482326,0.191997,-0.847565,-0.110150,0.013351,1.299256,-0.254001,0.403894,-0.189777,-0.890995,0.083560,-0.084505,1.384421,-0.097609,0.417595,-0.079394,-0.905142,-0.005322,0.126505,1.382775,-0.396146,0.436827,0.068198,-0.894781,-0.062429,-0.156673,1.108612,-0.110231,0.399503,0.032284,-0.802854,-0.441340,0.109124,1.105838,-0.466907,0.411234,-0.354422,-0.812001,-0.214306,-0.242702,0.970873,-0.282018,0.449147,-0.027219,-0.826259,-0.338853,-0.071601,0.956101,-0.495208,0.422810,-0.271281,-0.848598,-0.165893,0.000000,0.000000,0.000000,2.248322,0.000000,-501.997681,-4.596154,0.000000,223.407043,-125.052315,0.000000,-174.157410,0.920008,0.000000,340.845825,2.740023,0.000000,-426.265961,-6.712765,0.000000,275.912109,7.703413,0.000000,-31.047398,1.385335,0.000000,13.218986,-6.061453,0.000000,-53.182056,4.185095,0.000000,-516.455811,1.216320,0.000000,-430.191010,-7.314559,0.000000,39.506844,12.434012,0.000000,-1309.018066,1.154659,0.000000,-676.974854,-0.421222,0.000000,256.679321,50.887409,0.000000,968.791870,75.043358,0.000000,1132.635376,-6.685121,0.000000,-209.396271,9.820310,0.000000,-47.978062,52.513920,0.000000,251.110672,-72.686951,0.000000,-699.832153,-12.819451,0.000000,-617.969177,7.759302,0.000000,520.335266,-0.033160,0.000000,59.080437,0.404427,0.000000,-20.092283,0.800771,0.000000,14.995351,-0.727648,0.000000,59.460415,-0.321615,0.000000,-19.073854,0.832656,0.000000,15.565641,-0.683766,0.000000,59.641438,-1.054292,0.000000,-18.025621,0.831787,0.000000,16.871058,1.897081,0.000000,431.175598,-5.810738,0.000000,-112.339302,2.356831,0.000000,195.223602,-5.842378,0.000000,-586.003418,-5.235291,0.000000,393.225830,-0.667786,0.000000,449.012848,2.987193,0.000000,-848.352112,-2.001716,0.000000,182.530029,7.565722,0.000000,-318.527222,5.577353,0.000000,-544.971924,1,1
464,4774,-0.089103,0.939528,-0.323804,0.461614,-0.026313,-0.885917,-0.037025,-0.089103,0.939528,-0.323804,0.461614,-0.026313,-0.885917,-0.037025,-0.093753,0.857264,-0.231566,0.515093,-0.029415,-0.853303,-0.075419,-0.005300,0.855342,-0.358249,0.409629,-0.053085,-0.910238,-0.029197,-0.146367,0.457318,-0.273861,0.489889,0.031786,-0.871043,0.016783,-0.056059,0.453437,-0.361750,0.429476,-0.027586,-0.902020,0.033914,-0.111597,0.050793,-0.268086,0.462883,0.024099,-0.886050,0.008623,-0.059926,0.047557,-0.319911,0.461590,0.014142,-0.886980,0.001162,-0.000351,1.011639,-0.262929,0.464927,-0.022696,-0.884507,-0.031220,0.010411,1.195200,-0.256398,0.454109,-0.005549,-0.890600,-0.024206,0.014235,1.315052,-0.251829,0.454109,-0.005549,-0.890600,-0.024206,0.019015,1.464867,-0.246118,0.454109,-0.005549,-0.890600,-0.024206,0.013725,1.299072,-0.252438,0.482236,0.191832,-0.847473,-0.111530,0.013725,1.299072,-0.252438,0.404036,-0.189905,-0.891029,0.082211,-0.083872,1.384160,-0.095774,0.418205,-0.080364,-0.904769,-0.006199,0.127019,1.382716,-0.394359,0.436687,0.068019,-0.894830,-0.062905,-0.156752,1.108470,-0.108598,0.399297,0.032153,-0.803047,-0.441185,0.109430,1.105809,-0.465316,0.411236,-0.354631,-0.811947,-0.214159,-0.242754,0.970667,-0.280347,0.448712,-0.026399,-0.826887,-0.337962,-0.071340,0.956107,-0.493515,0.422724,-0.271454,-0.848562,-0.166012,0.000000,0.000000,0.000000,2.375256,10.577798,881.483154,-4.634787,-3.219445,-268.287140,-125.051903,0.034332,2.861023,0.840695,-6.609415,-550.784607,2.793918,4.491270,374.272461,-6.727649,-1.240373,-103.364388,7.722170,1.563112,130.259323,1.382385,-0.245800,-20.483301,-6.056553,0.408292,34.024319,4.120497,-5.383173,-448.597778,1.131367,-7.079453,-589.954407,-7.307489,0.589212,49.100983,12.497207,5.266190,438.849121,1.191167,3.042320,253.526688,-0.452978,-2.646352,-220.529312,50.846462,-3.412247,-284.353882,75.029663,-1.141230,-95.102516,-6.704440,-1.609921,-134.160126,9.793310,-2.249956,-187.496338,52.384693,-10.768890,-897.407532,-72.710197,-1.937230,-161.435867,-12.753632,5.484978,457.081512,7.898075,11.564414,963.701172,-0.039034,-0.489432,-40.785976,0.409002,0.381174,31.764513,0.784456,-1.359627,-113.302223,-0.733724,-0.506322,-42.193466,-0.317348,0.355552,29.629303,0.816260,-1.366342,-113.861839,-0.689835,-0.505760,-42.146694,-1.050325,0.330607,27.550591,0.815242,-1.378755,-114.896233,1.929204,2.676944,223.078674,-5.846397,-2.971609,-247.634109,2.307872,-4.079898,-339.991547,-5.856921,-1.211961,-100.996765,-5.205415,2.489646,207.470520,-0.653562,1.185313,98.776070,2.903783,-6.950875,-579.239563,-2.049191,-3.956298,-329.691498,7.542981,-1.895110,-157.925812,5.577261,-0.007629,-0.635783,1,1
465,4790,-0.089084,0.939527,-0.324006,0.461497,-0.026380,-0.885979,-0.036952,-0.089084,0.939527,-0.324006,0.461497,-0.026380,-0.885979,-0.036952,-0.093763,0.857282,-0.231752,0.514982,-0.029499,-0.853375,-0.075326,-0.005277,0.855329,-0.358413,0.409516,-0.053146,-0.910289,-0.029101,-0.146391,0.457327,-0.273955,0.489787,0.031695,-0.871102,0.016889,-0.056050,0.453425,-0.361829,0.429366,-0.027658,-0.902066,0.034006,-0.111645,0.050803,-0.268064,0.462782,0.024003,-0.886104,0.008719,-0.059943,0.047554,-0.319898,0.461490,0.014074,-0.887033,0.001249,-0.000344,1.011646,-0.263123,0.464816,-0.022740,-0.884567,-0.031130,0.010410,1.195208,-0.256629,0.454012,-0.005544,-0.890653,-0.024081,0.014219,1.315061,-0.252085,0.454012,-0.005544,-0.890653,-0.024081,0.018980,1.464878,-0.246406,0.454012,-0.005544,-0.890653,-0.024081,0.013711,1.299081,-0.252691,0.482165,0.191857,-0.847525,-0.111395,0.013711,1.299081,-0.252691,0.403928,-0.189902,-0.891070,0.082306,-0.083934,1.384180,-0.096065,0.418093,-0.080311,-0.904827,-0.006119,0.127018,1.382712,-0.394610,0.436651,0.068048,-0.894854,-0.062787,-0.156764,1.108476,-0.108874,0.399231,0.032253,-0.803119,-0.441106,0.109476,1.105791,-0.465517,0.411201,-0.354603,-0.811996,-0.214086,-0.242700,0.970642,-0.280631,0.448628,-0.026315,-0.826960,-0.337901,-0.071274,0.956063,-0.493705,0.422686,-0.271430,-0.848601,-0.165946,0.000000,0.000000,0.000000,2.364848,-0.650495,-701.768311,-4.637486,-0.168651,190.674637,-125.066788,-0.930309,-60.290100,0.838318,-0.148568,403.802917,2.794925,0.062913,-276.772308,-6.726427,0.076413,82.299110,7.721537,-0.039607,-100.169952,1.383007,0.038892,17.793226,-6.057340,-0.049144,-28.589741,4.118641,-0.115991,329.198914,1.128356,-0.188209,430.702728,-7.307725,-0.014782,-37.749607,12.497495,0.018001,-328.011810,1.192814,0.102974,-183.709122,-0.453271,-0.018321,164.251923,50.847900,0.089884,218.883163,75.032684,0.188828,83.128609,-6.704755,-0.019670,99.390747,9.791723,-0.099182,134.423370,52.385681,0.061750,676.915039,-72.710640,-0.027657,119.348366,-12.753013,0.038683,-340.393433,7.896300,-0.110894,-729.706787,-0.040605,-0.098236,24.449755,0.409818,0.051016,-20.634886,0.787436,0.186261,96.617966,-0.735285,-0.097606,25.544704,-0.316515,0.052061,-18.968168,0.819221,0.185061,96.962708,-0.691425,-0.099372,25.399261,-1.049479,0.052869,-17.358610,0.818163,0.182580,97.583435,1.928410,-0.049658,-170.412628,-5.844420,0.123560,193.448105,2.310017,0.134021,263.369965,-5.856534,0.024229,77.261902,-5.206336,-0.057518,-159.197800,-0.651163,0.149939,-64.710854,2.903722,-0.003800,434.192169,-2.047040,0.134438,255.671021,7.543278,0.018597,119.606651,5.577857,0.037253,2.805144,1,1
466,4810,-0.089338,0.939427,-0.324755,0.460714,-0.026734,-0.886385,-0.036725,-0.089338,0.939427,-0.324755,0.460714,-0.026734,-0.886385,-0.036725,-0.094214,0.857258,-0.232444,0.514974,-0.029578,-0.853401,-0.075059,-0.005511,0.855164,-0.358950,0.409101,-0.053087,-0.910496,-0.028552,-0.146782,0.457275,-0.274428,0.489835,0.031505,-0.871080,0.016991,-0.056054,0.453230,-0.362004,0.428899,-0.027711,-0.902272,0.034381,-0.112130,0.050745,-0.268390,0.462664,0.022478,-0.886205,0.008834,-0.059880,0.047389,-0.319779,0.461655,0.014620,-0.886939,-0.000471,-0.000670,1.011554,-0.263776,0.464236,-0.022979,-0.884874,-0.030888,0.010093,1.195120,-0.257388,0.453831,-0.005543,-0.890752,-0.023808,0.013871,1.314976,-0.252902,0.453831,-0.005543,-0.890752,-0.023808,0.018594,1.464797,-0.247294,0.453831,-0.005543,-0.890752,-0.023808,0.013367,1.298995,-0.253500,0.482008,0.192416,-0.847498,-0.111321,0.013367,1.298995,-0.253500,0.403479,-0.190196,-0.891169,0.082752,-0.084403,1.383745,-0.096866,0.418153,-0.078796,-0.904926,-0.006966,0.126874,1.382336,-0.395356,0.435599,0.066932,-0.895489,-0.062234,-0.156648,1.107957,-0.110477,0.399106,0.032369,-0.803040,-0.441355,0.108996,1.105377,-0.465738,0.410745,-0.354861,-0.811824,-0.215185,-0.242562,0.970231,-0.282331,0.448740,-0.026642,-0.826822,-0.338066,-0.071963,0.955983,-0.494354,0.422462,-0.271451,-0.848649,-0.166241,0.000000,0.000000,0.000000,2.327238,-1.880479,-61.499176,-4.659410,-1.096225,-46.378670,-125.166824,-5.001831,-203.576080,0.781013,-2.865216,-135.832382,2.776789,-0.906765,-48.483910,-6.676101,2.516294,121.994019,7.698830,-1.135349,-54.787098,1.579549,9.827084,489.409576,-6.232547,-8.760357,-435.560638,4.099868,-0.938678,-41.134357,1.143790,0.771743,47.997608,-7.409205,-5.074000,-252.960907,12.474151,-1.167202,-59.260132,1.271372,3.927898,191.246201,-0.590558,-6.864332,-342.300537,50.864101,0.810051,36.008358,75.208618,8.796692,430.393219,-6.693025,0.586510,30.308964,9.892679,5.047798,257.349030,52.312160,-3.676033,-186.889175,-72.868057,-7.870865,-392.160431,-12.809380,-2.818346,-142.851471,7.880023,-0.813890,-35.149754,-0.050753,-0.507401,-20.458246,0.435832,1.300727,62.485542,0.795419,0.399163,10.645128,-0.745734,-0.522432,-21.241270,-0.290546,1.298448,62.319374,0.826818,0.379875,9.740703,-0.702287,-0.543088,-22.185780,-1.023577,1.295072,62.110126,0.825253,0.354481,8.595027,1.969540,2.056497,105.307762,-5.868550,-1.206517,-66.503883,2.380247,3.511524,168.875153,-5.861322,-0.239444,-13.183653,-5.161787,2.227449,114.248398,-0.702862,-2.584952,-136.744568,2.939259,1.776838,89.031906,-1.975677,3.568166,171.686401,7.534249,-0.451446,-23.502111,5.594234,0.818825,39.078590,1,1
467,4814,-0.089254,0.939426,-0.324835,0.460687,-0.026760,-0.886397,-0.036763,-0.089254,0.939426,-0.324835,0.460687,-0.026760,-0.886397,-0.036763,-0.094142,0.857254,-0.232528,0.514966,-0.029543,-0.853402,-0.075113,-0.005431,0.855158,-0.359029,0.409090,-0.053155,-0.910497,-0.028550,-0.146708,0.457276,-0.274564,0.489815,0.031556,-0.871090,0.016964,-0.056025,0.453230,-0.362059,0.428904,-0.027765,-0.902267,0.034420,-0.112031,0.050747,-0.268566,0.462637,0.022546,-0.886217,0.008800,-0.059876,0.047394,-0.319786,0.461654,0.014544,-0.886941,-0.000419,-0.000584,1.011544,-0.263849,0.464195,-0.023008,-0.884893,-0.030950,0.010202,1.195107,-0.257440,0.453760,-0.005581,-0.890786,-0.023918,0.014000,1.314962,-0.252935,0.453760,-0.005581,-0.890786,-0.023918,0.018747,1.464781,-0.247302,0.453760,-0.005581,-0.890786,-0.023918,0.013494,1.298982,-0.253535,0.481842,0.192391,-0.847582,-0.111436,0.013494,1.298982,-0.253535,0.403436,-0.190253,-0.891187,0.082634,-0.084321,1.383716,-0.096923,0.417906,-0.078848,-0.905033,-0.007193,0.127031,1.382323,-0.395366,0.435570,0.066895,-0.895501,-0.062304,-0.156635,1.107948,-0.110664,0.398871,0.032462,-0.803086,-0.441476,0.109119,1.105370,-0.465776,0.410723,-0.354872,-0.811820,-0.215223,-0.242487,0.970276,-0.282594,0.448510,-0.026553,-0.826895,-0.338199,-0.071848,0.955989,-0.494407,0.422449,-0.271464,-0.848648,-0.166252,0.000000,0.000000,0.000000,2.329792,0.638425,629.726074,-4.663970,-1.139998,-10.943413,-125.170418,-0.898361,1025.867432,0.779446,-0.391841,618.343750,2.783087,1.574516,620.320435,-6.674290,0.452638,-515.913940,7.703441,1.152754,572.025757,1.578864,-0.171334,-2499.604248,-6.229658,0.722170,2370.631592,4.098776,-0.272870,166.451935,1.150281,1.622766,212.755798,-7.412307,-0.775456,1074.635986,12.477819,0.917196,521.099548,1.270693,-0.169873,-1024.442871,-0.588575,0.495836,1840.041992,50.859314,-1.196861,-501.728058,75.208000,-0.154495,-2237.796875,-6.691664,0.340223,-61.571598,9.895576,0.724316,-1080.870605,52.304913,-1.811981,466.012939,-72.864029,1.007080,2219.486328,-12.808146,0.308514,781.714905,7.882080,0.514269,332.039581,-0.051805,-0.263010,61.097607,0.434090,-0.435561,-434.071930,0.792706,-0.678211,-269.343689,-0.746782,-0.262067,65.091255,-0.292338,-0.448033,-436.620422,0.824123,-0.673771,-263.411560,-0.703295,-0.252128,72.740021,-1.025417,-0.459939,-438.752777,0.822562,-0.672594,-256.768616,1.970297,0.189364,-466.783356,-5.867821,0.182390,347.226868,2.381552,0.326157,-796.341919,-5.851508,2.453685,673.282166,-5.161267,0.129938,-524.377808,-0.699621,0.810370,848.830444,2.935768,-0.872791,-662.407288,-1.974346,0.332832,-808.833496,7.541101,1.712918,541.090942,5.601808,1.893520,268.673889,1,1
468,4823,-0.089120,0.939429,-0.324560,0.460749,-0.026757,-0.886361,-0.036863,-0.089120,0.939429,-0.324560,0.460749,-0.026757,-0.886361,-0.036863,-0.094001,0.857240,-0.232268,0.515039,-0.029488,-0.853352,-0.075206,-0.005308,0.855159,-0.358782,0.409287,-0.053142,-0.910404,-0.028724,-0.146573,0.457270,-0.274387,0.489874,0.031640,-0.871055,0.016898,-0.055950,0.453238,-0.361933,0.429095,-0.027739,-0.902184,0.034230,-0.111861,0.050743,-0.268472,0.462688,0.022640,-0.886189,0.008736,-0.059839,0.047388,-0.319809,0.461817,0.014557,-0.886856,-0.000595,-0.000434,1.011527,-0.263573,0.464235,-0.023040,-0.884868,-0.031051,0.010386,1.195088,-0.257141,0.453757,-0.005681,-0.890784,-0.024017,0.014216,1.314941,-0.252625,0.453757,-0.005681,-0.890784,-0.024017,0.019003,1.464759,-0.246980,0.453757,-0.005681,-0.890784,-0.024017,0.013705,1.298961,-0.253227,0.481724,0.192231,-0.847672,-0.111536,0.013705,1.298961,-0.253227,0.403445,-0.190340,-0.891174,0.082536,-0.084123,1.383746,-0.096642,0.417676,-0.079163,-0.905111,-0.007350,0.127261,1.382297,-0.395050,0.435590,0.066883,-0.895489,-0.062357,-0.156620,1.108030,-0.110415,0.398488,0.032211,-0.803223,-0.441591,0.109327,1.105347,-0.465483,0.410742,-0.354850,-0.811823,-0.215212,-0.242502,0.970412,-0.282372,0.448159,-0.026873,-0.826990,-0.338405,-0.071632,0.955957,-0.494112,0.422477,-0.271428,-0.848654,-0.166212,0.000000,0.000000,0.000000,2.339886,1.121601,53.686131,-4.669214,-0.582642,61.928493,-125.162743,0.852797,194.573105,0.785413,0.663062,117.211426,2.777991,-0.566297,-237.868134,-6.657654,1.848433,155.088348,7.702099,-0.149091,-144.649445,1.577175,-0.187675,-1.815735,-6.227116,0.282447,-48.858147,4.095784,-0.332461,-6.621268,1.154944,0.518097,-122.741051,-7.414564,-0.250763,58.299229,12.482586,0.529607,-43.065460,1.269553,-0.126574,4.811052,-0.587519,0.117269,-42.063034,50.851452,-0.873566,35.921734,75.207367,-0.070360,9.348362,-6.691348,0.035074,-33.905476,9.899500,0.435935,-32.042278,52.303112,-0.200060,179.102386,-72.872490,-0.940111,-216.354553,-12.808041,0.011656,-32.984180,7.874182,-0.877539,-154.645355,-0.048431,0.374973,70.887047,0.431179,-0.323421,12.459948,0.790888,-0.202020,52.910164,-0.743381,0.377867,71.103745,-0.295226,-0.320858,14.130533,0.822360,-0.195920,53.094494,-0.699845,0.383417,70.616051,-1.028277,-0.317785,15.794863,0.820896,-0.185139,54.161674,1.968271,-0.225133,-46.055256,-5.869308,-0.165304,-38.632641,2.374731,-0.757853,-120.445541,-5.837619,1.543204,-101.164536,-5.163635,-0.263108,-43.671806,-0.696206,0.379344,-47.891777,2.927916,-0.872374,0.046359,-1.980827,-0.720143,-116.997299,7.548292,0.798967,-101.550133,5.614922,1.457108,-48.490219,1,1
469,4833,-0.089045,0.939434,-0.324402,0.460742,-0.026777,-0.886362,-0.036918,-0.089045,0.939434,-0.324402,0.460742,-0.026777,-0.886362,-0.036918,-0.093935,0.857238,-0.232116,0.515031,-0.029465,-0.853354,-0.075243,-0.005240,0.855160,-0.358628,0.409411,-0.053139,-0.910345,-0.028834,-0.146506,0.457272,-0.274272,0.489849,0.031695,-0.871067,0.016909,-0.055916,0.453244,-0.361855,0.429218,-0.027724,-0.902130,0.034119,-0.111751,0.050748,-0.268370,0.462639,0.022698,-0.886213,0.008752,-0.059827,0.047384,-0.319817,0.461866,0.014542,-0.886830,-0.000642,-0.000354,1.011520,-0.263407,0.464228,-0.023074,-0.884869,-0.031081,0.010482,1.195079,-0.256977,0.453751,-0.005744,-0.890787,-0.023994,0.014323,1.314933,-0.252473,0.453751,-0.005744,-0.890787,-0.023994,0.019124,1.464751,-0.246843,0.453751,-0.005744,-0.890787,-0.023994,0.013811,1.298953,-0.253074,0.481665,0.192203,-0.847711,-0.111546,0.013811,1.298953,-0.253074,0.403330,-0.190497,-0.891182,0.082642,-0.084030,1.383729,-0.096502,0.417612,-0.079161,-0.905139,-0.007546,0.127421,1.382185,-0.394893,0.435407,0.066565,-0.895624,-0.062025,-0.156572,1.108027,-0.110379,0.398471,0.032187,-0.803177,-0.441693,0.109436,1.105166,-0.465104,0.410171,-0.355119,-0.812101,-0.214806,-0.242478,0.970453,-0.282358,0.448147,-0.026932,-0.826914,-0.338604,-0.071525,0.955762,-0.493658,0.422011,-0.271804,-0.848875,-0.165650,0.000000,0.000000,0.000000,2.344462,0.457549,-66.405136,-4.674146,-0.493240,8.940166,-125.163780,-0.103760,-95.655655,0.788878,0.346410,-31.665165,2.772968,-0.502276,6.402069,-6.641100,1.655388,-19.304491,7.702383,0.028372,17.746288,1.571008,-0.616610,-42.893486,-6.220173,0.694275,41.182838,4.092031,-0.375319,-4.285705,1.158206,0.326204,-19.189251,-7.414597,-0.003242,24.752087,12.489319,0.673294,14.368695,1.268701,-0.085282,4.129145,-0.587860,-0.034124,-15.139249,50.837688,-1.376343,-50.277710,75.178642,-2.872467,-280.210724,-6.676708,1.463985,142.891144,9.906605,0.710487,27.455221,52.293686,-0.942612,-74.255203,-72.869934,0.255585,119.569565,-12.806815,0.122547,11.089113,7.861929,-1.225281,-34.774143,-0.045655,0.277619,-9.735417,0.431011,-0.016788,30.663376,0.792719,0.183070,38.508968,-0.740589,0.279194,-9.867284,-0.295332,-0.010574,31.028454,0.824206,0.184679,38.059948,-0.697061,0.278354,-10.506311,-1.028321,-0.004351,31.343433,0.822794,0.189734,37.487217,1.982642,1.437092,166.222519,-5.881876,-1.256752,-109.144852,2.379971,0.523973,128.182587,-5.830270,0.734854,-80.835022,-5.149232,1.440239,170.334702,-0.701812,-0.560576,-93.991959,2.914344,-1.357245,-48.487186,-1.974851,0.597620,131.776337,7.548285,-0.000668,-79.963470,5.629056,1.413441,-4.366767,1,1
470,4843,-0.089111,0.939435,-0.324106,0.460530,-0.026958,-0.886461,-0.037046,-0.089111,0.939435,-0.324106,0.460530,-0.026958,-0.886461,-0.037046,-0.094081,0.857238,-0.231826,0.515031,-0.029519,-0.853348,-0.075291,-0.005329,0.855125,-0.358298,0.409652,-0.053077,-0.910234,-0.029015,-0.146712,0.457278,-0.273995,0.489810,0.031754,-0.871084,0.017023,-0.056021,0.453212,-0.361665,0.429463,-0.027628,-0.902022,0.033969,-0.111870,0.050763,-0.268033,0.462531,0.022694,-0.886269,0.008830,-0.059900,0.047337,-0.319771,0.461522,0.014452,-0.887011,-0.000275,-0.000416,1.011479,-0.263068,0.464239,-0.023159,-0.884858,-0.031187,0.010447,1.195036,-0.256614,0.454205,-0.005638,-0.890554,-0.024071,0.014276,1.314889,-0.252083,0.454205,-0.005638,-0.890554,-0.024071,0.019062,1.464706,-0.246421,0.454205,-0.005638,-0.890554,-0.024071,0.013766,1.298909,-0.252687,0.481711,0.192276,-0.847632,-0.111822,0.013766,1.298909,-0.252687,0.403765,-0.190182,-0.891059,0.082574,-0.084096,1.383589,-0.096090,0.417219,-0.079083,-0.905321,-0.008197,0.127236,1.382310,-0.394554,0.435650,0.067140,-0.895438,-0.062387,-0.156732,1.107909,-0.110366,0.398114,0.032782,-0.803158,-0.442005,0.109467,1.105311,-0.465124,0.409770,-0.353724,-0.812884,-0.214911,-0.242402,0.970475,-0.282576,0.448180,-0.027054,-0.826898,-0.338591,-0.071053,0.955463,-0.494138,0.421945,-0.272042,-0.848897,-0.165315,0.000000,0.000000,0.000000,2.349073,0.461149,0.360012,-4.698694,-2.454805,-196.156509,-125.191292,-2.751160,-264.739990,0.778092,-1.078582,-142.499207,2.747807,-2.516150,-201.387405,-6.582749,5.835104,417.971619,7.706787,0.440454,41.208267,1.522988,-4.802012,-418.540222,-6.171286,4.888773,419.449799,4.077467,-1.456404,-108.108521,1.163188,0.498188,17.198324,-7.442619,-2.802229,-279.898621,12.511721,2.240181,156.688690,1.275913,0.721228,80.651047,-0.593236,-0.537598,-50.347450,50.731396,-10.629272,-925.292969,75.114021,-6.462097,-358.963013,-6.467128,20.958042,1949.405640,9.863514,-4.309082,-501.956940,52.266857,-2.682877,-174.026489,-72.851128,1.880646,162.506104,-12.907317,-10.050201,-1017.274902,7.858334,-0.359535,86.574554,-0.052774,-0.711968,-98.958725,0.459818,2.880609,289.739655,0.800065,0.734675,55.160522,-0.748051,-0.746185,-102.537865,-0.266533,2.879906,289.047943,0.831138,0.693202,50.852299,-0.704972,-0.791055,-106.940872,-0.999549,2.877140,288.149109,0.829228,0.643486,45.375229,1.961253,-2.138937,-357.602844,-5.887722,-0.584555,67.219734,2.387412,0.744128,22.015572,-5.781802,4.846859,411.200531,-5.170077,-2.084446,-352.468475,-0.711643,-0.983077,-42.250149,2.917555,0.321150,167.839523,-1.966936,0.791454,19.383430,7.579704,3.141880,314.254761,5.670285,4.122925,270.948425,1,1
471,4853,-0.089026,0.939427,-0.324300,0.460464,-0.027030,-0.886495,-0.037008,-0.089026,0.939427,-0.324300,0.460464,-0.027030,-0.886495,-0.037008,-0.094016,0.857243,-0.232009,0.515065,-0.029588,-0.853330,-0.075234,-0.005247,0.855104,-0.358468,0.409648,-0.053148,-0.910235,-0.028928,-0.146673,0.457280,-0.274107,0.489860,0.031672,-0.871059,0.017052,-0.055961,0.453193,-0.361747,0.429454,-0.027713,-0.902022,0.034021,-0.111877,0.050761,-0.268094,0.462607,0.022589,-0.886232,0.008840,-0.059885,0.047326,-0.319785,0.461563,0.014353,-0.886991,-0.000259,-0.000333,1.011470,-0.263260,0.464127,-0.023228,-0.884914,-0.031217,0.010563,1.195025,-0.256793,0.453996,-0.005701,-0.890656,-0.024236,0.014423,1.314876,-0.252233,0.453996,-0.005701,-0.890656,-0.024236,0.019247,1.464690,-0.246534,0.453996,-0.005701,-0.890656,-0.024236,0.013908,1.298896,-0.252841,0.481585,0.192177,-0.847718,-0.111885,0.013908,1.298896,-0.252841,0.403714,-0.190059,-0.891141,0.082218,-0.083949,1.383623,-0.096252,0.417246,-0.079320,-0.905289,-0.008098,0.127437,1.382463,-0.394607,0.435372,0.067586,-0.895481,-0.063230,-0.156683,1.107964,-0.110420,0.398058,0.032587,-0.803226,-0.441946,0.109711,1.105567,-0.465731,0.409765,-0.353022,-0.813070,-0.215371,-0.242401,0.970505,-0.282586,0.448114,-0.027251,-0.826927,-0.338591,-0.070653,0.955595,-0.495073,0.421807,-0.270775,-0.849314,-0.165608,0.000000,0.000000,0.000000,2.341671,-0.740242,-120.139122,-4.703876,-0.518227,193.657867,-125.199623,-0.833130,191.802979,0.773231,-0.486112,59.247017,2.750946,0.313926,283.007629,-6.574669,0.808048,-502.705566,7.702616,-0.417137,-85.759163,1.527090,0.410128,521.213989,-6.171997,-0.071144,-495.991699,4.074863,-0.260353,119.605064,1.161334,-0.185466,-68.365341,-7.455685,-1.306629,149.559967,12.507918,-0.380230,-262.041077,1.279517,0.360370,-36.085842,-0.594243,-0.100625,43.697357,50.673286,-5.810928,481.834412,75.098289,-1.573181,488.891602,-6.523345,-5.621672,-2657.971191,9.908341,4.482746,879.182800,52.269688,0.283051,296.592712,-72.850113,0.101471,-177.917480,-12.903079,0.423813,1047.401489,7.852901,-0.543213,-18.367767,-0.057151,-0.437691,27.427673,0.454158,-0.565988,-344.659698,0.793241,-0.682402,-141.707657,-0.752403,-0.435209,31.097530,-0.272344,-0.581092,-346.099731,0.824370,-0.676823,-137.002472,-0.709207,-0.423551,36.750435,-1.005506,-0.595689,-347.282898,0.822461,-0.676757,-132.024292,1.930570,-3.068244,-92.930794,-5.874210,1.351118,193.567276,2.377491,-0.992107,-173.623566,-5.794792,-1.299047,-614.590637,-5.199399,-2.932167,-84.772110,-0.722784,-1.114124,-13.104683,2.957043,3.948807,362.765778,-1.976942,-1.000583,-179.203751,7.570814,-0.888968,-403.084778,5.658655,-1.163054,-528.597839,1,1
472,4862,-0.089026,0.939427,-0.324300,0.460464,-0.027030,-0.886495,-0.037008,-0.089026,0.939427,-0.324300,0.460464,-0.027030,-0.886495,-0.037008,-0.094016,0.857243,-0.232009,0.515065,-0.029588,-0.853330,-0.075234,-0.005247,0.855104,-0.358468,0.409648,-0.053148,-0.910235,-0.028928,-0.146673,0.457280,-0.274107,0.489860,0.031672,-0.871059,0.017052,-0.055961,0.453193,-0.361747,0.429454,-0.027713,-0.902022,0.034021,-0.111877,0.050761,-0.268094,0.462607,0.022589,-0.886232,0.008840,-0.059885,0.047326,-0.319785,0.461563,0.014353,-0.886991,-0.000259,-0.000333,1.011470,-0.263260,0.464127,-0.023228,-0.884914,-0.031217,0.010563,1.195025,-0.256793,0.453996,-0.005701,-0.890656,-0.024236,0.014423,1.314876,-0.252233,0.453996,-0.005701,-0.890656,-0.024236,0.019247,1.464690,-0.246534,0.453996,-0.005701,-0.890656,-0.024236,0.013908,1.298896,-0.252841,0.481585,0.192177,-0.847718,-0.111885,0.013908,1.298896,-0.252841,0.403714,-0.190059,-0.891141,0.082218,-0.083949,1.383623,-0.096252,0.417246,-0.079320,-0.905289,-0.008098,0.127437,1.382463,-0.394607,0.435372,0.067586,-0.895481,-0.063230,-0.156683,1.107964,-0.110420,0.398058,0.032587,-0.803226,-0.441946,0.109711,1.105567,-0.465731,0.409765,-0.353022,-0.813070,-0.215371,-0.242401,0.970505,-0.282586,0.448114,-0.027251,-0.826927,-0.338591,-0.070653,0.955595,-0.495073,0.421807,-0.270775,-0.849314,-0.165608,0.000000,0.000000,0.000000,2.341671,0.000000,82.249115,-4.703876,0.000000,57.580734,-125.199623,0.000000,92.569984,0.773231,0.000000,54.012405,2.750946,0.000000,-34.880638,-6.574669,0.000000,-89.783134,7.702616,0.000000,46.348572,1.527090,0.000000,-45.569736,-6.171997,0.000000,7.904901,4.074863,0.000000,28.928122,1.161334,0.000000,20.607313,-7.455685,0.000000,145.181015,12.507918,0.000000,42.247772,1.279517,0.000000,-40.041077,-0.594243,0.000000,11.180507,50.673286,0.000000,645.658691,75.098289,0.000000,174.797913,-6.523345,0.000000,624.630188,9.908341,0.000000,-498.082886,52.269688,0.000000,-31.450060,-72.850113,0.000000,-11.274549,-12.903079,0.000000,-47.090317,7.852901,0.000000,60.356987,-0.057151,0.000000,48.632381,0.454158,0.000000,62.887539,0.793241,0.000000,75.822411,-0.752403,0.000000,48.356586,-0.272344,0.000000,64.565735,0.824370,0.000000,75.202515,-0.709207,0.000000,47.061176,-1.005506,0.000000,66.187653,0.822461,0.000000,75.195229,1.930570,0.000000,340.916046,-5.874210,0.000000,-150.124222,2.377491,0.000000,110.234161,-5.794792,0.000000,144.338608,-5.199399,0.000000,325.796326,-0.722784,0.000000,123.791557,2.957043,0.000000,-438.756378,-1.976942,0.000000,111.175911,7.570814,0.000000,98.774170,5.658655,0.000000,129.228165,1,1